7.156924
7.156924
7.156924
7.156924
7.156924
7.156924
7.156924
7.156924
7.156924
7.156924
7.156924
7.156924
7.156924
7.156924
7.156924
7.156924
7.156924
7.156924
7.156924
1507.548584
7.156924
7.156924
7.156924
7.156924
7.156924
7.156924
7.156924
7.156924
7.156924
7.156924
7.156924
7.156924
7.156924
7.156924
7.156924
7.156924
7.156924
7.156924
7.156924
7.156924
7.156924
7.156833
7.156825
0.000017
7.156793
7.156779
7.156777
7.156777
7.156777
7.156815
7.156837
7.156856
7.156866
7.156875
7.156879
7.156875
7.156868
7.156864
7.156848
7.156830
7.156802
7.156770
7.156750
7.156735
7.156711
7.156688
7.156665
7.156629
7.156589
7.156559
7.156543
7.156525
7.156508
7.156502
7.156509
7.156514
7.156519
7.156524
7.156535
7.156545
7.156554
7.156567
7.156578
7.156587
7.156590
7.156588
7.156593
7.156606
7.156610
7.156601
7.156583
7.156561
7.156529
7.156495
7.156456
7.156411
7.156362
7.156311
7.156308
7.156222
7.156178
7.156137
7.156098
7.156056
7.156014
7.155967
7.155919
7.155877
7.155829
0.000000
0.000003
7.155708
7.155666
7.155625
7.155579
7.155533
7.155492
7.155447
7.155404
7.155360
7.155312
7.155265
7.155219
7.155174
7.155101
7.155011
7.154964
7.154918
7.154871
7.154827
7.154781
7.154734
7.154688
7.154645
7.154606
7.154563
7.154522
7.154485
7.154445
7.154404
7.154361
0.000030
7.154269
7.154224
7.154183
7.154144
7.154107
7.154067
7.154025
7.153983
7.153980
7.153899
7.153855
7.153814
7.153781
7.153741
7.153701
7.153657
7.153610
7.153570
7.153530
7.153488
7.153449
7.153403
7.153361
7.153320
7.153273
7.153232
7.153189
7.153139
7.153093
7.153048
7.153004
7.152962
7.152921
7.152878
7.152829
7.152786
7.152743
7.152705
7.152665
7.152626
7.152589
7.152540
7.152497
7.152447
7.152402
7.152368
7.152366
7.152286
7.152282
7.152204
7.152156
7.152108
7.152064
7.152023
7.151982
7.151941
7.151898
7.151853
7.151759
7.151702
7.151653
7.151609
7.151566
7.151524
7.151480
0.000017
7.151395
7.151350
7.151306
7.151259
7.151217
0.000000
0.000401
0.000388
0.000030
7.151000
7.150955
7.150913
0.000030
7.150837
7.150788
7.150745
7.150703
7.150663
7.150627
7.150607
7.150598
7.150580
7.150567
7.150520
7.150447
7.150374
7.150309
7.150252
7.150207
7.150162
0.000402
7.150070
7.150035
7.150008
7.149983
7.149944
7.149897
7.149850
7.149808
7.149761
7.149718
7.149655
7.149582
7.149523
7.149486
7.149469
7.149441
7.149395
7.149364
7.149315
7.149295
7.149294
7.149286
7.149264
7.149229
7.149190
7.149167
7.149161
7.149179
7.149217
7.149267
7.149311
7.149357
7.149403
7.149437
7.149441
7.149417
7.149376
7.149355
7.149378
7.149413
7.149428
7.149413
7.149382
7.149343
7.149293
7.149254
7.149235
7.149235
7.149281
7.149318
7.149333
7.149322
7.149292
7.149289
7.149218
7.149175
7.149130
7.149086
7.149036
7.148980
7.148920
7.148855
7.148794
7.148735
7.148675
7.148616
7.148562
7.148514
7.148459
7.148455
7.148340
7.148283
7.148233
7.148188
7.148142
7.148093
7.148046
7.147997
7.147945
7.147903
7.147866
7.147826
7.147796
7.147771
7.147757
7.147759
7.147773
7.147779
7.147787
7.147796
7.147807
7.147816
7.147819
7.147819
7.147819
7.147819
7.147819
7.147819
7.147819
7.147819
7.147819
7.147819
7.147819
7.147817
7.147817
7.147810
7.147809
7.147808
7.147820
7.147832
7.147831
7.147807
7.147748
7.147702
7.147660
7.147618
7.147575
7.147531
7.147484
7.147440
7.147395
7.147354
7.147313
7.147276
7.147239
7.147203
7.147170
7.147139
7.147106
7.147072
7.147043
7.147011
7.146976
0.007146
7.146935
0.000036
0.000000
7.146904
7.146869
7.146830
7.146795
7.146756
7.146719
7.146686
7.146655
7.146624
7.146591
7.146560
7.146520
7.146481
7.146466
7.146470
7.146478
7.146484
7.146477
7.146476
7.146454
7.146427
7.146391
7.146351
7.146311
7.146277
7.146234
7.146198
7.146167
7.146142
7.146104
7.146078
7.146071
7.146086
7.146110
7.146128
7.146123
7.146105
7.146104
7.146053
7.146044
7.146047
7.146052
7.146067
7.146081
7.146099
7.146121
7.146151
7.146176
7.146206
7.146244
0.000017
7.146377
7.146407
7.146440
7.146467
7.146501
7.146538
7.146566
7.146581
7.146573
7.146554
7.146516
7.146494
7.146495
7.146511
7.146537
7.146553
7.146550
7.146535
7.146504
7.146479
7.146473
7.146490
7.146526
7.146551
7.146556
7.146541
7.146514
7.146493
7.146487
7.146485
7.146469
7.146439
7.146404
7.146372
7.146360
7.146373
7.146407
7.146448
7.146474
7.146479
7.146461
7.146432
0.000538
0.000003
7.146387
7.146400
7.146413
7.146438
7.146475
7.146513
7.146552
7.146590
7.146632
7.146676
7.146723
7.146766
7.146813
7.146858
7.146906
7.146950
7.146954
7.147034
7.147081
7.147127
7.147166
7.147206
7.147244
7.147284
7.147321
7.147358
7.147395
7.147433
7.147470
7.147503
7.147545
7.147618
7.147656
7.147689
7.147720
7.147746
7.147747
7.147792
7.147812
7.147825
7.147841
7.147853
7.147857
7.147857
7.147857
7.147857
7.147857
7.147857
7.147857
7.147857
7.147857
7.147857
7.147857
7.147867
7.147857
7.147849
7.147848
7.147862
7.147875
7.147902
7.147936
7.147971
7.148012
7.148058
7.148103
7.148150
7.148197
0.000017
7.148287
7.148334
7.148384
7.148432
7.148478
7.148508
0.000000
7.148553
7.148576
7.148586
7.148596
7.148609
0.000017
7.148633
7.148650
7.148660
7.148667
7.148668
7.148668
7.148668
0.071468
0.000000
0.000000
0.000000
0.000000
0.000000
0.000000
0.000000
0.000000
0.000000
0.000000
0.000000
0.000000
0.000000
0.000000
0.000000
0.000000
0.000000
0.000000
0.000000
0.000000
0.000000
0.000000
0.000000
72.339104
0.000000
0.000000
0.000000
0.000000
0.000000
0.000000
0.000000
0.000000
7.149457
7.149456
7.149475
70.063713
7.149522
7.149552
7.149566
7.149568
7.149571
7.149573
7.149581
7.149554
2721.483154
7.149555
7.149581
7.149605
7.149605
7.149605
7.149581
7.149566
7.149550
7.149529
7.149510
7.149493
7.149481
7.149477
7.149484
7.149506
7.149529
7.149529
7.149529
0.000000
7.149529
7.149552
7.149556
7.149556
7.149556
7.149556
7.149556
7.149556
7.149556
7.149556
0.000027
7.149556
7.149556
7.149556
0.000017
7.149576
72.605400
7.149546
7.149546
7.149546
7.149546
7.149546
7.149544
7.149544
7.149544
7.149576
7.149593
7.149608
7.149658
7.149709
7.149722
7.149723
7.149725
7.149731
0.000030
7.149767
7.149788
7.149801
7.149805
7.149805
7.149817
7.149834
7.149834
7.149832
7.149834
7.149828
7.149825
7.149825
7.149825
7.149825
7.149780
7.149777
7.149758
7.149734
7.149733
7.149737
7.149761
7.149793
7.149831
7.149870
7.149912
7.149955
7.150002
7.150047
7.150093
7.150133
7.150168
0.000017
7.150238
7.150240
7.150295
7.150317
7.150342
7.150361
7.150373
7.150384
7.150410
7.150439
7.150445
7.150445
7.150445
7.150467
7.150515
7.150545
7.150563
7.150577
7.150602
7.150623
7.150652
7.150690
7.150722
7.150773
7.150813
7.150815
7.150877
7.150916
7.150959
7.151003
7.151046
72.941200
7.151135
7.151179
7.151225
7.151272
7.151276
7.151456
7.151499
7.151549
7.151597
7.151646
7.151694
7.151744
7.151794
7.151841
7.151892
7.151947
7.152000
0.000017
7.152096
7.152152
7.152201
7.152250
7.152302
7.152351
7.152405
7.152459
7.152509
7.152565
7.152622
7.152680
7.152738
7.152799
7.152858
7.152915
7.152971
7.153021
7.153069
7.153116
7.153163
7.153166
7.153258
7.153316
7.153366
7.153416
7.153471
7.153522
7.153580
7.153639
7.153696
7.153747
7.153801
7.153855
7.153913
7.153967
7.154022
7.154077
7.154136
7.154140
7.154250
7.154306
7.154363
7.154422
7.154481
7.154539
7.154596
7.154654
7.154712
7.154769
7.154824
7.154882
7.154938
7.154991
7.155047
7.155100
7.155157
0.000036
7.155269
7.155325
7.155382
7.155463
7.155573
7.155623
7.155675
7.155726
7.155778
7.155828
7.155880
7.155931
7.155981
7.156037
0.000714
7.156125
7.156178
7.156224
7.156252
7.156282
7.156311
7.156326
7.156334
7.156340
7.156349
7.156368
7.156388
7.156407
7.156426
7.156449
7.156469
7.156491
7.156509
7.156532
7.156534
7.156575
7.156601
7.156619
7.156635
7.156663
7.156700
7.156735
7.156760
7.156778
7.156796
7.156822
7.156843
7.156858
7.156871
7.156880
7.156889
7.156890
7.156895
7.156889
7.156877
7.156862
7.156850
7.156845
7.156837
7.156837
7.156842
7.156848
7.156858
7.156872
7.156886
0.000017
7.156909
7.156913
7.156913
7.156913
7.156913
7.156913
7.156913
