7.156913
7.156913
7.156913
0.000029
0.000017
7.156913
7.156913
7.156913
0.000021
7.156913
7.156913
7.156913
7.156913
7.156913
7.156913
7.156913
7.156913
7.156913
7.156913
0.000710
7.156913
7.156913
7.156913
7.156913
7.156913
7.156913
7.156913
7.156913
0.000011
7.156913
7.156913
7.156913
7.156913
0.000021
7.156913
7.156913
7.156913
7.156913
7.156913
7.156913
7.156913
7.156913
7.156837
0.008300
7.156800
7.156797
7.156797
7.156797
7.156816
7.156830
7.156853
7.156867
7.156883
7.156892
0.000000
7.156898
7.156893
7.156874
7.156851
7.156848
7.156783
7.156751
7.156724
7.156690
7.156660
7.156633
7.156602
7.156576
7.156541
7.156514
7.156498
7.156489
7.156486
7.156485
7.156485
7.156488
7.156495
3838.589600
7.156525
7.156542
7.156555
7.156563
7.156566
7.156571
7.156580
7.156587
7.156591
7.156595
7.156601
7.156595
7.156580
7.156563
7.156546
7.156512
7.156465
7.156420
7.156374
7.156331
7.156281
0.000017
7.156179
7.156138
7.156094
7.156050
7.156013
7.155973
7.155930
0.000030
7.155840
7.155793
0.000028
7.155701
7.155659
7.155619
7.155572
7.155526
7.155479
7.155432
7.155385
7.155342
7.155302
7.155266
7.155227
7.155178
7.155106
7.155016
7.154971
7.154930
7.154888
7.154839
7.154795
7.154752
7.154704
7.154655
7.154606
7.154563
7.154523
0.007126
7.154439
7.154394
7.154353
7.154309
7.154263
7.154220
7.154180
7.154146
7.154110
7.154075
7.154035
0.000025
7.153955
7.153911
7.153866
7.153823
7.153776
7.153724
7.153680
7.153641
7.153603
7.153557
7.153519
7.153484
7.153446
7.153401
7.153360
7.153313
0.000030
7.153216
7.153171
7.153118
0.020523
7.153035
7.152989
7.152948
7.152899
7.152855
7.152814
7.152778
7.152775
7.152698
7.152660
7.152622
7.152579
0.000474
7.152486
7.152439
7.152401
7.152365
7.152323
7.152320
7.152240
7.152192
7.152147
7.152103
7.152057
7.152014
7.151974
7.151929
7.151883
0.000409
0.000029
7.151688
7.151646
7.151603
0.000000
7.151513
7.151473
7.151432
7.151392
486.476410
7.151309
7.151271
7.151238
7.151196
7.151152
7.151106
7.151054
7.151009
7.150967
7.150924
7.150880
7.150835
7.150792
7.150755
0.000397
7.150673
7.150670
7.150612
7.150610
7.150585
7.150531
7.150473
7.150423
7.150353
7.150292
0.000000
7.150184
7.150140
7.150136
7.150041
7.150000
0.071412
51.429565
7.149911
7.149836
7.149791
7.149746
7.149696
7.149642
7.149586
0.000036
0.000439
7.149464
7.149436
7.149412
0.000000
7.149335
7.149303
7.149295
7.149300
0.020523
7.149284
7.149243
7.149205
7.149181
7.149174
7.149184
7.149215
7.149219
7.149297
7.149336
7.149370
7.149402
7.149411
7.149393
7.149353
7.149355
7.149377
7.149401
7.149404
7.149384
7.149352
7.149312
7.149265
7.149230
7.149220
7.149238
7.149266
7.149296
7.149316
7.149309
7.149278
7.149243
0.000021
0.719176
7.149120
7.149071
7.149017
0.000029
7.148911
7.148858
7.148802
7.148747
7.148691
7.148640
7.148585
7.148520
7.148457
7.148396
7.148344
7.148286
7.148225
7.148180
7.148138
7.148087
7.148046
7.147999
7.147957
7.147912
7.147871
7.147833
7.147798
7.147771
7.147759
7.147760
7.147756
7.147759
7.147769
7.147780
7.147792
7.147800
7.147802
7.147802
7.147802
7.147802
7.147802
7.147802
7.147802
7.147802
7.147802
7.147802
7.147802
7.147785
7.147773
7.147766
7.147767
7.147767
7.147802
7.147823
7.147831
7.147824
7.147748
7.147694
7.147652
7.147611
7.147566
7.147527
7.147480
7.147435
7.147400
7.147360
7.147316
7.147277
7.147243
7.147206
7.147174
7.147146
7.147118
7.147091
7.147057
7.147023
7.146989
7.146987
7.146942
7.146942
2749.920166
7.146902
7.146870
7.146839
7.146805
7.146765
7.146728
7.146692
71.454597
7.146621
7.146586
7.146549
7.146512
7.146487
7.146472
7.146467
7.146467
7.146475
7.146474
71.466469
7.146466
7.146440
7.146399
7.146357
7.146315
7.146277
7.146241
7.146214
7.146180
7.146144
7.146118
7.146100
7.146096
7.146111
7.146125
7.146133
7.146126
7.146102
7.146077
7.146047
7.146032
7.146029
7.146029
7.146036
7.146051
7.146070
7.146089
0.000028
7.146131
7.146163
7.146190
51.430279
7.146296
7.146341
7.146383
7.146421
7.146458
7.146490
7.146529
7.146537
7.146527
7.146505
7.146484
7.146465
7.146471
7.146489
7.146516
7.146528
7.146526
7.146512
7.146488
7.146470
7.146465
7.146482
7.146509
7.146528
7.146529
7.146508
7.146484
7.146471
7.146466
7.146456
7.146443
7.146416
7.146388
7.146368
7.146363
7.146375
7.146407
7.146446
7.146465
7.146467
7.146459
7.146436
0.000030
7.146398
7.146382
7.146389
7.146407
7.146424
7.146454
7.146493
7.146537
7.146575
7.146617
7.146656
7.146699
7.146742
7.146799
7.146848
7.146888
7.146924
7.146962
7.146999
7.147039
7.147081
7.147124
7.147167
7.147215
7.147255
7.147289
7.147325
7.147352
7.147382
7.147415
7.147451
7.147498
7.147580
7.147620
7.147654
7.147679
7.147700
7.147716
0.000036
7.147751
7.147774
7.147797
7.147808
7.147811
7.147811
7.147811
7.147811
7.147811
7.147811
7.147811
7.147811
7.147811
7.147811
7.147811
7.147811
7.147821
7.147819
7.147819
7.147830
7.147850
7.147886
2138.589844
7.147962
7.148000
7.148041
7.148083
7.148126
7.148167
7.148212
7.148260
7.148315
7.148361
7.148413
72.150703
7.148484
7.148501
7.148521
7.148545
7.148567
7.148591
7.148609
7.148620
7.148630
7.148643
7.148653
7.148654
0.000012
7.148654
7.148654
7.148654
7.148654
7.148654
7.148654
7.148654
7.148654
7.148654
7.148663
7.148653
7.148646
7.148646
7.148659
7.148680
7.148709
7.148753
7.148799
7.148849
7.148894
7.148971
7.149047
7.149091
7.149131
7.149160
7.149192
7.149222
7.149240
7.149263
7.149280
7.149313
7.149342
7.149371
7.149396
7.149423
7.149446
7.149473
7.149498
7.149499
7.149535
7.149551
7.149562
7.149562
7.149562
7.149562
7.149562
7.149562
7.149562
7.149562
7.149562
7.149562
7.149562
7.149562
0.000030
7.149539
7.149520
7.149503
7.149484
7.149469
7.149459
7.149459
7.149459
7.149472
7.149489
7.149496
7.149500
1915.262329
7.149508
7.149531
7.149542
7.149554
7.149564
7.149570
7.149570
7.149570
7.149570
7.149570
0.000029
0.000017
7.149592
7.149583
0.000028
7.149555
0.000030
7.149532
7.149531
7.149531
7.149544
7.149559
7.149575
7.149591
7.149613
7.149634
7.149656
7.149677
7.149704
7.149737
7.149739
7.149735
7.149732
7.149739
7.149740
7.149770
7.149786
7.149799
7.149799
7.149799
7.149804
7.149803
7.149803
7.149801
7.149801
7.149807
7.149807
7.149809
7.149809
7.149809
7.149767
7.149759
7.149733
7.149714
7.149709
7.149722
7.149744
7.149772
7.149811
7.149853
7.149901
7.149947
7.149994
7.150044
7.150087
0.000375
0.000030
7.150204
7.150229
7.150257
7.150283
7.150301
0.000017
7.150342
7.150351
7.150357
7.150364
7.150378
7.150388
0.000003
7.150398
7.150422
7.150433
7.150443
0.000097
0.020523
7.150514
7.150547
7.150602
7.150649
0.000027
0.000017
7.150746
7.150789
7.150830
7.150870
7.150914
7.150960
7.151005
7.151008
7.151100
7.151150
7.151202
7.151252
7.151362
7.151446
7.151501
7.151555
7.151603
7.151656
7.151711
7.151759
7.151805
7.151858
7.151909
7.151958
7.152007
2856.096436
7.152085
7.152125
7.152177
7.152228
7.152279
0.000003
7.152380
7.152429
7.152481
7.152538
7.152591
7.152642
7.152703
7.152763
7.152824
7.152879
7.152943
7.153008
7.153060
7.153103
7.153146
7.153194
7.153243
7.153295
0.000036
0.020523
7.153465
7.153512
7.153566
7.153615
7.153664
7.153721
7.153780
7.153845
7.153904
7.153955
7.154008
7.154062
7.154131
7.154194
7.154259
7.154306
7.154362
7.154417
7.154474
7.154527
7.154589
7.154647
7.154714
7.154781
0.000000
7.154897
71.428322
7.155005
7.155057
7.155114
7.155170
7.155231
7.155287
0.000000
7.155386
0.020523
7.155587
0.000029
1233.555420
0.000030
7.155729
7.155829
7.155874
7.155920
7.155974
0.000017
7.156091
7.156094
7.156171
3538.589600
7.156236
0.000030
7.156284
0.000030
7.156308
7.156328
7.156348
7.156367
0.015391
7.156415
7.156432
7.156452
7.156475
7.156498
7.156519
7.156541
7.156562
7.156583
7.156610
7.156636
0.000030
0.000000
51.427582
7.156720
7.156744
7.156768
7.156788
0.000192
0.000000
7.156838
7.156849
7.156858
0.000030
7.156859
7.156853
7.156845
7.156836
7.156827
7.156822
7.156816
7.156810
7.156807
7.156808
0.017473
7.156824
0.000036
7.156850
7.156865
7.156877
7.156879
7.156887
7.156887
7.156887
7.156887
7.156887
