2.824427
-0.534351
-0.251908
-0.534351
4.381680
3.076336
-0.015267
-0.091603
3.297710
1.931298
-0.358779
1.000000
0.793893
3.030534
2.221374
0.442748
1.877863
5.190840
-1.000000
-1.946565
-1.419847
0.809160
0.015267
-1.496183
1.175573
5.587786
0.755725
-0.312977
-0.641221
4.748092
5.137404
-0.160305
-2.045802
-0.961832
3.687023
2.320611
-0.213740
-1.183206
-1.748092
2.335878
1.992366
1.503817
2.786260
0.267176
0.541985
0.534351
-0.335878
0.053435
0.870229
-0.022901
4.534351
0.847328
0.908397
-3.236641
0.396947
2.328244
2.358779
2.580153
-0.213740
-1.816794
-0.900763
0.709924
3.961832
1.916031
-1.740458
-2.160305
2.251908
1.305344
0.656489
0.534351
-0.404580
2.122137
2.274809
2.465649
-3.022901
-2.450382
1.717557
2.480916
4.679389
3.358779
-0.610687
2.290076
-0.862595
3.175573
-0.297710
-2.358779
5.389313
4.786260
3.625954
2.396947
-0.305344
4.129771
4.358778
3.938931
1.893130
-1.534351
2.946565
4.786260
4.809160
1.267176
0.167939
-0.900763
1.137405
1.541985
-2.267176
-0.603053
1.259542
2.114504
-0.786260
1.885496
5.923664
4.389313
5.427481
1.351145
-0.030534
5.435114
3.488550
2.274809
0.183206
-0.748092
4.282443
3.297710
3.755725
1.190840
-1.244275
2.404580
2.526718
0.832061
0.297710
2.152672
1.679389
4.832061
0.641221
-1.625954
1.221374
4.442748
1.854962
2.328244
3.122137
5.030534
1.854962
2.709924
0.480916
-0.175573
1.198473
-2.641221
-0.496183
-2.282443
-2.832061
-2.732824
-1.938931
-1.053435
0.610687
-3.206107
0.061069
2.664122
2.053435
3.030534
-1.786260
4.038168
1.648855
2.618321
5.114504
1.687023
3.473282
3.839695
2.541985
2.145038
0.335878
6.748092
1.763359
2.977099
2.068702
-1.618321
4.404580
-1.603053
-1.251908
1.053435
-2.198473
-1.847328
-0.610687
-0.305344
3.320611
1.068702
2.389313
1.900763
1.641221
-3.709924
-5.000000
-1.183206
0.381679
-1.351145
-2.190840
-2.099237
1.122137
-0.259542
-1.427481
-0.358779
0.297710
-1.045802
-1.709924
2.160305
-1.045802
-3.290076
-2.175573
-0.534351
5.908397
1.778626
0.969466
-0.343511
-2.030534
-3.190840
4.106870
4.145038
2.862595
-1.175573
0.671756
6.183206
1.740458
2.595420
3.526718
1.320611
3.236641
3.862595
0.793893
1.083969
0.244275
2.183206
2.893130
4.488550
2.282443
2.236641
6.229008
5.519084
1.198473
-0.435115
0.625954
0.961832
1.381679
1.198473
-0.137405
2.916031
6.190840
4.694656
2.122137
0.076336
-1.839695
3.450382
2.061069
-0.229008
-3.442748
-3.442748
-2.396947
-2.992366
-0.534351
2.145038
1.694656
1.977099
0.206107
0.625954
3.900763
3.885496
3.839695
3.030534
-0.427481
-3.480916
-0.786260
1.458015
1.908397
-1.488550
4.641222
5.488550
-1.755725
-0.793893
3.015267
-2.061069
2.152672
5.793893
-0.824427
-3.099237
0.954198
0.519084
7.458015
3.938931
-0.900763
-0.381679
-1.534351
0.503817
0.801527
2.763359
0.770992
-1.564885
-1.916031
0.801527
3.618321
1.427481
-0.580153
-0.305344
1.190840
-1.404580
-0.465649
3.007634
0.198473
3.648855
-1.328244
-1.442748
-1.648855
2.091603
1.183206
1.099237
1.305344
-2.083969
5.045802
-3.221374
-0.786260
-0.656489
-1.595420
1.572519
-1.900763
3.099237
2.061069
3.419847
1.480916
-0.374046
-2.862595
0.931298
4.450382
0.534351
-1.312977
0.129771
0.694656
-0.778626
3.396947
0.076336
-1.045802
3.206107
1.145038
0.877863
4.114504
-0.099237
1.091603
3.587786
1.412214
-2.954198
5.832061
4.221374
-3.526718
2.824427
0.656489
1.480916
-1.526718
4.229008
-0.679389
-3.274809
4.129771
2.053435
2.396947
-1.450382
4.473282
-1.282443
5.587786
-0.847328
3.908397
0.198473
3.175573
4.038168
-3.572519
6.045802
-3.274809
3.152672
-1.160305
3.015267
-2.236641
3.137405
3.015267
-2.633588
5.129771
-3.465649
3.465649
0.030534
-0.389313
5.977099
-2.610687
4.664122
0.488550
1.809160
-3.183206
-0.290076
2.748092
-2.763359
3.961832
4.664122
-0.938931
1.374046
1.045802
0.442748
0.091603
1.465649
5.786260
-0.809160
-3.137405
-0.778626
0.801527
-1.320611
-5.274809
1.091603
1.381679
5.206107
2.687023
-3.748092
-3.885496
-1.870229
-1.992366
1.519084
5.076336
0.954198
0.068702
-1.312977
1.488550
-1.290076
1.648855
-0.320611
3.022901
2.541985
1.862595
0.259542
-0.580153
2.206107
-2.748092
0.183206
2.992366
4.580153
1.526718
2.183206
-0.786260
-1.488550
0.587786
-2.702290
2.083969
1.137405
2.053435
4.106870
-0.793893
-1.458015
-1.076336
2.106870
-0.297710
5.770992
4.923664
1.862595
2.000000
2.114504
6.152672
3.885496
3.114504
-1.244275
-1.282443
-1.847328
-1.030534
-2.732824
1.717557
-1.824427
0.129771
-1.068702
-0.793893
0.648855
6.312977
2.083969
1.564885
0.076336
-1.832061
0.312977
-3.343511
-0.587786
1.419847
1.511450
6.687023
8.053435
8.503817
2.343511
3.946565
1.160305
-0.328244
-4.969466
-0.938931
-0.847328
-3.519084
-1.465649
1.564885
6.832061
4.885496
6.015267
4.061069
-1.045802
-2.358779
1.488550
3.106870
3.740458
2.496183
0.908397
-1.748092
-3.435115
-0.511450
3.404580
0.496183
1.534351
2.755725
-6.473282
-6.717557
6.358778
1.335878
-0.824427
-2.786260
-0.916031
9.412213
-4.053435
5.946565
6.038168
4.954198
0.816794
1.633588
-5.068702
8.618320
-2.381679
7.412214
3.549618
-4.183206
1.564885
-0.328244
-2.931298
3.480916
3.923664
2.641221
-5.374046
-3.519084
1.488550
-1.076336
3.312977
2.389313
-1.862595
3.290076
-2.015267
-2.274809
2.015267
-0.160305
-2.053435
3.526718
1.580153
-0.267176
7.564886
2.267176
-5.389313
2.938931
1.656489
-6.458015
-4.549618
-1.885496
-0.809160
0.137405
-5.412214
-0.229008
3.290076
2.854962
1.801527
0.206107
-3.618321
-3.870229
-5.992366
-1.183206
2.282443
1.893130
-2.717557
0.534351
2.755725
-1.290076
-2.274809
2.190840
-0.167939
-4.137404
0.480916
-2.480916
1.122137
2.045802
-2.824427
-0.961832
-6.679389
-2.534351
-2.603053
-7.717557
-3.183206
1.595420
-4.862596
-1.549618
-2.839695
0.954198
-4.099236
0.068702
-2.435115
-2.832061
-2.366412
-5.145038
-0.893130
-1.916031
-1.290076
1.167939
-0.648855
-1.580153
-0.740458
-4.152672
-1.473282
-2.534351
0.122137
0.984733
2.816794
-0.816794
0.931298
-2.015267
3.083969
0.114504
1.152672
0.274809
2.099237
-0.557252
1.938931
0.145038
0.221374
0.335878
1.687023
0.381679
-1.809160
-3.396947
2.099237
-2.961832
1.190840
-2.717557
0.618321
-2.022901
-0.076336
1.183206
-2.511450
2.053435
-1.671756
2.603053
-0.145038
-2.221374
2.198473
0.893130
-0.801527
0.580153
-3.145038
1.877863
3.564885
-2.954198
3.908397
-0.244275
1.068702
3.045802
-0.801527
-0.145038
1.000000
-0.022901
2.541985
-0.007634
-5.488550
1.526718
2.381679
-5.236641
1.900763
-2.893130
-1.129771
-0.206107
-5.129771
-0.832061
-3.167939
0.030534
-10.374045
10.312977
-11.519084
4.992366
-5.885496
2.755725
-4.213740
-3.137405
3.091603
-7.633588
3.625954
-5.282443
1.732824
-7.114504
-0.916031
3.236641
-8.099236
-0.671756
0.213740
-5.244275
-0.984733
-5.671756
3.366412
-2.167939
2.030534
1.351145
-2.099237
3.396947
-0.847328
-3.183206
-3.175573
2.641221
-0.412214
-1.030534
2.503817
0.061069
-0.312977
2.709924
-3.022901
-0.603053
-0.938931
2.374046
-3.709924
-0.709924
-0.801527
-0.358779
4.511450
3.732824
-3.038168
5.244275
0.786260
0.206107
3.206107
-1.221374
0.992366
3.496183
-1.053435
5.839694
-3.511450
-3.351145
5.862596
0.145038
-4.992366
0.770992
1.679389
-3.122137
4.145038
3.664122
0.145038
-1.885496
0.305344
5.251908
1.259542
-2.000000
5.038168
1.396947
-0.954198
5.198473
-1.725191
-1.106870
-0.664122
6.839694
-1.198473
7.992366
-0.290076
2.992366
1.763359
-2.000000
2.824427
-3.709924
-2.435115
2.786260
3.122137
0.580153
6.778626
-2.969466
1.938931
-1.725191
-5.290076
-0.160305
4.557252
1.236641
5.870229
3.122137
-3.175573
1.061069
-3.740458
-2.267176
0.694656
-1.610687
0.022901
7.954198
-1.122137
8.381680
0.099237
7.114504
2.725191
9.442748
1.282443
8.106871
8.145039
3.679389
3.190840
4.526718
0.000000
5.687023
-4.007634
2.320611
-0.534351
2.160305
2.030534
11.328244
5.412214
2.480916
3.900763
-2.893130
4.893130
-4.885496
3.251908
5.396946
7.763359
4.480916
-1.488550
1.015267
-6.900764
1.862595
0.473282
5.198473
9.427481
-0.389313
-0.824427
-4.297710
4.198473
-1.992366
4.587786
5.183206
2.610687
6.450382
-6.129771
-0.358779
1.603053
7.732824
3.900763
-4.091603
3.320611
-0.580153
0.679389
9.404580
0.496183
-3.145038
8.030535
-1.290076
-5.381680
3.022901
1.137405
0.557252
-1.312977
-0.641221
0.091603
0.000000
0.671756
-0.480916
0.862595
-0.045802
0.488550
-0.519084
2.297710
2.648855
3.068702
2.549618
-0.267176
2.061069
2.305344
4.480916
3.160305
0.068702
0.007634
-2.282443
-3.854962
0.557252
-0.862595
2.473282
-0.732824
1.083969
-0.442748
-0.541985
3.229008
1.022901
2.625954
3.992366
-2.358779
1.648855
-0.595420
-3.473282
1.198473
2.603053
2.717557
2.793893
2.931298
1.923664
0.000000
1.938931
1.450382
0.389313
4.038168
0.610687
1.549618
-0.137405
1.160305
-1.717557
3.343511
0.870229
1.832061
0.526718
-0.015267
-2.091603
-0.687023
3.267176
1.610687
0.190840
2.320611
0.961832
-3.038168
1.778626
-0.946565
-0.603053
1.083969
2.625954
4.595420
0.145038
-2.412214
-0.137405
-2.496183
1.106870
1.755725
2.045802
1.068702
0.351145
-0.244275
-2.572519
0.251908
2.183206
0.549618
3.732824
5.488550
0.717557
-1.595420
0.633588
4.007634
2.580153
3.068702
1.374046
-0.068702
4.190840
3.824427
2.358779
2.282443
3.038168
4.351145
3.755725
1.190840
1.145038
-0.587786
-0.045802
0.916031
-2.053435
-0.946565
-1.221374
-0.267176
-0.938931
-1.374046
2.480916
2.038168
2.755725
2.832061
1.946565
1.603053
4.114504
0.977099
2.870229
3.969466
2.000000
1.984733
2.610687
0.335878
1.038168
0.335878
0.755725
0.557252
-2.122137
0.763359
-2.458015
-0.908397
0.022901
-2.847328
-1.435115
0.923664
3.511450
-1.496183
-1.412214
-0.541985
1.541985
-0.030534
-0.641221
-0.083969
0.068702
-1.244275
0.076336
0.511450
-2.335878
-1.778626
0.145038
1.961832
-1.954198
1.908397
-1.488550
1.900763
-2.366412
1.824427
-0.229008
0.511450
0.854962
1.374046
2.061069
0.618321
-0.519084
-1.076336
-2.305344
0.442748
0.679389
0.450382
-1.847328
1.473282
-1.160305
1.038168
-4.183206
-2.038168
-1.022901
-0.961832
-0.763359
-2.511450
-2.656489
2.603053
-2.083969
-2.419847
-3.465649
-2.068702
-0.984733
0.091603
-1.106870
1.564885
-4.213740
-1.030534
-0.366412
0.435115
-1.244275
1.274809
-0.816794
-2.305344
-0.603053
1.793893
1.152672
-0.709924
-2.511450
0.503817
1.312977
-3.007634
3.053435
-0.587786
0.335878
1.091603
-1.366412
-3.442748
-2.290076
-1.007634
0.961832
-1.572519
-2.091603
-1.541985
1.511450
-0.206107
4.297710
1.786260
3.030534
-2.916031
2.648855
-0.328244
4.251908
0.175573
8.809160
1.374046
0.656489
3.343511
1.801527
1.732824
-0.511450
-1.824427
-1.740458
-3.129771
1.946565
-6.442748
0.687023
-0.519084
4.404580
1.526718
3.709924
-1.412214
-2.076336
-0.923664
1.564885
2.702290
6.320611
-0.877863
3.160305
-0.259542
-0.534351
-0.053435
-0.503817
2.015267
-1.816794
-1.671756
4.083970
-0.511450
0.541985
1.190840
-0.152672
3.167939
3.793893
1.740458
-1.725191
-2.671756
-0.061069
-2.145038
2.015267
2.152672
-1.572519
2.961832
0.549618
4.335878
-0.503817
1.496183
-0.343511
-1.664122
-2.572519
-0.625954
-2.458015
0.679389
-0.038168
1.488550
3.251908
1.190840
2.419847
3.931298
4.503817
1.251908
-0.137405
4.526718
0.267176
-2.496183
-0.870229
0.458015
-3.664122
-2.511450
0.351145
-4.465649
-0.564885
-1.496183
-5.236641
2.809160
-0.656489
1.908397
0.145038
1.038168
-2.015267
-1.648855
-0.068702
-2.259542
2.053435
-1.580153
2.190840
2.870229
1.137405
1.251908
-0.145038
-0.343511
-0.633588
0.816794
1.931298
0.587786
4.870229
2.473282
2.595420
-1.633588
-2.038168
-4.068702
1.885496
-1.251908
-0.335878
4.801527
-0.954198
-1.259542
1.038168
-2.381679
0.458015
1.259542
2.816794
-1.335878
4.335878
-1.198473
-0.022901
-3.679389
-1.687023
5.160306
0.587786
1.083969
-3.793893
3.175573
-1.503817
3.564885
1.946565
3.221374
-0.282443
-2.251908
-1.381679
4.778626
2.038168
0.061069
1.022901
1.152672
-3.633588
0.984733
-4.900764
2.465649
-1.633588
1.274809
-0.809160
1.038168
3.503817
1.114504
3.435115
0.984733
1.038168
2.022901
0.129771
4.732824
0.129771
1.580153
-0.938931
-1.595420
2.793893
-0.618321
-2.595420
-0.083969
-1.954198
-1.122137
1.366412
3.839695
-0.641221
5.259542
-0.229008
4.022901
2.549618
-1.160305
-1.374046
-0.702290
0.725191
0.465649
1.015267
0.442748
0.267176
-0.427481
0.030534
0.618321
-1.618321
-2.519084
-0.717557
3.076336
-2.595420
1.648855
2.603053
1.671756
-0.969466
2.793893
0.763359
0.137405
-0.633588
-1.061069
0.305344
0.236641
0.687023
0.984733
0.702290
-2.068702
-0.694656
-0.679389
-0.175573
3.068702
-4.328244
1.801527
0.458015
1.740458
2.824427
-2.312977
-2.297710
0.076336
-1.114504
-0.396947
1.961832
4.541985
-0.946565
0.198473
4.282443
2.305344
1.328244
0.801527
-1.152672
5.709924
2.503817
-0.641221
0.984733
-1.122137
0.374046
3.068702
-0.877863
3.717557
2.175573
2.114504
1.839695
-3.030534
2.755725
-2.297710
-0.595420
2.106870
2.419847
0.618321
-0.267176
0.412214
0.916031
-1.145038
0.877863
-1.832061
-3.633588
4.114504
1.129771
0.488550
1.557252
-0.076336
5.305344
0.893130
-1.984733
-1.954198
-3.412214
5.236641
-0.053435
-1.305344
-0.450382
-2.091603
4.389313
0.465649
-0.725191
2.198473
-0.358779
1.381679
3.320611
4.251908
-0.977099
0.870229
-0.053435
3.152672
-4.091603
-0.580153
1.870229
-0.396947
0.992366
4.725191
-0.809160
-0.702290
-0.709924
1.076336
0.290076
1.923664
2.633588
0.832061
1.160305
4.435114
1.068702
0.519084
2.893130
2.000000
0.954198
-0.435115
-0.824427
3.045802
0.488550
-2.175573
-0.076336
3.931298
0.251908
1.450382
-1.557252
3.687023
-2.045802
-0.755725
1.931298
1.763359
1.358779
2.076336
0.022901
1.267176
0.931298
2.480916
-2.557252
-3.320611
3.786260
1.229008
-0.419847
1.679389
1.809160
-0.854962
-2.992366
-1.534351
-0.045802
1.748092
-3.038168
1.496183
1.091603
0.732824
0.496183
0.816794
4.076336
2.709924
-0.175573
-0.221374
4.335878
-2.816794
-0.114504
4.221374
-0.732824
-0.694656
2.427481
-1.374046
-1.106870
0.580153
-0.290076
1.114504
2.183206
-2.244275
-1.427481
2.236641
2.053435
-1.854962
-0.755725
2.396947
2.267176
2.480916
1.977099
3.320611
-1.152672
1.221374
-0.954198
-0.625954
1.954198
2.900763
-0.549618
1.022901
0.404580
1.793893
0.625954
-0.442748
-1.061069
-0.229008
-1.015267
5.908397
-0.580153
1.725191
-1.755725
0.045802
4.549618
0.793893
1.702290
-0.404580
0.244275
-2.083969
1.572519
-0.106870
1.786260
-0.259542
-1.343511
3.625954
1.038168
-0.702290
3.320611
-1.396947
2.916031
1.809160
-2.610687
1.824427
5.404580
-1.358779
0.732824
-0.190840
2.717557
1.335878
0.366412
1.664122
-4.022901
0.824427
1.961832
-2.351145
-1.175573
-1.145038
1.358779
3.099237
1.694656
0.931298
0.870229
5.282443
-1.381679
1.022901
1.099237
2.038168
1.297710
-0.748092
-2.244275
-0.312977
1.381679
2.221374
2.465649
-1.992366
-1.267176
0.610687
-1.931298
-0.129771
0.480916
-1.488550
-0.984733
-0.656489
-2.221374
-1.167939
0.007634
2.954198
1.717557
2.702290
0.335878
-0.687023
-0.305344
-1.175573
-1.824427
1.778626
4.175572
-2.435115
-0.274809
-0.557252
4.183206
4.992366
0.427481
0.740458
-0.931298
-1.564885
-0.702290
-0.900763
1.343511
0.274809
1.045802
3.198473
1.900763
-0.954198
-1.847328
2.732824
1.893130
-1.587786
-0.267176
1.916031
3.068702
2.221374
2.931298
-0.045802
1.603053
-1.648855
0.473282
1.572519
1.519084
1.091603
2.053435
3.389313
0.091603
4.824428
3.183206
1.458015
1.045802
0.839695
4.160306
0.519084
2.984733
0.244275
-0.427481
1.221374
-0.175573
-1.282443
1.694656
3.122137
1.137405
5.534351
1.419847
4.595420
-2.671756
2.450382
-2.282443
-1.427481
0.511450
0.251908
0.503817
-0.984733
0.900763
2.503817
-1.351145
2.648855
3.404580
1.923664
1.328244
6.083970
1.511450
3.152672
-1.267176
2.030534
-3.137405
4.549618
0.839695
-2.015267
2.473282
1.465649
-2.190840
-3.282443
3.366412
0.297710
-1.725191
0.000000
4.068702
1.519084
-1.687023
-1.618321
0.145038
0.229008
3.114504
2.625954
-1.419847
1.717557
0.717557
0.984733
1.534351
2.183206
-1.992366
2.534351
0.106870
0.770992
-0.580153
2.374046
-2.839695
0.282443
1.236641
4.396946
0.793893
-0.251908
-2.328244
0.175573
1.687023
-0.625954
0.251908
1.259542
-4.549618
-2.839695
1.259542
0.351145
2.381679
-0.824427
-1.404580
3.709924
5.488550
-2.480916
-0.534351
2.091603
1.725191
3.068702
0.435115
-1.900763
2.916031
2.053435
-1.083969
-0.809160
-0.198473
0.709924
1.274809
5.229008
-2.519084
-1.068702
1.763359
1.900763
-3.091603
1.679389
2.290076
0.259542
2.458015
-0.404580
-0.145038
1.129771
2.732824
2.648855
-1.198473
0.526718
2.969466
0.824427
2.633588
0.389313
1.183206
4.038168
0.450382
-0.816794
2.251908
-0.290076
-1.580153
-1.206107
-0.847328
2.862595
-0.061069
-0.442748
0.648855
1.786260
0.412214
0.534351
0.480916
-2.129771
5.870229
0.312977
-1.038168
2.816794
1.312977
-0.343511
0.854962
4.740458
0.145038
0.679389
-0.709924
0.969466
0.969466
-2.442748
-1.816794
0.267176
0.137405
-2.274809
3.496183
2.282443
-0.129771
-1.015267
3.206107
-2.038168
-0.244275
2.580153
1.511450
-1.549618
1.435115
1.480916
0.969466
1.290076
-0.137405
-0.320611
1.259542
0.389313
0.099237
-1.954198
-0.083969
0.412214
-0.213740
-1.480916
-0.709924
3.328244
1.763359
0.839695
3.656489
-2.175573
-3.687023
3.358779
-0.900763
-0.824427
2.748092
-3.854962
2.870229
3.221374
-2.137405
-0.740458
-1.564885
2.671756
-0.442748
-2.312977
2.122137
-1.564885
0.137405
3.083969
-1.251908
2.854962
3.717557
0.152672
0.366412
1.351145
0.465649
2.969466
0.206107
-2.435115
0.931298
2.091603
1.106870
2.450382
0.465649
-2.183206
1.251908
-1.198473
0.603053
4.312977
0.778626
0.496183
1.702290
-2.580153
1.396947
0.435115
-0.297710
1.442748
0.038168
1.748092
-1.007634
-1.778626
4.694656
-0.396947
5.175572
0.526718
1.549618
0.938931
3.091603
2.167939
-2.198473
0.259542
-1.839695
2.015267
0.847328
-0.328244
-0.267176
1.755725
2.641221
-0.656489
-1.160305
-1.206107
0.541985
-2.099237
-1.938931
2.274809
2.778626
0.106870
-1.419847
-2.687023
-0.641221
-3.549618
-1.282443
1.435115
4.801527
1.633588
3.183206
0.358779
3.786260
1.145038
0.587786
2.435115
5.442748
-0.946565
-1.839695
-1.961832
-1.343511
1.641221
-0.519084
2.381679
1.984733
3.603053
-0.091603
-1.259542
1.099237
0.076336
2.564885
3.015267
-3.000000
2.526718
-0.152672
0.541985
2.358779
0.473282
-2.137405
-0.282443
1.335878
-2.427481
-1.870229
0.145038
1.511450
0.167939
2.244275
-1.007634
2.343511
3.022901
3.160305
-0.458015
4.167939
-1.404580
1.977099
-2.190840
1.954198
1.839695
2.511450
-1.435115
0.099237
1.099237
1.816794
0.396947
-3.679389
1.625954
0.274809
0.190840
-0.290076
-2.381679
-0.259542
0.259542
-0.259542
-0.778626
-0.557252
-1.671756
-0.229008
-2.320611
0.290076
-2.435115
-0.366412
1.793893
2.053435
1.152672
0.221374
2.152672
2.870229
1.557252
0.694656
0.534351
0.564885
-4.007634
1.839695
-1.709924
-1.442748
6.213740
0.091603
-1.656489
0.213740
-0.625954
-2.625954
3.625954
-1.030534
2.114504
0.580153
1.358779
1.786260
3.114504
4.076336
-0.137405
1.351145
-3.267176
2.190840
-1.297710
2.984733
1.167939
0.908397
2.190840
0.297710
0.152672
-2.251908
4.290076
-0.091603
1.893130
-3.351145
-2.183206
2.648855
-1.419847
4.305344
1.740458
-0.740458
-0.091603
-0.732824
5.450382
2.198473
-1.007634
-0.045802
-0.603053
1.541985
4.312977
-2.458015
0.267176
-1.145038
1.625954
2.625954
-2.000000
-1.564885
4.587786
0.801527
-0.641221
0.534351
-0.099237
4.633588
1.725191
-1.778626
1.412214
3.015267
4.748092
-1.694656
-2.511450
-0.259542
1.015267
2.862595
3.854962
0.977099
-0.923664
1.045802
0.770992
2.465649
2.229008
-2.328244
2.427481
-1.022901
2.694656
2.511450
-1.931298
2.625954
4.885496
0.671756
-1.091603
0.916031
2.847328
-0.045802
2.068702
1.000000
2.267176
3.412214
-0.061069
0.725191
4.687023
-2.007634
0.702290
0.564885
1.694656
2.320611
0.725191
-2.687023
2.419847
3.595420
-0.877863
0.335878
4.175572
0.351145
3.412214
-2.816794
0.801527
1.824427
1.053435
-2.847328
-1.053435
2.435115
0.648855
-2.618321
4.229008
-2.236641
-0.511450
1.496183
0.687023
-3.732824
1.938931
0.839695
-0.854962
-0.778626
2.526718
-0.068702
-0.030534
1.244275
-0.725191
1.351145
-0.259542
-0.656489
1.862595
1.793893
-2.572519
1.656489
1.793893
2.099237
0.137405
1.083969
-1.916031
4.404580
0.251908
1.427481
1.641221
0.053435
0.129771
5.053435
2.763359
0.045802
-0.503817
0.984733
2.312977
-0.885496
2.541985
0.526718
-0.755725
1.732824
-1.229008
0.145038
0.068702
-0.847328
2.068702
4.167939
1.091603
2.603053
0.106870
2.496183
0.969466
0.603053
1.885496
1.358779
-1.770992
1.290076
-2.725191
-1.160305
-1.244275
1.587786
-1.213740
2.022901
1.419847
-0.900763
0.427481
2.694656
1.893130
-0.076336
2.236641
-1.526718
0.832061
0.137405
-0.664122
2.251908
0.832061
2.190840
-3.015267
-1.458015
2.435115
2.190840
-0.595420
1.755725
1.000000
1.725191
3.381679
-3.732824
-0.694656
0.572519
2.473282
3.702290
2.473282
0.435115
-1.633588
-1.534351
-3.549618
2.801527
-0.358779
1.778626
1.969466
-0.595420
-0.770992
1.419847
-0.106870
-1.122137
1.167939
2.473282
0.625954
1.114504
2.045802
-2.694656
2.106870
3.740458
1.335878
-1.557252
1.061069
1.053435
4.167939
4.137404
-2.725191
1.458015
1.671756
2.862595
1.931298
-0.450382
-2.389313
0.183206
1.022901
-1.740458
0.564885
1.282443
0.366412
2.229008
-0.717557
-2.114504
-0.923664
0.229008
-0.251908
-0.984733
0.229008
-1.488550
1.076336
1.022901
0.167939
2.450382
1.847328
3.793893
-2.267176
0.374046
-2.770992
5.106870
0.534351
2.694656
1.732824
3.259542
-2.664122
1.557252
3.557252
-2.793893
0.496183
1.877863
3.045802
1.030534
-0.511450
-0.770992
-1.946565
1.045802
2.312977
2.129771
3.496183
-2.030534
0.671756
-1.648855
2.946565
0.679389
2.580153
-2.839695
-3.091603
-0.404580
1.839695
3.374046
-2.473282
0.068702
4.541985
-0.824427
0.679389
-1.015267
-2.091603
2.458015
-0.625954
-1.213740
2.946565
3.114504
-1.610687
0.068702
0.328244
0.427481
4.488550
-2.664122
-1.442748
4.175572
-1.045802
0.519084
-1.312977
-1.786260
2.053435
0.068702
-1.198473
3.244275
-0.702290
1.969466
-0.488550
-3.053435
2.061069
2.290076
1.198473
0.374046
-2.061069
0.122137
2.190840
1.908397
3.068702
1.129771
-0.389313
2.549618
1.251908
2.465649
1.832061
0.709924
4.137404
-0.503817
-1.022901
-0.374046
2.931298
-3.709924
0.221374
4.137404
1.320611
-0.832061
0.519084
0.832061
5.603054
-1.351145
1.587786
-0.854962
-1.938931
0.000000
1.389313
-0.320611
3.030534
0.725191
-0.694656
0.091603
0.595420
1.404580
-0.106870
2.923664
0.671756
2.664122
4.641222
-0.839695
-0.503817
-1.366412
1.122137
1.480916
1.053435
-1.671756
1.671756
-1.236641
1.809160
1.419847
-0.564885
-0.801527
2.587786
-0.748092
2.923664
-1.198473
5.282443
0.488550
-1.320611
-1.938931
-0.335878
-0.648855
2.274809
0.229008
0.709924
1.877863
1.290076
0.641221
3.519084
2.671756
-0.145038
0.229008
1.893130
0.778626
0.946565
3.335878
-0.725191
3.335878
-0.778626
-1.389313
0.603053
1.129771
3.519084
2.870229
-0.282443
3.763359
-1.038168
0.045802
-0.335878
0.908397
0.244275
-0.106870
-0.839695
-0.648855
-2.603053
-1.305344
-1.832061
-1.511450
0.984733
0.175573
-0.893130
2.526718
0.366412
-1.083969
1.709924
-1.358779
0.267176
0.793893
3.259542
1.770992
4.503817
-3.534351
0.694656
-3.320611
1.488550
-0.198473
4.694656
-0.076336
2.221374
0.687023
3.229008
2.358779
-0.778626
-1.488550
-0.503817
3.396947
-0.664122
-0.282443
0.938931
2.030534
0.274809
3.374046
2.244275
-0.366412
2.656489
-2.404580
1.511450
-1.000000
-1.083969
2.603053
-1.473282
0.824427
3.068702
-0.801527
2.419847
1.770992
0.755725
1.534351
-1.816794
0.091603
3.648855
1.061069
0.122137
2.984733
0.633588
-2.137405
1.122137
1.213740
-0.175573
3.320611
1.251908
-0.038168
1.946565
-0.396947
-0.206107
2.709924
-2.091603
-0.038168
3.679389
0.244275
1.992366
0.832061
4.190840
1.015267
-0.282443
2.213740
2.053435
2.671756
1.312977
0.717557
4.129771
1.763359
-2.145038
0.671756
2.900763
2.984733
-1.076336
2.229008
3.274809
-1.099237
-0.267176
-2.106870
1.511450
0.641221
-2.770992
3.068702
1.022901
-0.755725
3.312977
-1.297710
-2.832061
-1.503817
-3.396947
-1.167939
2.740458
0.854962
2.389313
-1.480916
2.465649
-1.633588
2.458015
3.450382
3.442748
-1.083969
1.198473
-0.427481
3.656489
-2.312977
3.954198
3.000000
2.908397
-0.442748
-0.290076
1.564885
-1.068702
-0.816794
0.541985
1.824427
5.122138
0.839695
0.755725
0.099237
-1.839695
-0.442748
0.351145
0.351145
0.496183
0.717557
1.755725
1.549618
-1.427481
1.946565
2.480916
2.145038
0.450382
0.030534
-0.015267
1.122137
2.358779
3.213740
3.977099
0.832061
1.740458
-1.870229
-0.274809
1.603053
3.053435
3.809160
1.328244
1.282443
0.564885
-0.099237
0.618321
4.786260
0.709924
0.396947
0.801527
0.450382
1.015267
-1.435115
0.427481
-0.916031
0.320611
2.229008
0.160305
-0.694656
2.984733
0.305344
0.435115
1.435115
0.763359
3.435115
1.900763
-3.145038
2.236641
0.038168
2.931298
-0.526718
-0.335878
0.343511
4.320611
-1.206107
-1.854962
1.007634
0.862595
8.045801
-3.816794
5.938931
-1.748092
-0.503817
-4.473282
-1.091603
2.320611
3.480916
-1.038168
0.587786
3.648855
-1.129771
1.740458
2.862595
2.770992
-0.786260
2.900763
1.381679
-0.961832
1.106870
1.412214
-2.496183
1.374046
3.343511
-1.427481
-0.450382
3.076336
-0.671756
0.305344
1.106870
-0.282443
-1.404580
-2.961832
-4.419847
-0.946565
-2.519084
-0.541985
0.763359
-5.503817
-5.961832
0.763359
-5.099236
-4.351145
-7.183206
-8.221375
-3.473282
-2.450382
-8.045801
-6.022901
-5.122138
-4.106870
-7.068702
-6.534351
-1.282443
-5.450382
-4.122138
-4.572519
-11.030535
-3.282443
-0.671756
-3.763359
-5.297710
-4.152672
0.213740
5.664122
2.870229
-2.786260
2.923664
-0.740458
4.435114
-5.916030
1.366412
2.832061
0.816794
2.908397
8.671756
3.824427
1.763359
4.496183
4.167939
7.335878
6.854962
3.366412
9.694656
7.717557
6.916030
2.770992
10.229008
10.137404
0.946565
10.595420
8.305344
3.160305
8.916031
2.900763
1.679389
13.656488
7.748092
4.045802
10.160305
10.335877
2.435115
9.229008
8.328244
3.603053
5.893130
9.610687
7.267176
2.595420
5.038168
13.778625
11.244275
12.274809
8.251908
5.450382
5.206107
7.687023
5.198473
1.931298
4.496183
-1.083969
0.854962
1.610687
-1.221374
2.717557
4.969466
0.381679
2.396947
3.977099
0.572519
-0.259542
3.312977
0.351145
-0.335878
-2.526718
-5.106870
-7.045802
-2.229008
-3.145038
-2.045802
0.015267
-3.625954
-5.946565
-5.007634
-4.190840
-6.328244
-2.473282
-1.862595
-1.618321
-2.229008
-2.099237
-5.061069
-9.221375
-4.908397
-9.137404
-9.183207
-8.335877
-6.954198
-7.740458
-5.320611
-4.488550
-3.274809
-3.740458
-2.404580
-5.832061
-5.099236
-4.290076
-3.839695
-5.641222
-6.908397
-6.557252
-6.129771
-6.366412
-2.946565
-6.534351
-6.022901
0.160305
-2.816794
-5.328244
-8.679389
-4.740458
-7.877862
-4.251908
-2.106870
-7.083970
-1.160305
-3.709924
-3.389313
-6.534351
-3.923664
-8.458015
-7.877862
-8.702291
-10.000000
-1.984733
-5.946565
-2.129771
-7.160306
-8.847328
-5.641222
-8.610687
-3.022901
-4.076336
-6.396946
-6.175572
-6.152672
-6.160306
-3.061069
-2.091603
-3.786260
-3.274809
-5.931298
-4.694656
-4.404580
1.633588
1.717557
-0.603053
-4.083970
-4.114504
-2.770992
-0.458015
-1.366412
0.374046
4.824428
-2.076336
-4.396946
2.893130
3.000000
3.221374
-2.320611
0.061069
-2.282443
4.809160
2.702290
-2.122137
0.633588
5.709924
5.091603
3.618321
2.351145
5.374046
6.916030
9.908397
3.824427
8.908397
11.687023
7.778626
6.557252
7.687023
5.916030
11.122137
9.083969
8.442748
7.305344
7.328244
12.908397
12.656488
3.786260
7.702290
8.022901
9.251908
11.984733
6.633588
8.152672
10.931297
7.740458
3.038168
6.312977
7.557252
12.603053
12.221375
10.839695
9.916031
5.519084
1.908397
4.473282
7.496183
11.442748
13.427481
6.633588
7.885496
7.259542
10.259542
9.366412
5.778626
4.458015
14.526717
10.335877
9.030535
10.328244
4.923664
3.236641
4.015267
7.580153
7.893130
6.938931
6.839694
9.221375
8.473283
10.549619
4.564886
9.580153
10.732824
8.473283
6.816794
9.091603
9.763359
8.763359
10.496183
7.549618
9.702291
7.786260
6.450382
8.694656
9.832061
7.679389
8.404580
9.022901
9.839695
6.946565
9.236641
7.343512
7.045802
9.106871
8.809160
9.916031
11.412213
11.267176
10.816793
9.549619
6.137404
11.198473
6.832061
7.732824
7.519084
6.916030
5.832061
10.244275
7.435114
10.702291
11.251908
8.358779
8.045801
9.000000
9.061069
4.877862
6.435114
9.801527
9.824428
9.167939
8.244275
4.969466
6.473282
1.351145
3.251908
1.496183
0.992366
0.679389
-3.603053
-2.106870
-5.564886
-4.839694
-1.786260
-6.045802
-8.854961
-6.427481
-7.183206
-4.213740
-6.770992
-7.572519
-4.175572
-9.992367
-4.427481
-9.030535
-5.801527
-5.511450
-5.343512
-8.015267
-3.870229
-7.549618
-7.335878
-6.664122
-3.671756
-7.198473
-7.473282
-6.015267
-4.366412
-4.717557
-3.564885
-5.580153
-8.404580
-5.183206
-5.534351
-5.099236
-7.679389
-8.061069
-7.984733
-5.572519
-4.916030
-4.458015
-5.137404
-7.984733
-1.740458
-1.854962
-4.946565
-3.000000
-4.679389
-8.534351
-3.572519
-3.824427
-7.961832
-5.885496
-5.587786
-4.122138
-2.778626
-3.893130
-2.832061
-7.221374
-9.702291
-6.427481
-9.572519
-5.167939
-5.977099
-7.549618
-7.931298
-5.099236
-3.007634
-9.839695
-4.778626
-4.557252
-10.549619
-9.305344
-4.083970
-8.488549
-5.603054
-6.511450
-5.427481
-8.732824
-3.725191
-6.366412
-7.282443
-6.267176
-7.610687
-6.244275
-4.068702
-4.893130
-6.290076
-4.015267
-2.503817
-3.832061
-7.595420
-4.541985
-3.572519
-4.564886
-5.916030
-7.114504
-5.320611
-5.496183
-5.374046
-6.435114
-8.022901
-7.022901
-4.862596
-4.335878
-0.343511
-0.916031
-1.259542
2.488550
5.450382
3.000000
0.832061
3.068702
1.969466
4.519084
6.000000
2.717557
7.259542
0.595420
5.419847
1.847328
2.526718
1.503817
2.381679
2.801527
2.977099
0.625954
5.625954
2.923664
3.687023
1.961832
6.854962
3.702290
6.351145
5.076336
1.946565
6.786260
2.374046
3.312977
2.755725
6.328244
1.160305
3.870229
1.755725
7.450382
1.748092
3.717557
5.152672
0.603053
2.503817
0.648855
2.564885
4.396946
2.076336
0.435115
2.175573
2.137405
1.007634
-0.900763
3.625954
-0.709924
1.183206
-0.648855
1.519084
1.893130
1.709924
-1.412214
0.610687
1.969466
3.389313
3.961832
-0.916031
-0.137405
1.900763
0.267176
2.526718
2.702290
2.435115
0.328244
-2.175573
2.122137
2.381679
-1.931298
1.122137
1.671756
-1.022901
0.244275
1.679389
1.862595
0.748092
-1.465649
-2.419847
-1.648855
2.381679
2.625954
-2.160305
-1.931298
6.312977
0.557252
1.625954
-0.519084
-1.763359
-0.618321
0.969466
-0.152672
2.450382
0.877863
-2.404580
0.786260
1.664122
5.633588
1.167939
-0.618321
1.969466
-3.007634
-0.709924
1.198473
-0.030534
1.870229
-1.496183
0.213740
1.267176
-1.862595
-0.206107
-0.244275
-0.435115
-0.122137
0.473282
-1.114504
3.061069
1.885496
-0.267176
1.954198
-1.702290
1.152672
2.267176
-0.977099
3.419847
1.694656
-2.519084
-2.969466
-0.290076
1.343511
-0.763359
0.534351
-0.786260
0.129771
-1.061069
-0.145038
0.473282
-1.473282
1.778626
0.083969
-1.244275
-0.137405
1.442748
-1.282443
-1.916031
-0.022901
0.854962
0.587786
1.267176
-0.122137
-0.015267
0.274809
-1.412214
-0.732824
1.251908
1.458015
-0.923664
3.061069
2.748092
0.343511
-0.343511
2.854962
3.000000
-4.633588
3.099237
-0.396947
-0.519084
1.641221
2.022901
6.358778
2.885496
1.534351
0.175573
0.709924
4.961832
-1.885496
3.900763
6.816794
9.282443
1.053435
4.687023
1.267176
0.419847
4.167939
6.404580
5.137404
1.061069
0.473282
1.572519
6.358778
0.763359
0.419847
3.198473
-2.137405
2.595420
1.343511
1.007634
-1.809160
-1.106870
-1.854962
0.793893
-0.274809
1.190840
0.412214
-0.244275
3.969466
1.496183
0.801527
1.961832
-3.877863
1.076336
0.832061
0.213740
3.274809
1.198473
5.343512
1.656489
3.251908
-1.877863
3.511450
0.137405
2.709924
-1.961832
-0.702290
-1.167939
3.007634
-0.839695
1.877863
0.328244
2.190840
-2.793893
4.160306
-1.702290
7.366412
-0.351145
0.740458
-2.236641
-0.183206
-3.122137
0.419847
0.595420
0.664122
-2.152672
3.633588
0.839695
-0.687023
1.328244
2.267176
-0.374046
-1.618321
-4.618320
-2.206107
-2.725191
0.503817
-4.832061
-4.328244
-3.610687
-1.916031
-1.114504
-3.106870
-5.893130
-1.488550
0.709924
-3.809160
-1.824427
-2.480916
-1.061069
-6.923664
-5.618320
-6.312977
-1.152672
-2.954198
-3.412214
-6.282443
-4.595420
0.213740
-0.534351
0.938931
-2.503817
-3.175573
-5.916030
-4.183206
2.381679
-3.801527
-9.213740
-7.908397
-3.083969
-0.755725
-0.618321
-7.251908
-8.015267
-3.145038
-4.145038
0.488550
-8.282443
5.526718
-9.625955
-1.786260
-5.244275
-2.931298
-7.480916
-1.984733
1.381679
0.847328
-6.877862
-0.870229
-0.458015
0.503817
-2.793893
-0.114504
4.488550
-4.603054
-0.496183
-3.106870
-0.160305
-1.175573
-1.160305
2.557252
-1.900763
0.038168
4.206107
-8.022901
-0.244275
-1.732824
-6.435114
1.992366
-4.519084
3.480916
-2.656489
-1.213740
-1.870229
-1.526718
1.091603
-0.458015
3.351145
-4.099236
6.358778
-7.122138
0.923664
1.900763
-3.221374
4.404580
-2.503817
0.007634
-3.847328
2.465649
-5.396946
2.259542
-1.801527
-1.396947
-1.435115
-7.908397
-0.145038
2.824427
-4.442748
-0.427481
1.839695
-2.610687
1.251908
-1.473282
2.122137
0.137405
-7.137404
5.541985
-5.564886
0.389313
-0.229008
0.007634
3.931298
-1.450382
-4.335878
3.977099
1.145038
-2.427481
2.458015
3.748092
1.580153
2.167939
-5.801527
-1.916031
-0.824427
-0.221374
0.526718
-2.541985
-0.229008
0.557252
-1.656489
4.206107
-3.793893
2.595420
-1.557252
4.793893
2.893130
-2.404580
0.183206
1.290076
2.251908
-0.870229
7.335878
-0.381679
1.099237
3.351145
0.328244
4.404580
-1.961832
2.000000
-3.114504
-0.610687
0.343511
3.488550
-0.076336
1.396947
-2.694656
6.396946
2.641221
3.961832
1.511450
4.122138
5.015267
1.427481
-0.129771
-2.862595
2.526718
4.473282
-1.488550
0.312977
7.442748
1.633588
-0.511450
7.083970
-1.832061
3.335878
-3.984733
1.412214
6.007634
2.572519
0.022901
-0.045802
3.122137
-0.229008
-2.450382
-1.022901
4.580153
1.725191
-2.564885
0.305344
0.641221
-3.000000
-2.526718
-1.412214
-0.816794
1.839695
3.717557
-6.068702
9.435115
-3.312977
1.458015
2.816794
-2.885496
6.358778
-4.229008
4.671756
3.664122
-1.389313
2.351145
-3.396947
1.076336
0.564885
3.381679
-0.603053
2.358779
1.778626
-0.557252
5.473282
2.923664
-3.114504
-3.923664
4.748092
0.572519
6.053435
1.419847
1.854962
4.732824
4.068702
2.183206
3.152672
3.877863
-1.427481
0.847328
-3.045802
0.778626
-1.259542
-3.160305
3.633588
-5.328244
8.038168
-6.908397
4.145038
-5.297710
2.755725
-2.358779
2.458015
3.480916
2.610687
2.038168
-1.969466
2.061069
1.343511
-5.625954
10.793893
-7.435114
5.992366
-0.816794
-3.595420
-4.015267
-2.809160
-5.190840
-2.076336
-1.129771
-5.969466
-1.045802
-1.671756
-4.328244
-2.251908
-3.038168
-2.229008
-4.618320
-5.854962
-7.175572
-4.267176
-3.480916
0.885496
-6.274809
-3.458015
-5.488550
-5.343512
-4.083970
-2.587786
-5.175572
-1.022901
-1.557252
-1.755725
-2.633588
-2.503817
-3.099237
-7.396946
-3.786260
-2.274809
-2.572519
-5.053435
-5.778626
-4.129771
-3.908397
-0.244275
-4.190840
-5.190840
-2.702290
-6.251908
-0.480916
-4.175572
-2.458015
-5.312977
-3.641221
-5.763359
-3.206107
-1.908397
-4.511450
-3.633588
-5.610687
-2.076336
-2.259542
-0.938931
-2.770992
3.801527
-2.664122
1.251908
-0.061069
2.335878
0.961832
2.045802
-2.916031
1.801527
-2.717557
-1.183206
-0.114504
2.282443
-1.694656
3.190840
3.603053
-5.083970
-0.839695
1.740458
-1.564885
0.450382
1.320611
-1.038168
0.496183
1.557252
2.893130
0.709924
0.374046
1.595420
-3.511450
1.442748
1.931298
0.389313
-1.259542
-1.061069
1.404580
-0.595420
-0.458015
0.183206
-2.083969
1.396947
3.748092
0.557252
-0.396947
2.190840
1.839695
-0.015267
-1.030534
-0.183206
0.427481
-0.007634
4.679389
-1.282443
-2.427481
0.694656
-1.748092
2.824427
-1.351145
1.000000
0.183206
0.404580
0.091603
-1.305344
0.229008
-0.763359
3.312977
-1.770992
2.351145
1.496183
-4.190840
2.068702
4.541985
-1.687023
0.557252
-1.938931
3.725191
1.580153
-1.961832
1.335878
-0.061069
0.832061
1.977099
-2.412214
0.664122
-0.824427
0.648855
-2.244275
0.320611
0.381679
-1.946565
-1.320611
-1.114504
2.251908
-1.748092
0.671756
-1.106870
3.877863
0.839695
1.435115
1.007634
5.290076
2.763359
3.320611
3.419847
-0.473282
4.679389
-0.656489
2.931298
-4.900764
7.297710
-2.488550
3.198473
-0.992366
0.671756
-1.671756
-3.511450
3.190840
-0.648855
4.015267
-0.297710
0.763359
-3.618321
3.114504
6.282443
-1.480916
-0.809160
0.511450
-2.305344
0.618321
-2.206107
2.251908
-3.290076
-0.351145
9.099236
0.175573
-2.404580
2.404580
-2.770992
-1.389313
-0.106870
-2.740458
4.000000
5.534351
-0.656489
2.412214
1.603053
-2.389313
5.832061
2.801527
0.541985
3.801527
-0.290076
5.083970
-0.633588
-5.236641
2.015267
-4.961832
3.274809
3.931298
0.480916
-0.022901
2.480916
-6.893130
-1.183206
-0.366412
-0.793893
3.938931
3.847328
-4.358778
6.503817
0.244275
-3.923664
2.603053
0.244275
7.175572
4.625954
1.000000
5.755725
0.503817
1.244275
-1.076336
-1.229008
3.809160
8.175572
1.541985
3.885496
0.160305
0.916031
0.099237
1.755725
-0.916031
1.946565
2.068702
0.801527
-1.068702
1.076336
0.267176
0.076336
2.061069
-1.335878
1.259542
2.145038
2.374046
4.221374
4.862596
1.572519
4.671756
3.442748
-0.816794
6.839694
6.251908
1.267176
3.832061
6.206107
9.717557
6.213740
3.969466
5.374046
6.595420
1.916031
3.824427
1.793893
4.137404
1.656489
-0.809160
1.977099
1.687023
4.809160
0.862595
-0.038168
-1.358779
0.465649
-4.541985
-3.022901
-2.030534
2.167939
-0.755725
-0.114504
-2.908397
-2.671756
-7.061069
-5.488550
-2.068702
-2.786260
-2.068702
-4.000000
-3.618321
-4.488550
-3.167939
-1.167939
-3.893130
-4.908397
-2.648855
-4.641222
-2.206107
-4.755725
-1.580153
-4.244275
-3.015267
0.015267
-1.236641
-1.381679
0.167939
-1.167939
-3.465649
-1.503817
-0.374046
1.007634
1.160305
-1.763359
3.312977
4.625954
6.061069
2.778626
-0.908397
3.274809
2.312977
0.992366
3.908397
-0.587786
3.251908
1.412214
-1.633588
0.045802
1.923664
4.641222
-0.145038
0.633588
0.946565
-0.282443
-1.244275
1.404580
2.396947
2.091603
2.328244
-0.480916
3.534351
3.534351
1.305344
0.770992
5.618320
5.572519
2.458015
6.358778
4.541985
2.847328
4.022901
4.854962
6.961832
0.625954
0.503817
5.068702
0.488550
-1.702290
1.763359
2.312977
-0.900763
1.442748
1.832061
-2.305344
-3.458015
3.160305
1.641221
0.396947
0.923664
1.610687
0.870229
-1.244275
0.679389
3.366412
-0.526718
-2.267176
1.610687
1.129771
3.045802
0.091603
-0.396947
-0.984733
-1.816794
0.152672
0.458015
2.809160
2.488550
0.656489
0.358779
-0.366412
-1.442748
-2.809160
1.549618
0.717557
-1.427481
0.274809
0.961832
-0.038168
-1.320611
-4.083970
0.816794
-1.725191
-1.625954
1.648855
2.068702
-3.343511
1.572519
-0.557252
-1.045802
4.633588
3.511450
4.603054
6.480916
7.267176
6.297710
4.503817
5.580153
5.244275
7.213740
5.450382
5.687023
3.862595
4.175572
4.274809
6.122138
6.709924
4.511450
2.809160
6.000000
4.328244
2.633588
5.053435
-0.396947
4.862596
5.244275
0.938931
2.893130
4.358778
-1.541985
2.236641
0.816794
0.496183
0.801527
0.038168
1.725191
-2.694656
-0.809160
1.900763
-1.694656
-1.312977
1.572519
-0.824427
1.404580
-2.381679
-1.114504
0.221374
-0.412214
-2.099237
0.000000
0.335878
-0.213740
1.748092
-1.946565
-2.679389
-1.000000
-1.496183
2.969466
1.030534
-3.725191
-2.862595
-4.183206
-0.603053
0.656489
-1.740458
-1.641221
0.175573
-2.175573
-4.099236
1.213740
-2.694656
-0.496183
-0.389313
-4.366412
1.702290
-1.717557
-1.786260
-2.961832
-4.770992
-1.977099
-2.847328
-0.977099
-2.931298
0.244275
0.603053
-3.236641
-2.641221
-4.885496
-4.038168
-0.603053
-3.862595
2.755725
-3.587786
-0.916031
-0.816794
-2.916031
-3.137405
-3.083969
-4.717557
-2.206107
-1.671756
3.335878
-2.152672
-1.076336
-0.473282
-1.106870
-0.984733
-3.519084
-1.038168
-0.022901
1.190840
-3.083969
-0.793893
0.442748
-0.068702
-0.419847
-4.694656
-1.251908
-1.030534
-3.442748
0.030534
-1.984733
0.465649
0.587786
-0.442748
-4.145038
-0.343511
-0.435115
0.541985
-1.503817
-0.175573
-1.503817
-1.893130
-1.000000
-2.335878
0.946565
-3.404580
-0.290076
-1.198473
-0.961832
2.122137
-0.038168
-1.702290
1.923664
-1.702290
1.610687
1.664122
0.969466
-0.725191
2.587786
2.954198
2.687023
-0.954198
1.641221
7.755725
4.854962
2.679389
2.839695
-1.198473
0.061069
-0.717557
3.908397
5.129771
8.572519
5.641222
7.877862
5.007634
2.343511
7.152672
6.526718
6.129771
6.091603
7.335878
5.900764
7.488550
3.938931
6.221374
6.007634
9.770992
5.435114
4.511450
6.137404
5.526718
3.786260
7.351145
4.282443
6.267176
6.923664
2.595420
3.977099
5.679389
4.557252
6.656488
9.412213
9.076336
7.297710
6.290076
10.282443
9.206107
5.824428
9.305344
6.786260
2.961832
4.206107
0.908397
1.809160
-1.343511
-2.221374
-3.053435
-4.122138
0.740458
-2.641221
-0.183206
0.351145
3.320611
1.717557
0.763359
2.053435
-0.954198
-3.045802
-5.381680
-1.488550
-3.786260
-0.839695
-5.328244
-2.938931
0.221374
-3.473282
-0.374046
-1.381679
-2.030534
-2.427481
2.206107
-5.366412
-8.763359
-9.099236
-4.511450
-4.496183
-6.770992
-3.099237
-6.122138
-3.534351
-6.458015
-3.931298
-3.809160
-2.198473
-3.458015
-3.419847
-3.763359
-3.099237
-6.664122
-2.519084
-3.732824
-3.870229
-0.732824
-4.885496
-4.809160
-0.839695
-10.274809
-3.458015
-1.458015
-12.786260
5.412214
-10.167939
-9.725191
-5.244275
-2.129771
-7.816794
0.274809
-9.549619
1.748092
-12.106871
1.053435
-10.854961
-6.320611
3.755725
-11.236641
4.290076
-1.580153
-5.534351
-0.679389
-0.770992
-4.870229
2.030534
-3.312977
-3.473282
-2.977099
0.114504
-7.862596
-6.885496
-1.977099
1.572519
-2.473282
-5.305344
-2.145038
-1.854962
-4.450382
-1.259542
-3.412214
6.091603
-9.343512
-0.244275
-2.923664
0.557252
-0.709924
-1.687023
-2.755725
0.145038
-1.854962
-5.450382
-3.412214
-2.664122
-2.335878
-4.190840
0.587786
-2.480916
-3.267176
-4.312977
-2.450382
2.007634
1.076336
0.053435
-0.977099
-3.320611
3.427481
1.816794
-0.083969
-0.236641
-2.343511
1.496183
1.167939
0.236641
-0.770992
-0.664122
-1.320611
-0.007634
4.366412
1.122137
-0.801527
-1.809160
1.717557
-0.145038
2.961832
0.572519
2.854962
1.671756
0.290076
-0.274809
0.381679
4.190840
5.274809
2.274809
-1.526718
-1.908397
-0.893130
4.267176
-5.648855
8.312977
-5.877862
2.396947
4.030534
-5.183206
4.580153
0.671756
6.526718
-2.549618
-1.885496
0.961832
-1.885496
1.954198
6.572519
-0.290076
-1.916031
3.824427
-1.580153
6.091603
-7.984733
8.488549
-1.503817
-2.641221
-4.229008
5.335878
2.343511
-4.366412
-3.045802
2.106870
2.053435
0.190840
3.755725
3.015267
4.122138
-3.694656
0.122137
-3.618321
0.755725
3.717557
3.045802
2.977099
1.458015
1.473282
-1.946565
-1.671756
2.633588
-2.083969
2.320611
-2.740458
0.167939
3.274809
-3.511450
3.022901
2.496183
-1.091603
1.068702
-0.083969
5.793893
0.862595
0.312977
4.137404
-3.290076
1.328244
0.770992
0.053435
2.648855
3.534351
4.343512
5.282443
3.137405
-2.702290
1.160305
-1.503817
-1.297710
2.427481
2.496183
3.877863
-0.816794
-0.923664
2.320611
-1.618321
1.931298
1.106870
1.801527
3.053435
-1.381679
-2.091603
-1.480916
2.045802
10.709924
7.351145
2.893130
2.419847
4.152672
4.259542
9.526717
4.778626
9.190840
4.580153
6.801527
2.465649
4.900764
6.458015
5.770992
7.366412
6.809160
6.282443
4.633588
10.152672
8.748092
6.694656
0.877863
11.320611
9.961832
10.847328
9.938931
1.274809
7.022901
10.740458
8.091603
7.595420
5.740458
4.541985
10.038168
7.572519
5.824428
11.503817
5.015267
6.374046
9.702291
7.297710
5.725191
4.755725
10.358779
3.862595
10.083969
2.503817
3.435115
13.389313
3.809160
9.824428
3.961832
10.030535
9.458015
8.412213
4.244275
8.076336
12.595420
4.335878
10.152672
4.946565
8.648855
6.305344
9.633588
6.862596
6.076336
12.396947
-2.061069
12.389313
4.931298
10.244275
8.038168
6.549618
5.946565
4.854962
9.984733
7.083970
11.259542
4.419847
11.885496
8.412213
4.312977
14.267176
-3.969466
15.175572
-1.450382
13.725191
10.984733
3.832061
14.198473
2.564885
18.961832
-1.709924
16.404581
1.282443
13.236641
5.358778
3.244275
11.152672
2.190840
16.526718
-2.694656
14.389313
3.572519
7.832061
5.862596
3.763359
7.137404
7.572519
4.793893
8.419847
11.145039
7.709924
3.465649
10.312977
6.916030
9.190840
9.954199
6.152672
3.847328
6.251908
10.916031
6.641222
6.145038
9.221375
6.022901
9.114504
10.717557
9.305344
12.206107
7.908397
5.641222
6.656488
5.458015
1.908397
14.106871
9.152672
14.244275
6.274809
4.961832
5.175572
2.961832
9.083969
11.709924
10.900764
4.068702
5.312977
3.557252
5.427481
9.740458
8.580153
12.221375
9.854961
4.748092
8.977099
6.061069
9.648855
8.190840
12.450381
7.305344
4.770992
10.793893
5.847328
5.564886
14.236641
12.183207
12.145039
9.786260
9.656488
8.786260
7.068702
4.091603
8.534351
6.374046
6.068702
8.076336
8.847328
10.488549
11.190840
9.572519
9.068703
5.274809
5.687023
8.862596
7.106870
3.702290
3.832061
7.671756
6.526718
7.251908
6.748092
8.977099
4.664122
7.893130
6.526718
5.732824
4.549618
13.030535
10.786260
9.549619
9.274809
12.740458
11.541985
12.381680
13.015267
11.030535
10.290076
2.160305
3.580153
5.503817
5.687023
5.274809
6.748092
8.496183
6.335878
5.076336
7.427481
7.893130
4.809160
6.427481
5.656488
2.335878
4.297710
1.091603
5.129771
6.541985
7.343512
7.709924
0.625954
6.954198
3.603053
5.007634
1.312977
-0.167939
-1.251908
-3.236641
3.007634
-2.954198
-0.557252
-4.419847
-4.091603
-8.259542
-7.480916
-7.534351
-1.702290
-8.236641
-7.198473
-2.778626
-10.167939
-4.045802
-4.839694
-9.648855
-9.610687
-7.297710
-2.099237
-1.503817
-5.587786
-7.312977
-3.251908
-7.419847
-9.534351
-3.709924
-5.770992
-6.549618
-6.618320
-4.259542
-4.671756
-5.167939
-6.862596
-3.633588
-5.068702
-7.015267
-3.404580
-6.580153
-3.984733
-7.458015
-5.213740
-5.114504
-3.618321
-2.343511
-2.335878
-7.022901
-7.969466
-5.305344
-7.236641
-4.137404
-8.152672
0.709924
-7.893130
-4.679389
-8.000000
-4.748092
-6.122138
-5.916030
-7.748092
-9.099236
-8.641221
-6.641222
-7.572519
-6.351145
-0.374046
-5.465649
-1.061069
-4.129771
-9.435115
-6.213740
-6.229008
-6.351145
-5.396946
-3.610687
-7.145038
-6.038168
-4.312977
-6.412214
-4.732824
-8.526717
-5.519084
-4.778626
-6.320611
-6.351145
-7.648855
-8.740458
-3.725191
-3.114504
-2.137405
-5.541985
-3.908397
-6.038168
-7.274809
-6.114504
-5.961832
-9.190840
-4.358778
-9.519084
-5.496183
-7.221374
-4.839694
-3.725191
-5.633588
-0.603053
-1.389313
-7.633588
-3.106870
-6.503817
-8.282443
-7.030534
-6.236641
-7.152672
-6.404580
-7.778626
-7.206107
-6.175572
-3.381679
-2.419847
-7.106870
-4.541985
-7.679389
-3.541985
-8.038168
-4.251908
-3.458015
-4.717557
-4.732824
-3.908397
-2.541985
-5.633588
-2.961832
-5.770992
-5.832061
-5.916030
-6.198473
-6.786260
-8.061069
-4.366412
-9.931297
-5.267176
-6.885496
-4.755725
-9.167939
-6.061069
-7.541985
-9.641221
-7.412214
-6.671756
-10.000000
-7.801527
-4.351145
-1.007634
-5.038168
0.541985
-9.610687
2.755725
-6.671756
1.152672
-0.221374
-9.839695
-0.526718
-3.916031
-1.664122
1.206107
-8.374045
6.755725
-2.343511
6.839694
-2.709924
-6.854962
2.030534
3.770992
-2.633588
-5.709924
3.526718
-3.526718
-0.099237
4.519084
-4.198473
-5.748092
-0.038168
-1.984733
3.061069
-3.221374
-1.931298
-2.793893
-2.076336
-1.801527
-1.671756
2.603053
-0.549618
-2.725191
-2.328244
-0.503817
1.412214
-2.404580
0.488550
2.030534
0.717557
-1.106870
1.381679
1.725191
-0.717557
0.458015
1.923664
-1.129771
1.076336
1.519084
1.419847
-0.274809
1.671756
3.778626
-0.648855
-0.366412
1.160305
2.396947
7.435114
-0.366412
4.793893
2.557252
2.824427
3.038168
1.816794
1.007634
1.015267
-0.625954
-0.534351
2.618321
3.274809
3.458015
-2.412214
3.053435
0.396947
1.916031
0.465649
-1.755725
-1.656489
3.022901
-1.396947
0.725191
0.816794
-2.496183
-1.824427
0.633588
-0.274809
0.465649
1.580153
1.053435
2.290076
0.954198
1.244275
-2.229008
0.511450
2.816794
1.282443
0.122137
1.854962
1.351145
2.152672
0.503817
-1.671756
4.167939
0.885496
-0.877863
3.839695
-0.351145
1.664122
0.106870
0.862595
0.748092
-1.137405
0.725191
0.671756
0.442748
-0.206107
1.045802
0.458015
2.480916
1.954198
1.038168
1.755725
-1.961832
2.923664
3.511450
1.755725
1.511450
0.053435
-0.664122
-0.465649
-0.923664
0.755725
0.114504
0.755725
-1.297710
1.435115
3.473282
5.122138
3.450382
2.748092
-1.229008
-0.183206
3.396947
0.786260
3.503817
-4.763359
7.190840
-2.152672
1.687023
-1.488550
2.305344
-0.343511
2.251908
1.137405
-2.519084
0.961832
0.870229
2.122137
1.931298
3.312977
1.534351
1.572519
0.022901
-0.442748
2.030534
1.740458
4.839694
4.610687
1.274809
1.068702
-1.786260
-1.335878
4.435114
4.595420
3.083969
-0.175573
-1.351145
-1.152672
1.519084
-1.396947
-2.328244
2.572519
-1.526718
-0.488550
-3.045802
2.076336
-2.061069
-0.251908
2.458015
-0.687023
5.519084
2.312977
-0.137405
-1.763359
-2.206107
4.381680
3.503817
1.167939
4.435114
-3.274809
-2.106870
0.748092
2.358779
4.282443
-0.358779
0.625954
-1.519084
-2.305344
0.061069
3.221374
2.916031
6.671756
3.251908
-1.641221
2.748092
1.725191
3.000000
3.656489
2.755725
2.259542
-3.435115
3.404580
0.374046
-0.114504
3.175573
3.908397
2.167939
-2.641221
5.595420
0.053435
3.007634
4.900764
2.748092
4.366412
1.954198
2.900763
0.618321
0.488550
-4.114504
1.755725
0.106870
2.251908
-0.557252
-0.374046
-1.381679
-0.068702
0.793893
-2.687023
2.480916
0.702290
-1.580153
-0.679389
3.709924
2.061069
2.534351
-3.770992
2.396947
-1.061069
-0.580153
-2.595420
-2.610687
-1.381679
2.267176
2.816794
0.770992
-2.748092
-0.061069
-2.419847
3.458015
-1.030534
1.244275
2.198473
-3.190840
-3.030534
0.801527
-1.954198
3.190840
1.435115
-0.625954
4.625954
2.801527
-0.351145
1.908397
-0.961832
1.748092
5.358778
0.129771
2.564885
0.114504
-1.816794
-0.572519
1.160305
-1.206107
3.061069
-4.702290
6.511450
-1.885496
1.564885
-0.854962
2.389313
-0.290076
4.618320
-1.832061
1.641221
-1.870229
-1.091603
3.893130
-0.435115
-1.595420
1.519084
-1.351145
2.839695
-1.885496
-1.190840
-1.534351
2.992366
-4.274809
2.442748
0.106870
3.816794
2.114504
3.564885
1.572519
3.274809
1.877863
-0.587786
2.412214
1.549618
-0.877863
-6.854962
7.137404
-0.030534
1.419847
-3.641221
-2.297710
7.267176
-2.267176
1.045802
7.076336
-8.297709
3.618321
-5.763359
6.770992
-3.473282
1.236641
5.259542
-4.816794
5.564886
-1.870229
1.213740
3.404580
-2.816794
4.007634
-8.022901
5.114504
-0.351145
-1.885496
6.396946
-2.465649
2.450382
7.213740
-7.068702
-6.396946
0.160305
5.114504
-3.938931
9.007633
-1.007634
-1.068702
2.458015
-5.274809
4.740458
5.381680
2.557252
-3.641221
10.213740
-5.580153
6.038168
-1.259542
-3.549618
3.358779
-4.038168
-6.496183
6.610687
-7.305344
7.259542
-9.259542
5.931298
-7.442748
6.984733
-4.770992
6.167939
3.519084
3.297710
-1.832061
1.335878
6.007634
1.870229
1.160305
4.908397
-8.984733
5.038168
3.312977
3.167939
7.503817
-13.969465
-1.847328
-0.870229
2.175573
5.786260
9.725191
7.778626
-8.656488
-1.923664
-1.473282
8.076336
3.923664
4.465649
3.877863
-0.847328
4.664122
-0.396947
-7.000000
6.167939
-2.778626
-4.053435
4.656488
0.091603
-3.839695
2.335878
1.961832
-8.099236
-0.717557
-5.557252
2.374046
4.396946
-5.145038
3.206107
5.053435
-2.496183
-4.106870
1.877863
4.519084
3.183206
-5.641222
0.061069
4.625954
-0.618321
1.091603
-2.923664
3.900763
1.236641
2.778626
0.511450
-0.755725
7.038168
0.053435
3.740458
4.854962
1.770992
2.610687
4.351145
6.595420
1.687023
2.541985
1.854962
0.946565
1.854962
5.106870
3.862595
2.198473
1.435115
-0.725191
2.961832
-1.267176
10.832061
-3.320611
10.244275
-1.557252
2.969466
7.763359
-3.618321
-4.442748
4.343512
-5.244275
7.877862
4.083970
6.374046
3.259542
-0.847328
2.625954
1.083969
4.404580
-0.687023
4.236641
-3.412214
3.709924
-5.541985
6.152672
-1.244275
2.267176
0.633588
-4.572519
1.496183
4.824428
2.137405
4.091603
1.587786
-2.297710
-0.717557
-3.618321
-3.435115
2.274809
0.992366
3.290076
-1.709924
-0.687023
-2.496183
-3.000000
0.374046
1.366412
0.038168
1.290076
0.755725
-1.961832
-0.450382
1.900763
5.496183
2.015267
-4.274809
5.320611
-6.801527
-3.916031
7.083970
-3.145038
-3.190840
-0.099237
-2.160305
1.038168
-5.000000
11.251908
-8.618320
6.351145
-1.244275
3.305344
-0.564885
2.122137
-1.053435
0.083969
2.793893
3.923664
-1.709924
1.511450
10.946565
-11.854961
-6.213740
14.488549
-4.778626
-10.381680
12.274809
-9.236641
8.938931
6.152672
-2.465649
-5.908397
6.625954
3.900763
-0.725191
-1.473282
0.984733
7.343512
-6.106870
2.969466
7.480916
3.000000
-4.717557
-1.312977
2.740458
4.366412
-1.396947
-6.916030
-7.038168
3.167939
6.244275
0.083969
-2.541985
-3.519084
-3.503817
6.709924
6.618320
0.061069
1.099237
-2.671756
-3.992366
2.541985
2.885496
0.152672
-0.480916
3.893130
4.198473
-5.091603
-2.847328
6.213740
-0.412214
-2.572519
0.175573
3.946565
6.969466
-2.931298
-2.412214
3.931298
6.251908
-3.412214
1.877863
-5.305344
1.099237
0.183206
1.259542
2.114504
1.816794
-1.312977
2.954198
0.106870
-1.458015
2.793893
2.511450
-0.351145
-0.938931
-0.419847
-0.625954
-4.335878
-1.839695
1.061069
-1.404580
0.244275
1.641221
1.709924
1.709924
0.091603
-0.824427
1.404580
-0.595420
2.320611
0.839695
3.183206
-0.541985
4.335878
3.961832
5.580153
2.160305
0.587786
1.274809
-0.061069
1.473282
2.854962
0.946565
-0.282443
0.496183
-2.083969
-2.091603
-1.564885
-3.702290
0.534351
-3.229008
0.091603
-3.541985
-2.541985
-2.152672
0.954198
-0.496183
-1.793893
-2.312977
0.587786
-0.335878
-1.778626
0.000000
0.687023
2.099237
2.374046
-0.557252
2.175573
2.587786
0.206107
4.083970
0.564885
1.366412
1.160305
0.916031
-1.793893
0.480916
0.274809
0.435115
-1.053435
2.114504
0.580153
-2.068702
0.564885
-0.786260
-2.259542
1.893130
1.656489
1.290076
-0.076336
-0.938931
0.328244
2.343511
-0.435115
1.526718
2.167939
2.343511
-3.435115
-0.229008
2.763359
0.114504
0.587786
2.549618
1.137405
5.213740
1.503817
3.396947
6.389313
2.961832
-0.519084
7.099236
4.938931
-1.160305
7.717557
-0.267176
4.641222
2.427481
-2.595420
4.259542
-1.984733
6.717557
-1.083969
7.564886
1.480916
-0.122137
11.404580
1.282443
4.839694
8.877863
0.633588
0.251908
10.145039
-0.236641
7.587786
5.778626
-3.404580
5.557252
-2.473282
-0.274809
-6.503817
4.190840
-5.763359
0.984733
0.030534
0.175573
4.045802
2.832061
0.000000
4.564886
2.931298
1.458015
-0.213740
4.633588
-5.022901
8.748092
-4.290076
4.114504
-1.335878
-3.419847
4.007634
0.740458
-3.969466
6.625954
-9.938931
3.351145
-3.854962
5.381680
-0.114504
6.053435
-3.129771
8.274809
-5.595420
2.786260
-0.648855
5.175572
-4.358778
5.091603
-6.129771
2.931298
-1.702290
4.450382
-4.488550
2.396947
-4.343512
4.267176
-2.206107
4.519084
-3.343511
6.694656
0.061069
4.725191
-4.900764
8.870229
-5.343512
1.419847
4.106870
-6.633588
5.534351
-5.801527
-0.885496
1.877863
-5.541985
7.725191
-5.091603
-1.709924
-0.374046
-1.755725
-4.038168
-0.297710
2.473282
-7.786260
-1.022901
-1.725191
2.244275
-2.641221
3.305344
-3.106870
-0.633588
10.106871
-1.167939
3.297710
-6.801527
2.251908
-2.488550
4.404580
2.496183
-4.839694
1.122137
3.137405
0.404580
-5.328244
-3.541985
-1.206107
0.946565
-0.809160
3.122137
-5.114504
-1.305344
-1.862595
6.770992
-6.282443
5.793893
-3.061069
-0.786260
3.091603
-2.167939
-1.580153
-1.625954
1.435115
1.435115
2.526718
-2.335878
9.946565
2.549618
0.618321
4.351145
-5.709924
2.114504
-1.488550
1.374046
5.328244
-2.412214
4.374046
-6.671756
10.335877
-4.343512
6.641222
-2.908397
3.183206
6.793893
-1.259542
7.259542
-2.435115
7.465649
-1.656489
7.000000
-4.290076
6.091603
-4.641222
-1.473282
1.877863
0.900763
2.488550
4.717557
4.137404
8.519084
-0.519084
4.824428
-3.419847
-1.687023
6.091603
0.526718
1.717557
1.770992
4.351145
-1.809160
-4.755725
1.259542
-0.641221
-1.343511
3.358779
1.923664
-1.923664
0.366412
0.511450
-0.473282
-0.473282
-1.664122
1.877863
1.908397
0.717557
0.259542
1.694656
3.748092
2.167939
3.519084
0.320611
0.198473
0.816794
0.832061
2.312977
-1.839695
-2.694656
0.618321
-4.091603
2.847328
-2.000000
1.045802
0.396947
2.213740
2.267176
-3.679389
-2.770992
2.664122
-0.274809
-4.404580
5.091603
5.045802
0.206107
0.748092
1.732824
0.732824
5.007634
0.435115
-3.541985
2.000000
3.282443
-2.618321
0.870229
3.473282
-0.992366
0.312977
1.374046
1.854962
-4.022901
-2.633588
1.908397
-3.603053
3.748092
0.389313
-0.916031
1.328244
-4.343512
10.129771
-8.122137
5.870229
-5.381680
-1.198473
3.015267
5.954198
2.358779
-4.648855
-4.282443
0.717557
1.068702
-2.816794
-0.816794
3.801527
3.709924
-1.038168
3.580153
1.465649
2.618321
-0.290076
2.832061
1.030534
0.496183
1.030534
0.832061
0.152672
0.083969
1.809160
-0.297710
1.206107
-1.496183
-1.694656
1.122137
0.045802
0.450382
-4.435114
-1.572519
2.099237
0.076336
0.763359
0.213740
-2.587786
-3.755725
0.770992
-1.061069
-0.687023
-0.656489
-3.717557
2.244275
-1.198473
3.282443
-4.519084
-2.671756
0.160305
1.351145
1.564885
-3.641221
0.099237
0.458015
-2.366412
-1.038168
2.045802
2.725191
-0.152672
-1.709924
-3.541985
-0.847328
3.564885
1.748092
-2.106870
4.732824
1.778626
0.763359
-1.274809
-0.572519
1.977099
2.160305
-2.816794
2.282443
-0.229008
3.900763
1.404580
-0.435115
1.954198
-1.007634
1.175573
-1.755725
2.061069
2.244275
0.038168
0.641221
-2.587786
3.213740
0.679389
0.358779
-0.381679
2.297710
-0.610687
-3.480916
-1.053435
1.183206
-1.183206
-2.160305
0.725191
1.786260
-3.503817
0.282443
-0.045802
-0.015267
-3.816794
-6.816794
-2.045802
0.572519
1.534351
2.312977
-0.564885
0.870229
-1.702290
1.068702
-1.900763
-2.709924
-2.610687
-3.862595
-0.473282
1.206107
1.877863
0.938931
3.206107
3.610687
-0.687023
5.809160
2.557252
2.931298
-2.175573
5.152672
-1.068702
1.099237
-0.137405
0.099237
5.519084
-3.526718
9.152672
1.206107
1.198473
-0.778626
-3.694656
6.129771
-1.412214
2.839695
-2.572519
3.946565
-1.862595
-2.389313
6.038168
-3.587786
2.618321
0.923664
-3.374046
2.854962
-4.442748
1.877863
5.977099
5.099236
2.053435
-5.053435
3.931298
7.725191
-4.534351
-0.015267
5.167939
-6.068702
4.480916
0.931298
2.870229
7.198473
-6.656488
3.351145
-1.267176
4.305344
3.282443
-2.396947
4.870229
0.183206
4.351145
1.404580
-7.129771
3.251908
-4.656488
3.297710
2.473282
-0.648855
3.312977
-2.221374
9.091603
-2.755725
-2.916031
1.496183
1.969466
2.427481
-2.198473
-4.458015
3.022901
5.603054
0.351145
-2.511450
2.083969
-1.641221
-3.290076
-0.679389
0.541985
9.022901
3.076336
0.152672
-2.030534
-3.732824
-0.946565
-0.885496
-3.732824
-0.931298
1.595420
0.358779
5.267176
3.778626
8.610687
7.687023
0.427481
2.763359
4.175572
9.610687
5.687023
-1.671756
1.450382
-5.633588
-5.175572
4.099236
5.328244
0.366412
0.251908
6.068702
-5.175572
5.190840
-1.679389
7.519084
-1.839695
5.496183
1.625954
0.938931
0.015267
2.175573
-2.496183
3.335878
-1.931298
6.870229
0.954198
3.702290
-0.068702
7.099236
-4.641222
7.419847
0.236641
6.396946
-4.038168
7.335878
-4.297710
3.900763
2.526718
3.610687
1.259542
6.427481
0.022901
4.694656
-0.419847
6.229008
3.366412
0.717557
3.244275
6.984733
0.664122
4.862596
5.229008
0.290076
1.091603
3.832061
0.488550
3.702290
2.122137
2.687023
3.053435
-1.427481
5.580153
0.763359
4.916030
1.648855
-0.931298
0.671756
1.274809
3.648855
3.114504
-3.488550
-1.076336
-4.824428
4.251908
2.984733
7.282443
-1.885496
-3.152672
7.343512
-1.198473
6.412214
-2.580153
6.923664
-2.923664
2.015267
1.351145
1.465649
-6.564886
6.702290
-4.557252
5.198473
-2.007634
4.625954
-1.335878
-2.679389
3.648855
-1.793893
4.755725
-0.297710
1.740458
0.610687
6.801527
-5.068702
1.435115
1.809160
-0.946565
3.038168
-4.458015
-0.229008
-2.908397
-0.511450
-0.740458
-2.740458
1.015267
-3.458015
4.358778
0.557252
-4.221374
-3.580153
-0.229008
0.221374
-5.435114
2.435115
-6.137404
3.137405
-1.748092
3.122137
-6.145038
1.335878
-0.564885
5.893130
-3.717557
-0.312977
1.229008
-0.396947
0.389313
-6.290076
4.328244
-3.847328
-1.328244
1.519084
1.442748
-3.816794
2.198473
4.374046
-4.564886
-6.641222
1.725191
2.160305
0.862595
-0.534351
-0.610687
-0.732824
0.923664
-3.862595
0.580153
0.893130
-2.854962
-2.648855
-0.229008
-0.480916
-2.862595
-2.786260
2.419847
1.022901
-4.206107
0.816794
2.854962
2.000000
1.641221
1.641221
0.206107
1.404580
-2.656489
-1.312977
1.496183
2.473282
0.839695
1.290076
2.259542
-0.900763
0.473282
0.969466
3.000000
-6.076336
8.259542
-7.351145
6.106870
3.030534
-4.358778
-0.854962
6.374046
0.648855
1.106870
-1.335878
1.595420
1.625954
6.587786
-0.190840
-3.251908
-2.435115
3.557252
2.931298
1.648855
-0.290076
-2.931298
-3.106870
4.152672
0.885496
-4.229008
3.152672
8.358779
1.770992
-4.694656
-2.778626
0.152672
2.648855
-5.526718
3.053435
5.977099
-2.358779
4.343512
2.076336
-5.480916
8.030535
-2.236641
4.809160
-2.992366
13.206107
-3.213740
-1.977099
2.885496
-4.358778
1.061069
9.206107
2.900763
-1.496183
-3.778626
0.969466
-3.541985
1.755725
3.137405
-0.114504
1.748092
2.335878
1.938931
4.022901
-7.221374
0.076336
9.083969
-5.503817
9.083969
8.587787
4.328244
5.419847
4.816794
4.442748
6.717557
4.061069
4.801527
6.564886
2.068702
0.832061
4.435114
4.763359
5.007634
5.442748
6.862596
7.618320
4.007634
7.229008
5.664122
4.931298
5.053435
3.312977
6.557252
2.816794
10.740458
0.709924
12.610687
5.992366
6.809160
4.076336
7.786260
2.328244
0.770992
8.183207
3.183206
2.694656
5.519084
4.656488
3.732824
1.938931
3.732824
1.145038
3.458015
-3.183206
2.679389
3.175573
5.099236
-1.053435
3.763359
1.832061
3.725191
-3.793893
1.679389
5.206107
4.099236
-5.137404
0.312977
2.984733
2.030534
4.000000
1.122137
2.610687
-3.038168
2.908397
4.656488
3.030534
3.442748
1.702290
2.351145
3.770992
0.702290
1.992366
1.816794
1.587786
1.709924
-1.748092
2.793893
3.885496
0.763359
0.358779
3.152672
3.419847
3.404580
4.267176
3.244275
-1.389313
6.832061
-3.687023
3.717557
-10.442748
8.206107
-2.702290
-0.969466
3.221374
8.412213
-5.519084
7.282443
-6.793893
2.923664
-0.763359
-5.358778
4.801527
-5.778626
7.259542
-0.610687
5.297710
-2.541985
0.916031
2.671756
-3.572519
-2.664122
5.076336
0.213740
0.740458
-0.709924
2.633588
-1.618321
0.793893
-1.343511
5.473282
2.648855
3.908397
-0.923664
1.312977
2.793893
2.389313
-0.297710
0.694656
-1.595420
5.557252
-3.717557
-1.664122
5.694656
-4.229008
7.007634
-0.763359
4.480916
-0.893130
6.007634
-1.129771
3.419847
1.748092
3.404580
2.534351
-1.221374
1.137405
2.717557
-5.725191
6.099236
-4.946565
4.030534
-1.709924
0.916031
-1.221374
-0.862595
2.885496
1.984733
-0.603053
-3.519084
-0.412214
-0.320611
3.389313
4.671756
-0.358779
3.923664
2.312977
1.763359
3.267176
0.984733
-1.946565
5.442748
-0.885496
4.618320
5.564886
-0.206107
2.053435
3.389313
-2.671756
3.549618
0.198473
0.832061
-2.877863
2.641221
0.877863
0.427481
0.870229
-0.015267
1.541985
-3.358779
1.648855
0.206107
3.931298
1.641221
0.847328
2.900763
0.770992
-0.267176
1.954198
-0.557252
4.984733
-2.038168
8.458015
-4.404580
6.656488
6.381680
-2.480916
9.549619
-2.000000
4.847328
5.053435
-2.358779
9.603053
-2.282443
7.809160
-1.549618
8.503817
-2.358779
7.946565
-0.419847
6.335878
-0.167939
3.389313
0.893130
3.519084
3.541985
0.801527
7.938931
-1.114504
5.534351
3.763359
4.519084
8.770992
3.137405
8.389313
4.206107
-4.305344
7.557252
-3.106870
3.572519
2.389313
2.488550
5.610687
5.328244
1.809160
5.679389
0.213740
-1.328244
-2.305344
0.541985
-0.618321
5.419847
6.381680
2.351145
5.862596
-0.061069
1.694656
2.053435
3.847328
3.900763
1.038168
-1.679389
1.160305
-2.198473
0.824427
-0.343511
-1.717557
1.312977
1.320611
3.656489
1.946565
6.511450
1.442748
2.931298
3.145038
0.549618
2.160305
-0.816794
-0.595420
-2.038168
-3.198473
-0.175573
-0.045802
-2.900763
-0.404580
-3.458015
-4.465649
2.938931
1.786260
-5.832061
-1.664122
1.656489
1.145038
-1.862595
-5.702290
-2.167939
1.618321
3.129771
0.465649
-4.900764
-3.938931
-1.396947
1.610687
0.198473
-0.763359
0.824427
-3.442748
-5.442748
-4.740458
2.145038
0.007634
-0.763359
-3.374046
-0.503817
4.167939
0.732824
1.572519
-1.015267
-5.465649
-2.709924
0.969466
1.870229
-0.511450
-1.526718
-1.526718
-2.030534
-4.809160
1.091603
3.351145
-0.076336
-4.580153
0.847328
3.206107
4.053435
-0.839695
3.251908
3.778626
1.076336
-2.267176
-1.137405
0.923664
-2.114504
-3.381679
-5.450382
1.022901
-3.534351
-5.977099
1.083969
0.984733
-2.748092
-3.633588
0.038168
-2.641221
1.145038
-1.099237
0.702290
-2.908397
-3.206107
-0.099237
-6.702290
-2.786260
-1.656489
0.755725
2.335878
-3.625954
-8.007633
3.167939
-1.099237
1.000000
-2.198473
2.427481
-0.694656
-4.259542
-4.351145
-2.595420
0.656489
-2.694656
-1.167939
-4.000000
-3.503817
-5.610687
-3.358779
-6.732824
-3.717557
-4.984733
-3.610687
-4.648855
-2.381679
-4.740458
-4.694656
-1.106870
-5.816794
-1.488550
-4.290076
-5.618320
-2.694656
-5.946565
-4.885496
-1.167939
-6.809160
-5.961832
-1.488550
-4.312977
-5.045802
-2.984733
-2.541985
-7.053435
-5.190840
-3.480916
-5.641222
-2.832061
-2.076336
-1.503817
-5.435114
-3.435115
-3.167939
-3.633588
-3.068702
-4.312977
-2.297710
-2.809160
-6.770992
-6.687023
-4.435114
-2.213740
-3.916031
-5.908397
-2.839695
-4.618320
-4.595420
-0.328244
-5.145038
-0.374046
0.183206
-5.854962
-1.755725
-4.198473
-1.900763
2.099237
-9.335877
-0.854962
-0.969466
-3.885496
-6.893130
0.679389
-1.236641
-3.671756
-3.557252
-2.442748
-4.442748
-2.022901
-0.106870
-3.770992
-0.984733
-2.648855
-2.625954
-3.503817
7.992366
-0.480916
-1.267176
3.053435
-2.770992
-4.557252
-0.702290
-3.816794
-1.000000
-0.251908
4.488550
-3.587786
0.610687
-2.091603
-3.862595
4.755725
-1.251908
0.595420
-1.343511
4.427481
-1.480916
-2.938931
3.748092
0.656489
-1.519084
-0.213740
1.786260
-2.938931
-4.381680
1.633588
4.580153
-0.381679
-3.312977
5.725191
-1.328244
-0.106870
3.381679
-3.221374
5.854962
-3.450382
2.748092
3.442748
0.251908
5.015267
-0.213740
-2.702290
-1.511450
-0.564885
1.160305
-1.549618
-0.885496
-3.297710
-1.450382
-0.190840
2.259542
-0.374046
-0.244275
-1.633588
1.396947
1.015267
-2.893130
-0.282443
5.244275
-2.251908
1.603053
-4.961832
1.396947
3.305344
-0.564885
2.656489
-1.160305
-0.580153
0.351145
-4.374046
4.061069
-3.931298
-0.045802
-1.160305
-2.068702
-4.183206
-3.740458
-6.954198
3.465649
3.038168
-5.717557
-7.526718
7.549618
0.129771
-13.175572
0.503817
0.534351
-9.358779
10.618320
-19.496183
7.877862
-1.992366
-11.320611
11.152672
-13.412213
-3.496183
4.427481
4.122138
-2.526718
-3.160305
-8.236641
-3.511450
-11.152672
-6.900764
-3.900763
-4.053435
-5.083970
-4.587786
-4.000000
-2.129771
-4.793893
-8.358779
-0.656489
-5.885496
-3.305344
-3.435115
-4.740458
-4.274809
-2.702290
-5.061069
-0.450382
-0.259542
-3.603053
-5.435114
-4.893130
-5.694656
-2.648855
-2.000000
-1.381679
-2.763359
-5.832061
-0.076336
-4.648855
-3.419847
0.824427
-3.152672
-1.351145
-3.748092
-3.732824
-1.175573
-3.083969
-1.816794
-4.274809
-3.969466
-4.343512
-7.335878
-6.801527
-1.679389
-7.511450
-6.244275
-3.641221
-2.412214
-3.740458
-0.351145
-6.267176
-4.618320
-1.877863
-3.000000
-2.740458
-4.045802
-8.503817
-3.900763
-4.671756
-1.816794
-1.610687
0.381679
-2.618321
0.641221
-0.801527
-2.343511
1.938931
2.656489
3.007634
1.335878
1.442748
4.709924
1.954198
3.328244
2.854962
5.854962
-0.435115
0.854962
1.618321
2.358779
0.305344
1.175573
2.099237
3.534351
2.244275
2.152672
0.000000
3.717557
1.458015
0.541985
2.809160
0.580153
-1.015267
0.267176
-0.641221
0.396947
-1.038168
-0.832061
1.694656
1.061069
1.572519
-0.824427
-1.641221
-0.442748
-1.106870
-1.954198
-2.366412
-2.839695
0.022901
3.404580
8.351145
-2.251908
-2.114504
1.847328
6.198473
-3.022901
-4.045802
7.671756
-4.442748
-0.083969
-6.938931
4.175572
-5.603054
9.503817
-8.221375
6.832061
-4.206107
0.175573
2.511450
-1.702290
-5.702290
3.251908
-1.709924
-1.389313
8.671756
-3.465649
7.190840
-4.083970
3.916031
-5.770992
4.000000
0.320611
2.938931
3.251908
-0.458015
3.778626
-4.091603
0.450382
-1.702290
2.435115
-2.442748
2.755725
2.519084
2.427481
0.374046
1.633588
2.465649
4.641222
1.389313
1.977099
2.793893
-0.229008
2.412214
2.793893
1.748092
1.763359
2.618321
3.167939
1.473282
2.671756
4.511450
0.099237
0.488550
-1.137405
0.312977
-3.786260
3.206107
2.778626
3.213740
2.541985
1.534351
5.793893
0.839695
8.404580
2.129771
1.351145
1.381679
-0.977099
-0.305344
2.984733
5.893130
-1.679389
2.557252
3.862595
3.022901
7.404580
3.374046
-1.129771
2.122137
1.145038
1.129771
2.961832
-0.007634
1.793893
2.824427
0.389313
3.740458
2.725191
3.312977
1.022901
1.885496
-3.473282
1.106870
0.564885
0.160305
2.007634
1.015267
1.038168
-1.145038
2.969466
-0.114504
1.152672
1.099237
-3.396947
0.755725
0.641221
-2.160305
-0.862595
-5.068702
-3.137405
0.213740
-4.473282
-1.374046
-1.946565
-2.816794
-1.580153
-5.488550
-0.442748
-4.083970
-5.557252
-2.251908
-4.832061
-2.183206
-1.396947
-2.763359
-0.671756
-3.946565
-1.244275
-4.702290
-6.732824
-3.221374
-5.106870
-2.290076
0.335878
-0.824427
-0.419847
-3.786260
-3.900763
-6.389313
-2.335878
0.183206
-3.541985
-2.145038
-3.778626
-1.862595
-5.427481
-0.022901
-5.679389
0.137405
-1.519084
-2.793893
-2.732824
-2.717557
-1.129771
-2.786260
1.458015
-1.687023
1.442748
0.015267
-2.175573
2.419847
1.977099
2.679389
-0.343511
0.801527
-3.557252
0.778626
-0.816794
1.832061
1.343511
0.175573
-0.625954
1.099237
-2.000000
-0.312977
-1.633588
3.664122
-2.465649
2.755725
0.022901
-2.862595
0.458015
-1.488550
0.442748
1.450382
0.328244
3.076336
0.442748
1.717557
0.748092
2.091603
0.312977
0.709924
1.022901
3.007634
-2.328244
0.610687
0.496183
2.412214
3.961832
3.465649
1.900763
-2.832061
1.961832
-0.656489
-0.305344
1.610687
1.946565
1.251908
0.458015
1.664122
-0.572519
3.442748
1.687023
1.381679
4.740458
0.282443
4.114504
-0.427481
1.770992
2.007634
0.938931
0.351145
1.229008
3.717557
3.755725
5.305344
6.244275
6.297710
2.129771
3.297710
3.893130
3.893130
8.236641
-4.007634
7.664122
8.328244
0.145038
-0.946565
10.641221
12.374045
6.511450
5.045802
4.969466
8.091603
2.374046
4.473282
3.496183
7.175572
4.679389
12.167939
4.763359
9.725191
7.816794
6.244275
1.702290
7.557252
2.549618
5.778626
2.396947
7.229008
-1.000000
2.641221
-1.343511
-1.931298
1.900763
-0.847328
2.458015
4.832061
0.190840
-4.038168
2.664122
9.167939
-7.358778
10.358779
-2.503817
-1.725191
9.587787
-9.923664
9.748092
11.145039
-10.778625
6.809160
-1.335878
-4.786260
13.610687
-10.473283
9.748092
-4.458015
0.671756
10.488549
-2.625954
1.450382
2.847328
-5.931298
6.091603
-8.389313
9.351145
-8.465649
10.534351
-9.022901
8.106871
-7.458015
8.908397
-3.847328
5.541985
-3.572519
4.870229
-1.145038
2.755725
-8.664123
8.114504
-5.679389
3.282443
0.748092
5.183206
-3.366412
8.000000
-8.839695
7.687023
-3.740458
2.404580
-2.137405
1.877863
-1.366412
-0.267176
0.038168
1.351145
1.404580
2.328244
10.122137
-10.992367
9.358779
-5.984733
7.465649
-5.259542
3.076336
-8.343512
11.007633
-10.145039
9.000000
-6.740458
7.083970
-7.404580
8.541985
-8.748092
6.992366
-4.954198
6.045802
-8.923664
9.297709
-9.251908
9.145039
-10.381680
8.290076
-9.083969
8.694656
-6.427481
6.786260
-7.488550
7.335878
-9.114504
8.992367
-7.786260
7.389313
-2.366412
3.916031
-6.557252
4.351145
3.122137
-7.396946
10.786260
-8.145039
11.045801
-10.473283
9.381680
-11.534351
12.549619
-8.396947
9.572519
-9.862596
10.412213
-6.251908
8.404580
0.213740
3.335878
-2.923664
-2.801527
-0.801527
5.984733
2.290076
-1.656489
-3.122137
0.435115
3.259542
-1.969466
0.412214
-1.603053
-2.450382
-0.297710
5.984733
0.122137
-3.702290
-0.931298
-3.595420
3.351145
5.045802
0.832061
-0.824427
-1.832061
-1.526718
2.244275
2.305344
-0.442748
-2.748092
0.809160
5.167939
4.786260
0.824427
-1.076336
7.030534
-4.000000
-1.122137
4.068702
-2.725191
0.885496
2.656489
5.137404
-3.068702
-1.366412
2.015267
2.137405
3.664122
3.534351
-1.015267
0.648855
-2.061069
-1.122137
3.007634
3.931298
-1.022901
3.625954
0.984733
-1.267176
-0.870229
2.938931
1.618321
-4.824428
3.091603
3.458015
-3.732824
4.816794
2.244275
-0.435115
-4.412214
-1.145038
4.641222
1.641221
0.687023
-4.198473
-1.274809
-1.244275
2.290076
4.190840
0.061069
-1.984733
1.091603
-2.557252
-2.442748
3.587786
-1.992366
-5.480916
2.015267
5.290076
2.534351
0.099237
-5.114504
-0.900763
1.900763
5.664122
-3.396947
-5.610687
0.160305
4.122138
3.496183
-0.450382
-2.267176
-2.503817
5.564886
1.648855
3.282443
2.893130
-1.030534
-3.450382
2.916031
1.358779
-2.977099
-1.946565
7.160306
1.396947
3.404580
4.061069
-2.259542
2.473282
4.198473
-2.549618
-2.312977
-0.412214
-0.366412
1.267176
1.702290
-1.229008
0.847328
-0.259542
1.442748
3.702290
1.580153
-0.358779
1.885496
-3.412214
1.427481
-1.610687
3.664122
-1.458015
1.839695
1.022901
1.977099
-2.152672
-0.854962
-1.244275
-1.152672
0.526718
-1.916031
-1.343511
2.877863
0.984733
-0.259542
0.114504
0.465649
4.854962
2.450382
1.938931
3.312977
-1.221374
-1.641221
2.748092
4.061069
-1.755725
-0.145038
-2.145038
3.175573
3.068702
2.190840
5.587786
1.030534
-0.442748
1.694656
-1.183206
-0.358779
-4.870229
-2.900763
1.114504
3.412214
-1.625954
4.076336
-0.045802
2.923664
1.213740
-2.725191
-1.755725
-0.923664
3.076336
0.526718
-2.954198
-2.618321
1.389313
2.061069
4.923664
1.610687
-0.717557
-2.694656
-0.145038
-0.488550
1.671756
-0.534351
0.374046
3.053435
-1.549618
2.259542
-1.900763
2.992366
0.442748
0.167939
2.160305
3.763359
2.671756
0.076336
1.564885
0.290076
2.427481
1.244275
1.022901
3.435115
-1.580153
1.694656
0.312977
1.374046
-0.992366
0.312977
1.709924
-1.335878
1.091603
2.541985
1.374046
0.885496
-0.480916
2.366412
1.832061
1.786260
-0.633588
-0.908397
-0.717557
2.442748
0.015267
0.297710
3.297710
-1.030534
0.618321
4.557252
-0.351145
1.083969
4.465649
0.694656
2.152672
3.160305
-0.603053
-2.541985
1.435115
5.145038
2.175573
1.396947
2.137405
4.854962
-3.435115
-1.679389
0.511450
2.984733
1.786260
-0.007634
2.305344
1.862595
0.427481
-3.641221
-0.190840
0.129771
-1.366412
0.450382
-1.122137
-1.763359
-1.389313
2.114504
0.854962
-3.022901
-0.106870
2.244275
1.053435
2.015267
0.969466
0.893130
-1.740458
-1.076336
-3.038168
-2.458015
1.946565
-0.702290
-0.465649
-1.022901
1.297710
3.687023
1.328244
-0.244275
-0.503817
1.137405
2.908397
-0.549618
0.343511
-2.282443
-5.038168
2.122137
0.572519
3.366412
1.603053
1.694656
0.908397
2.022901
-0.465649
0.274809
-0.954198
-2.389313
-0.916031
2.870229
1.030534
2.167939
1.419847
-1.175573
1.137405
0.381679
3.259542
1.435115
-0.709924
-1.732824
0.328244
-0.526718
0.664122
0.541985
3.511450
1.793893
1.610687
-0.770992
-0.954198
-1.129771
0.328244
-0.175573
1.267176
-2.282443
-3.091603
-4.488550
-2.099237
-1.809160
-2.229008
-3.541985
-2.885496
-3.282443
-3.328244
-4.267176
0.251908
0.938931
0.541985
2.251908
3.167939
3.977099
6.625954
9.511451
5.122138
5.190840
4.450382
5.572519
2.312977
6.335878
11.770992
6.473282
0.854962
1.893130
5.977099
6.679389
7.251908
2.618321
0.725191
4.610687
3.320611
3.160305
3.877863
2.580153
0.984733
4.114504
1.160305
4.549618
-2.335878
-2.885496
-1.908397
1.603053
2.083969
0.091603
-2.015267
-3.106870
-3.366412
-1.183206
-0.244275
-1.870229
-5.015267
-5.503817
-6.595420
0.778626
-1.809160
-3.099237
-3.755725
-1.900763
1.122137
-4.091603
-5.595420
0.206107
2.030534
-0.557252
-3.091603
-2.679389
-1.358779
-0.694656
2.267176
1.595420
-2.847328
-0.305344
-2.160305
0.603053
2.664122
-0.358779
2.091603
2.931298
0.549618
2.297710
3.267176
2.885496
4.343512
2.625954
-3.809160
5.312977
4.687023
-2.709924
4.854962
3.129771
-2.885496
0.832061
4.519084
0.297710
2.427481
4.389313
1.916031
2.068702
5.358778
2.458015
-0.450382
1.427481
3.358779
0.412214
0.587786
2.893130
-1.656489
1.343511
1.061069
1.190840
2.251908
0.465649
2.442748
2.129771
-0.572519
1.641221
-0.916031
-2.595420
2.725191
-2.984733
1.419847
3.274809
0.450382
-1.000000
0.969466
0.244275
2.610687
-0.671756
0.167939
0.305344
-1.938931
2.748092
2.160305
-3.923664
-0.412214
-0.679389
3.671756
-3.702290
3.251908
-0.648855
2.992366
-1.793893
2.862595
4.022901
2.603053
2.648855
-1.183206
-0.374046
2.465649
-1.992366
5.297710
0.541985
0.610687
-1.122137
2.152672
-0.091603
4.435114
2.832061
-2.106870
2.305344
-3.053435
2.793893
3.938931
-1.480916
3.427481
1.145038
2.213740
4.328244
-1.473282
2.816794
2.893130
-3.679389
3.832061
4.541985
-2.030534
2.526718
2.404580
-1.450382
-0.290076
1.503817
1.465649
-1.931298
1.702290
3.824427
-3.763359
-0.648855
2.343511
1.961832
-0.290076
-3.923664
3.015267
-1.083969
-3.083969
0.961832
2.694656
2.320611
-1.656489
-4.335878
2.938931
1.839695
0.656489
-1.625954
2.259542
0.374046
-2.816794
-1.969466
2.877863
5.824428
4.030534
-0.526718
-0.923664
-1.534351
-3.748092
2.007634
4.007634
2.916031
4.297710
0.862595
-0.137405
-0.305344
0.809160
0.580153
-2.244275
2.213740
3.221374
5.541985
2.297710
3.106870
1.396947
-0.839695
-0.732824
2.816794
0.061069
1.229008
2.473282
-1.259542
-1.984733
0.732824
1.083969
4.679389
1.618321
0.572519
2.694656
2.366412
-0.374046
2.664122
-0.977099
-2.282443
-0.389313
0.061069
-0.366412
2.015267
1.526718
2.381679
-0.358779
-3.526718
-1.000000
-2.511450
-0.267176
2.786260
3.969466
2.106870
1.320611
2.351145
0.580153
-1.076336
-3.984733
-0.419847
0.053435
1.305344
1.389313
-0.496183
2.725191
2.061069
2.847328
3.511450
-0.045802
0.335878
-0.977099
1.381679
1.458015
0.435115
3.038168
3.503817
2.977099
-0.450382
-0.137405
2.503817
4.053435
1.969466
1.473282
5.251908
5.076336
2.183206
-2.083969
-0.748092
-2.870229
-4.770992
1.679389
2.740458
2.145038
0.679389
1.870229
2.297710
2.145038
4.465649
-1.549618
-2.702290
-2.595420
-0.694656
1.656489
-0.251908
3.709924
4.435114
1.969466
1.824427
0.076336
0.740458
1.022901
-1.625954
-3.511450
-1.656489
1.076336
1.381679
4.687023
2.557252
3.458015
1.847328
1.076336
-0.312977
-1.656489
-1.572519
-1.610687
-0.076336
5.190840
2.007634
3.793893
1.251908
3.893130
2.358779
-0.687023
-2.015267
0.656489
1.801527
3.190840
0.694656
3.496183
1.977099
2.442748
0.938931
-0.541985
-2.885496
-2.328244
-1.748092
-2.290076
-1.732824
-1.587786
-0.145038
2.290076
3.786260
4.343512
-1.961832
3.106870
2.587786
0.603053
-0.923664
-0.145038
-2.816794
-0.679389
0.106870
4.717557
-3.267176
-0.419847
3.198473
1.419847
2.198473
0.641221
0.099237
-2.190840
-1.656489
-1.679389
-1.931298
2.725191
2.259542
5.549618
-0.885496
1.618321
0.229008
-2.664122
-1.656489
-0.923664
0.320611
2.259542
1.580153
4.770992
3.511450
2.167939
-0.648855
0.213740
-1.633588
-1.137405
-1.580153
-2.969466
-2.679389
0.839695
-2.381679
4.030534
5.549618
-0.076336
1.389313
-0.809160
2.511450
-2.923664
-0.534351
0.641221
5.595420
2.694656
1.045802
1.511450
-2.351145
-0.900763
-0.671756
-0.740458
-2.015267
2.526718
3.221374
2.854962
-0.564885
-1.580153
-1.709924
2.312977
1.480916
4.267176
1.969466
-0.557252
-3.541985
-1.480916
0.656489
2.259542
4.656488
-1.839695
-0.770992
-1.877863
3.442748
2.122137
0.641221
1.221374
-1.267176
2.770992
0.480916
1.549618
-0.366412
3.625954
-2.114504
-1.396947
3.770992
1.893130
-0.740458
2.450382
1.885496
1.473282
-0.213740
1.664122
-3.633588
-0.625954
3.816794
-1.557252
3.236641
3.916031
-3.549618
3.893130
0.412214
-1.251908
-1.832061
3.793893
-2.694656
1.129771
-0.358779
-0.641221
2.786260
-1.740458
-2.916031
0.656489
3.358779
-0.992366
1.061069
0.694656
-1.480916
1.755725
-2.610687
2.335878
1.259542
1.000000
0.572519
0.641221
0.038168
-0.229008
0.931298
-0.221374
-1.221374
0.442748
3.671756
-0.183206
1.000000
-1.358779
0.801527
0.557252
1.648855
-1.114504
3.198473
-0.198473
4.412214
-1.366412
1.603053
2.137405
-0.305344
0.679389
-4.335878
3.244275
0.480916
-0.099237
7.809160
-1.381679
1.167939
1.305344
-0.099237
0.687023
3.030534
-1.167939
1.343511
1.167939
-3.137405
0.549618
2.244275
1.175573
2.068702
5.152672
2.961832
-2.549618
3.786260
3.946565
2.496183
1.564885
-2.610687
0.076336
4.458015
3.038168
1.290076
-1.702290
2.839695
4.633588
0.916031
2.366412
3.450382
1.091603
0.763359
-0.709924
0.511450
1.190840
5.137404
4.885496
1.618321
0.587786
0.793893
2.984733
0.725191
5.106870
5.664122
3.832061
4.786260
3.587786
4.824428
3.557252
3.442748
2.534351
1.022901
0.633588
1.358779
-2.847328
0.931298
4.297710
4.977099
3.641221
0.213740
1.496183
0.213740
-0.702290
-0.671756
4.122138
1.282443
4.145038
3.793893
4.480916
2.068702
2.931298
1.427481
0.458015
-1.519084
-0.244275
0.839695
0.419847
5.633588
2.763359
1.038168
2.458015
0.511450
0.778626
-0.412214
0.511450
-1.541985
3.145038
-1.351145
5.206107
4.251908
4.152672
-3.374046
1.251908
-0.160305
0.129771
2.381679
1.068702
-0.282443
2.931298
-1.274809
1.404580
0.091603
1.694656
-0.580153
0.007634
1.908397
-0.290076
3.221374
0.824427
-0.412214
4.816794
1.236641
1.404580
-0.305344
3.274809
0.832061
0.366412
0.564885
2.496183
-1.129771
-2.396947
1.122137
-1.992366
-0.625954
-0.847328
-2.702290
2.335878
0.175573
2.038168
1.175573
2.190840
2.221374
4.251908
0.709924
4.068702
1.442748
1.916031
1.152672
7.450382
0.717557
0.931298
2.213740
3.236641
2.335878
0.290076
1.198473
1.282443
-1.450382
-2.534351
2.877863
-0.167939
-2.137405
0.755725
-1.038168
-2.282443
-1.030534
-0.603053
0.076336
-0.839695
0.732824
-2.312977
2.015267
-2.595420
0.854962
-2.549618
2.450382
-1.801527
1.969466
-2.030534
2.274809
1.954198
0.572519
4.725191
-1.022901
-1.091603
-1.885496
-0.213740
0.519084
2.709924
-0.572519
0.015267
-0.748092
-0.206107
0.274809
1.274809
1.404580
1.160305
-0.580153
-0.694656
2.305344
0.564885
-0.839695
4.786260
-0.190840
3.656489
1.183206
2.732824
1.671756
2.404580
-0.648855
3.549618
1.809160
1.793893
1.763359
1.847328
1.595420
1.083969
1.328244
3.511450
0.068702
3.320611
1.152672
3.664122
1.694656
1.748092
-0.740458
2.618321
3.969466
0.938931
0.984733
-0.412214
0.526718
-1.099237
-2.221374
-1.900763
4.740458
-1.129771
-0.458015
0.580153
0.580153
2.885496
-0.190840
4.190840
1.763359
0.297710
1.328244
-1.267176
1.091603
1.213740
2.419847
2.541985
1.175573
-1.732824
1.503817
1.961832
4.412214
0.053435
-0.709924
-0.885496
-2.290076
2.450382
0.022901
1.984733
-1.511450
-1.648855
0.900763
0.839695
-5.656488
-0.725191
-0.801527
2.702290
1.740458
-1.427481
0.274809
-2.694656
-1.595420
0.725191
-2.389313
-1.320611
-0.847328
3.541985
0.534351
1.198473
-3.885496
-1.251908
-2.832061
-3.412214
3.541985
4.160306
0.312977
2.877863
-3.503817
-4.251908
1.358779
-1.725191
2.343511
2.274809
-2.572519
-2.282443
-4.366412
2.809160
2.335878
1.274809
-0.916031
3.809160
3.259542
2.847328
1.618321
-3.541985
5.694656
-8.290076
0.832061
6.412214
3.114504
-2.832061
4.961832
-4.213740
5.740458
-1.183206
-3.221374
4.374046
-4.786260
0.442748
5.580153
-6.732824
3.977099
4.343512
-2.641221
-0.106870
8.984733
-2.870229
-2.961832
8.816793
-4.206107
-0.442748
5.587786
-6.442748
5.946565
-4.893130
10.549619
-2.610687
-2.694656
6.083970
-4.786260
0.374046
1.328244
-5.366412
-5.839694
9.832061
-5.282443
-1.564885
5.641222
-2.946565
-4.549618
3.900763
0.900763
-4.259542
8.381680
-0.938931
-5.694656
6.900764
-7.038168
2.030534
2.664122
-2.015267
6.534351
-6.824428
5.954198
-5.038168
6.068702
3.809160
-2.076336
6.877862
-2.435115
4.564886
-2.320611
2.038168
8.152672
-2.618321
5.465649
2.198473
2.404580
3.480916
-3.374046
11.190840
-2.091603
6.870229
9.923664
-4.091603
6.625954
3.190840
5.114504
3.801527
1.938931
6.755725
2.053435
6.137404
10.412213
-0.648855
8.984733
-1.610687
9.374045
-1.847328
5.259542
5.786260
0.038168
8.381680
-0.519084
9.465649
-1.183206
9.572519
-4.343512
7.587786
-2.022901
8.786260
-8.259542
11.496183
2.015267
3.389313
6.877862
-3.099237
6.687023
-2.458015
8.312977
-3.435115
1.229008
0.694656
-5.061069
5.412214
0.274809
3.106870
4.488550
-2.877863
5.129771
-5.282443
4.847328
6.167939
-1.725191
4.885496
-1.259542
5.618320
-8.595420
9.061069
-8.190840
6.656488
-7.824428
1.656489
5.267176
-2.488550
1.076336
9.885496
-8.022901
5.893130
-5.427481
-1.152672
3.877863
-3.358779
6.442748
-9.045801
11.564885
-4.969466
5.183206
-1.824427
-4.900764
4.480916
-6.267176
7.824428
-9.564885
9.167939
-9.282443
2.053435
-4.221374
-3.022901
2.496183
-7.206107
6.671756
-10.335877
1.809160
-7.824428
6.335878
-8.450381
7.709924
-8.717557
0.633588
-2.473282
-3.534351
8.564885
-10.358779
2.038168
-7.839694
6.679389
-5.893130
2.328244
-2.389313
-3.526718
-0.778626
-4.732824
-0.916031
-3.458015
4.366412
-9.595420
7.259542
-9.465649
5.366412
-7.961832
4.442748
-5.961832
-2.206107
-0.312977
-7.549618
2.045802
-6.938931
3.717557
-7.396946
2.916031
-5.450382
1.374046
-5.832061
2.610687
-7.969466
-3.480916
1.480916
-5.251908
3.442748
-7.824428
2.618321
-6.618320
-6.900764
8.557252
-9.954199
4.931298
-5.007634
5.442748
-8.824428
7.938931
-8.251908
2.587786
-3.580153
1.320611
-1.557252
4.137404
-3.816794
2.893130
-3.778626
6.175572
-5.351145
4.366412
5.938931
-8.870229
7.374046
-4.526718
7.519084
-3.557252
5.312977
-4.526718
5.099236
-1.717557
-6.030534
5.458015
-0.183206
2.465649
-2.625954
1.099237
2.465649
-0.221374
3.351145
-4.526718
4.534351
-0.625954
-2.114504
1.885496
0.969466
-0.847328
-1.274809
-0.404580
0.427481
1.679389
-1.076336
-1.328244
-0.793893
-2.351145
-1.908397
-0.534351
-1.572519
-1.702290
2.068702
1.083969
1.198473
4.305344
-3.870229
8.442748
-2.679389
-0.358779
1.709924
-1.145038
6.824428
-6.603054
8.015267
-5.282443
1.106870
-1.282443
-0.488550
-1.625954
1.282443
4.213740
2.832061
-1.389313
3.106870
1.847328
-1.419847
-0.412214
1.076336
1.961832
1.259542
2.732824
2.938931
-0.732824
0.015267
-1.709924
0.068702
2.938931
2.786260
0.603053
-0.198473
-0.664122
2.572519
2.717557
1.770992
4.068702
-0.488550
1.221374
-1.198473
1.809160
-0.511450
-1.618321
-0.664122
