1.595420
0.259542
0.435115
0.778626
-0.625954
1.267176
2.572519
0.465649
1.297710
-0.206107
0.702290
-0.656489
0.778626
1.198473
1.106870
0.450382
-0.458015
1.954198
1.679389
0.183206
0.091603
-0.450382
-1.343511
2.068702
1.770992
0.526718
1.870229
1.053435
-2.458015
0.412214
1.557252
0.122137
1.061069
0.007634
0.267176
-0.694656
1.412214
1.053435
-0.709924
1.977099
-1.007634
-1.427481
-0.702290
1.145038
-0.259542
3.648855
-0.374046
0.687023
0.152672
1.603053
0.297710
2.312977
-2.763359
-0.045802
0.961832
1.503817
1.038168
1.725191
-0.885496
0.488550
-0.488550
-0.603053
0.992366
2.618321
2.053435
2.183206
-1.160305
-3.435115
0.198473
-1.519084
1.923664
0.175573
1.404580
0.190840
1.312977
-0.687023
-1.236641
0.725191
0.106870
1.435115
-1.687023
1.572519
1.603053
-0.374046
4.076336
-2.328244
-0.740458
0.595420
0.633588
2.679389
-0.893130
0.152672
2.015267
0.587786
1.206107
0.282443
1.129771
0.000000
0.877863
2.519084
-2.450382
-0.442748
-0.480916
3.122137
-0.664122
1.374046
0.389313
-0.053435
1.854962
-1.114504
3.083969
3.022901
0.213740
0.801527
1.511450
0.977099
0.290076
1.786260
3.870229
-0.931298
0.412214
3.519084
0.015267
2.793893
-1.824427
0.427481
0.671756
0.114504
0.305344
1.091603
1.618321
-1.045802
2.610687
0.190840
-0.496183
-1.297710
0.389313
0.496183
3.236641
-0.450382
2.061069
-0.442748
2.328244
-0.137405
2.458015
0.580153
1.938931
-0.549618
-0.748092
-0.694656
-0.213740
0.374046
1.625954
0.839695
0.648855
2.030534
1.664122
2.190840
2.198473
0.053435
1.229008
2.007634
-1.816794
-0.244275
0.366412
3.473282
2.022901
1.145038
2.083969
0.503817
3.641221
1.404580
1.366412
0.824427
-0.122137
-0.473282
1.442748
2.236641
0.381679
-0.633588
0.717557
-2.801527
-0.458015
0.595420
0.977099
-1.618321
1.427481
2.496183
3.312977
1.687023
0.488550
1.412214
-0.916031
0.763359
0.732824
-0.106870
2.870229
0.435115
0.656489
2.778626
0.992366
1.167939
2.000000
-0.343511
-0.152672
-0.656489
-0.122137
2.312977
0.816794
-0.244275
2.534351
0.045802
-0.832061
1.381679
0.564885
2.106870
0.374046
2.328244
1.435115
-0.106870
0.709924
-1.786260
1.442748
1.679389
1.824427
1.916031
-0.068702
-1.679389
0.030534
1.213740
1.656489
0.160305
-1.335878
2.213740
-0.312977
-1.885496
-1.000000
0.328244
2.419847
-1.908397
-0.763359
2.053435
-1.793893
-1.435115
1.854962
3.954198
-2.427481
-0.312977
0.282443
-1.885496
0.763359
0.511450
1.328244
-0.847328
-1.068702
-1.122137
0.343511
0.725191
-2.244275
1.328244
-0.442748
-0.809160
-0.854962
0.641221
0.946565
-1.595420
2.648855
3.083969
1.045802
0.213740
-0.259542
1.251908
0.404580
-0.106870
3.259542
-1.038168
-0.732824
-0.671756
0.213740
2.061069
1.343511
-1.213740
-0.496183
0.229008
-0.206107
0.832061
2.244275
2.358779
-1.580153
-0.053435
-1.175573
-1.091603
-0.412214
1.091603
-0.656489
0.351145
2.595420
-1.564885
1.328244
-0.236641
-0.839695
0.610687
-2.763359
-0.175573
0.687023
0.213740
0.832061
1.022901
1.511450
-1.198473
2.839695
1.206107
4.221374
2.694656
0.534351
2.068702
2.297710
0.618321
0.297710
0.389313
-1.244275
0.702290
-0.236641
1.335878
2.610687
2.312977
-0.824427
-0.160305
1.900763
0.007634
0.725191
-2.541985
-0.931298
-0.648855
0.267176
-0.824427
0.358779
-0.625954
-1.679389
0.877863
0.160305
1.480916
1.160305
2.465649
0.458015
1.740458
-1.328244
-0.709924
2.175573
2.671756
-0.030534
0.946565
-0.045802
-1.358779
0.251908
0.175573
0.022901
-0.435115
5.221374
-1.358779
-0.274809
-1.412214
0.671756
2.183206
-0.022901
2.931298
2.068702
2.526718
-1.694656
-0.877863
1.450382
1.557252
0.190840
1.427481
-0.801527
0.083969
-0.763359
0.198473
1.473282
0.114504
-2.244275
2.839695
0.702290
3.809160
1.442748
2.595420
0.801527
0.480916
0.198473
0.312977
-2.992366
-2.251908
0.427481
-0.450382
-0.603053
0.511450
-0.687023
-1.465649
-1.801527
0.229008
0.694656
2.122137
-1.068702
1.664122
-2.534351
-0.717557
-0.603053
0.328244
0.610687
2.503817
0.725191
0.946565
0.106870
0.832061
1.244275
-1.442748
1.236641
1.076336
2.083969
-1.213740
1.770992
0.549618
1.206107
1.786260
-0.427481
0.412214
1.770992
-0.358779
-1.450382
-0.007634
2.083969
2.244275
-0.030534
1.404580
0.694656
-0.435115
1.007634
-1.167939
0.206107
1.412214
-1.282443
1.076336
1.335878
0.717557
0.946565
-0.129771
1.503817
-1.488550
0.519084
0.167939
1.374046
0.633588
-0.458015
-0.595420
0.450382
0.847328
-0.977099
-0.381679
-0.061069
0.167939
0.938931
1.770992
-2.206107
0.465649
0.801527
-0.396947
1.450382
1.603053
2.687023
2.541985
1.007634
0.984733
0.229008
0.061069
1.259542
0.603053
0.030534
-1.877863
0.854962
1.473282
3.274809
0.839695
0.396947
-0.381679
1.442748
2.152672
2.236641
-0.671756
0.427481
-1.572519
-0.503817
0.572519
1.679389
-0.152672
-1.190840
1.030534
3.519084
0.312977
1.839695
-0.816794
0.015267
-1.770992
1.198473
-0.137405
-0.656489
0.328244
3.503817
4.404580
3.022901
1.343511
-0.503817
-1.259542
0.236641
-1.236641
3.671756
-1.198473
-0.374046
0.022901
-0.351145
-0.656489
-0.083969
-0.419847
2.038168
-1.236641
0.755725
-2.358779
-1.038168
-0.694656
5.175572
-0.534351
-0.007634
-0.580153
1.076336
-0.618321
1.389313
0.488550
0.541985
-2.320611
-0.274809
-0.145038
0.175573
0.770992
-2.564885
1.076336
1.687023
-0.671756
-1.541985
4.450382
-1.900763
-1.435115
-0.954198
1.961832
-0.961832
2.007634
2.206107
1.839695
0.648855
-4.763359
1.068702
-0.358779
-2.755725
0.030534
-0.778626
-1.854962
-1.312977
-0.992366
0.236641
-1.221374
-0.007634
-3.709924
-4.419847
2.083969
-4.053435
-2.954198
0.885496
-2.770992
0.732824
-0.419847
-4.038168
-5.503817
-2.427481
-7.755725
-4.816794
-0.854962
3.603053
-0.458015
-3.022901
1.801527
-1.229008
-3.030534
-0.870229
1.519084
-1.732824
-3.099237
-1.267176
-5.038168
-2.519084
-1.442748
-6.145038
-3.320611
-5.664122
-2.175573
-3.534351
-0.793893
-3.824427
-1.786260
-4.083970
-1.954198
-1.671756
-3.114504
-2.427481
-1.687023
-1.435115
-2.603053
0.061069
-0.580153
0.053435
-1.244275
-1.221374
0.000000
0.229008
-0.862595
-0.770992
-0.717557
-1.702290
-1.099237
-1.801527
-1.282443
3.328244
-1.824427
-0.687023
1.442748
0.190840
-1.290076
-2.343511
0.954198
-1.000000
0.946565
0.175573
2.145038
-0.961832
0.053435
0.763359
-0.435115
-0.244275
0.893130
-1.152672
1.083969
0.748092
-3.404580
-0.977099
-2.687023
0.793893
-1.198473
-1.839695
0.580153
1.480916
-0.954198
-1.839695
-0.053435
3.480916
1.549618
-0.442748
-3.091603
-0.641221
-2.183206
-1.282443
1.717557
-1.465649
-1.236641
-0.465649
-1.977099
-4.435114
-1.305344
1.587786
-2.343511
1.656489
-4.404580
0.038168
-2.083969
-0.183206
-0.717557
-3.648855
-2.206107
-4.648855
-1.687023
-4.419847
-0.106870
-4.916030
-2.480916
0.175573
-4.297710
-3.984733
-2.442748
2.488550
-0.015267
-0.809160
2.152672
-1.106870
1.610687
0.083969
-1.572519
-0.519084
-1.236641
1.587786
-0.404580
1.251908
-2.732824
-2.725191
1.076336
0.083969
-0.160305
3.916031
-0.282443
-0.503817
1.152672
3.007634
-1.022901
3.618321
2.419847
0.122137
3.977099
-0.229008
-1.312977
3.129771
0.343511
0.061069
4.160306
0.687023
0.580153
1.305344
-1.442748
0.488550
1.374046
0.679389
3.396947
1.893130
-0.648855
2.572519
3.992366
1.152672
-0.877863
1.122137
-2.053435
-2.396947
0.259542
1.000000
-1.793893
1.480916
4.740458
-1.244275
0.122137
1.320611
6.106870
0.778626
-0.381679
3.564885
-2.190840
-1.312977
-1.870229
-0.847328
1.549618
2.854962
2.740458
0.801527
0.381679
1.854962
2.633588
2.793893
2.404580
-2.099237
-4.954198
2.022901
-0.778626
4.374046
4.473282
-1.763359
-3.190840
-3.137405
0.366412
5.190840
4.396946
5.687023
4.419847
0.068702
-1.320611
-0.801527
-2.946565
-0.007634
-1.633588
0.809160
-0.763359
-0.374046
0.442748
8.083969
5.961832
7.412214
3.083969
3.038168
-2.732824
-0.587786
2.702290
2.351145
6.175572
-0.427481
2.251908
3.396947
9.152672
5.419847
5.167939
-3.343511
-4.946565
1.442748
3.312977
0.000000
1.870229
7.412214
3.160305
4.847328
-1.809160
-4.198473
-0.916031
1.908397
5.183206
-1.137405
0.618321
3.244275
4.549618
1.274809
-2.389313
0.389313
4.816794
5.816794
2.854962
2.870229
4.748092
2.549618
-1.229008
1.396947
5.167939
1.816794
-0.442748
6.290076
5.030534
-0.625954
4.824428
-0.923664
9.198473
6.984733
1.297710
-3.335878
-4.625954
-3.290076
-0.908397
6.923664
2.526718
6.213740
0.389313
-4.259542
-4.511450
3.709924
6.488550
5.587786
2.458015
4.106870
3.488550
7.923664
2.755725
5.229008
0.458015
-2.374046
-6.725191
-3.679389
-4.106870
-3.053435
-0.603053
-0.412214
5.251908
5.778626
5.969466
4.625954
4.541985
4.213740
2.091603
-3.312977
-5.167939
-6.213740
-1.908397
2.198473
4.549618
7.740458
7.862596
4.290076
1.106870
-1.770992
-3.763359
-3.824427
-1.167939
2.954198
6.015267
4.312977
5.458015
4.358778
4.083970
0.015267
-2.748092
0.893130
0.190840
-4.526718
3.114504
-6.687023
5.320611
2.442748
-3.335878
4.396946
-2.190840
-0.381679
3.595420
-6.068702
7.320611
-2.396947
1.145038
3.717557
-3.244275
2.312977
1.832061
-5.145038
5.954198
-5.305344
3.038168
-2.992366
1.694656
3.977099
-1.610687
3.396947
6.137404
-3.114504
6.595420
-1.671756
4.442748
5.748092
-2.809160
4.213740
-2.694656
6.427481
-5.480916
-1.458015
5.473282
-3.679389
-3.129771
7.809160
-6.083970
-0.954198
5.908397
5.122138
-1.221374
0.854962
6.946565
2.694656
-4.908397
1.374046
7.351145
-0.167939
-3.458015
1.114504
2.114504
-0.801527
-5.007634
3.992366
4.740458
-3.732824
-4.816794
-0.526718
4.580153
4.740458
0.061069
-7.137404
2.381679
6.450382
-3.709924
-5.221374
3.396947
-6.358778
1.961832
0.183206
-5.083970
4.740458
2.977099
-5.015267
-4.419847
-3.198473
-3.435115
2.206107
-2.244275
0.328244
-5.610687
2.656489
2.106870
-5.954198
-0.236641
2.564885
-0.213740
-6.305344
3.549618
-4.748092
4.083970
-5.320611
8.114504
-7.259542
5.763359
-4.702290
3.145038
-2.923664
-1.061069
5.145038
-5.030534
5.068702
-4.824428
5.816794
-5.442748
1.396947
-4.931298
-5.007634
2.099237
-0.595420
0.251908
-6.984733
0.893130
-3.167939
1.435115
-2.358779
-1.687023
-3.351145
-6.167939
-3.458015
1.595420
-7.442748
4.702290
-8.152672
3.641221
-7.709924
3.213740
-0.145038
1.114504
-5.648855
3.213740
-7.816794
2.083969
-6.106870
4.083970
-5.358778
2.351145
-3.595420
-0.763359
-6.900764
2.267176
-3.412214
1.908397
1.893130
-3.885496
4.923664
-4.290076
7.236641
-5.862596
-3.809160
-0.213740
0.442748
-3.793893
3.167939
-2.854962
2.465649
0.374046
1.480916
-4.893130
5.435114
-4.847328
7.221374
-3.412214
4.908397
-2.435115
3.694656
-6.267176
5.374046
-3.839695
-4.206107
5.412214
-3.977099
8.160305
-3.870229
3.969466
-2.862595
3.595420
-3.076336
2.053435
4.847328
-5.679389
0.236641
-4.389313
6.488550
-3.458015
6.175572
-4.702290
4.396946
-3.763359
6.671756
-5.931298
5.312977
-6.625954
-0.946565
-0.854962
0.427481
-4.251908
4.328244
-5.045802
4.893130
-4.167939
5.106870
-3.396947
5.488550
-3.480916
4.274809
-2.458015
1.656489
2.312977
4.534351
-4.709924
5.526718
-5.114504
6.458015
1.984733
-3.900763
5.763359
-3.954198
5.106870
3.335878
4.396946
-3.648855
-0.671756
8.068703
-1.251908
0.236641
6.465649
-1.229008
-2.755725
9.312977
2.083969
-5.137404
0.625954
7.908397
-0.854962
-7.809160
0.702290
5.450382
-1.419847
3.442748
-5.458015
-6.419847
6.038168
3.358779
-5.099236
1.458015
5.862596
-2.267176
-2.404580
5.328244
-5.954198
3.633588
2.374046
-5.541985
3.412214
-5.305344
3.557252
1.679389
-3.793893
0.694656
3.427481
-5.206107
7.511450
-5.160306
5.229008
-5.549618
5.435114
-3.839695
3.106870
2.847328
-1.282443
4.122138
-1.816794
6.740458
-6.442748
3.801527
-0.534351
-2.610687
9.175572
-1.595420
1.343511
3.022901
-0.885496
2.251908
-3.045802
5.343512
-0.832061
0.221374
3.992366
-0.977099
1.618321
-4.206107
6.557252
-4.419847
4.526718
-6.908397
3.450382
-0.015267
-3.320611
0.969466
-4.167939
5.832061
-3.213740
0.595420
1.969466
4.916030
-1.900763
3.511450
3.389313
2.870229
3.290076
-3.145038
6.381680
-3.748092
3.564885
0.832061
-5.648855
7.129771
-1.977099
-2.381679
1.450382
-4.076336
3.404580
-5.160306
5.961832
-5.618320
5.251908
-1.916031
0.931298
3.633588
-2.335878
2.755725
-0.541985
-2.549618
3.580153
-3.061069
4.748092
-4.343512
4.687023
-1.809160
-3.160305
1.312977
-2.534351
2.305344
-1.435115
-1.175573
7.351145
-3.343511
3.129771
3.488550
-4.145038
7.083970
-2.297710
-2.114504
4.908397
-5.793893
2.122137
2.717557
-4.954198
1.755725
2.503817
-1.366412
-0.152672
-5.961832
4.748092
-2.839695
5.534351
-2.580153
7.290076
3.916031
-3.770992
9.030535
-0.824427
-4.198473
2.725191
-1.328244
3.389313
2.389313
-4.984733
3.000000
-3.381679
6.236641
2.122137
-6.343512
0.564885
6.091603
-4.351145
-4.076336
2.473282
5.618320
0.244275
-5.450382
1.251908
7.656488
0.725191
-1.267176
-5.854962
3.648855
7.755725
-6.450382
-0.083969
4.534351
4.030534
-0.083969
-3.572519
-3.564885
0.977099
5.160306
-1.648855
-4.809160
3.099237
1.221374
-4.061069
4.412214
-3.480916
-1.236641
8.274809
-3.114504
1.488550
-2.549618
7.396946
-4.587786
-1.435115
6.580153
-7.190840
0.572519
4.419847
-5.038168
3.282443
6.488550
5.893130
-4.854962
4.160306
5.847328
-6.687023
7.183206
2.526718
-4.717557
6.221374
6.877862
0.824427
-3.381679
6.427481
-2.038168
5.885496
5.083970
5.427481
8.045801
3.305344
-5.717557
-4.786260
6.396946
8.587787
-4.358778
3.297710
-7.152672
6.213740
-7.000000
3.236641
-3.755725
6.641222
1.580153
-5.641222
4.908397
0.908397
-4.969466
0.641221
9.374045
0.748092
5.251908
3.519084
-3.145038
5.480916
2.053435
-5.465649
5.145038
1.076336
-4.022901
4.167939
1.251908
-5.427481
1.946565
0.893130
-2.091603
4.206107
-2.900763
0.022901
10.351145
-4.083970
-2.045802
-4.969466
5.778626
-5.442748
-4.282443
6.396946
-1.564885
-4.061069
0.404580
6.893130
5.000000
-3.465649
-2.267176
7.167939
3.458015
-6.854962
-2.694656
3.770992
1.877863
-3.458015
6.503817
0.152672
-3.786260
-4.702290
7.404580
4.160306
-3.145038
-3.442748
4.236641
5.312977
-3.145038
2.671756
6.206107
-2.404580
-4.832061
-0.549618
6.000000
3.259542
-5.671756
-4.053435
-4.763359
6.465649
-4.908397
4.847328
-3.259542
8.351145
-6.022901
7.167939
-3.732824
6.137404
-5.931298
4.076336
-0.259542
-1.213740
5.618320
-4.312977
3.519084
-1.694656
0.908397
3.022901
2.740458
5.068702
-4.435114
7.984733
-3.893130
-1.923664
4.832061
-3.175573
5.992366
-0.312977
5.893130
-4.282443
4.587786
-2.076336
-0.893130
4.137404
-2.236641
4.145038
-2.412214
0.015267
4.740458
-5.580153
5.137404
1.435115
-1.931298
6.198473
2.351145
-4.320611
7.534351
5.030534
4.022901
-4.687023
0.702290
6.893130
-6.358778
0.374046
4.366412
-4.404580
-1.022901
5.000000
-0.931298
5.725191
-5.190840
-3.740458
5.549618
-0.946565
-6.007634
2.458015
1.870229
-2.786260
-4.358778
-1.648855
3.312977
-5.007634
3.862595
-3.038168
3.404580
-4.114504
5.938931
-2.183206
5.572519
-7.687023
4.908397
-3.267176
6.160306
3.007634
-3.541985
7.404580
4.442748
-4.908397
1.687023
7.946565
4.358778
5.877862
-0.351145
-7.068702
1.213740
2.770992
3.229008
-3.427481
0.488550
2.969466
8.412213
-0.435115
-4.610687
-4.366412
-4.770992
2.137405
2.740458
5.541985
-6.618320
-4.694656
3.396947
8.015267
5.984733
-1.938931
-2.259542
-3.877863
-4.145038
1.091603
-0.435115
-6.343512
-5.816794
0.206107
6.145038
6.106870
2.183206
-7.549618
-0.450382
3.129771
3.954198
-7.190840
3.671756
-3.114504
0.396947
4.580153
-2.183206
9.389313
-6.656488
2.259542
4.167939
-3.274809
6.839694
-3.167939
1.557252
6.625954
-4.152672
4.351145
-2.374046
-1.580153
9.435115
-0.938931
2.129771
3.221374
-6.137404
6.664122
-3.229008
1.977099
2.496183
-2.267176
2.297710
-7.030534
5.511450
-5.480916
3.343511
0.389313
-2.091603
-3.328244
1.236641
5.152672
-4.839694
7.213740
-6.641222
5.832061
-5.549618
5.328244
-3.061069
-3.977099
4.587786
-1.458015
-2.145038
2.847328
4.702290
-4.198473
-3.664122
3.251908
3.603053
-3.076336
-4.305344
4.099236
1.916031
7.984733
-0.671756
-1.801527
-6.045802
5.038168
7.198473
1.137405
-6.923664
-3.114504
-5.847328
1.618321
3.557252
7.992366
-3.465649
-5.122138
-1.534351
2.129771
8.206107
3.206107
0.305344
-5.648855
-0.236641
4.503817
6.229008
2.358779
-1.496183
-5.755725
1.801527
3.160305
4.641222
-1.458015
-2.694656
8.580153
-2.038168
-1.053435
6.656488
-2.854962
-6.801527
4.374046
-5.244275
0.763359
2.725191
-3.335878
5.656488
0.824427
-4.083970
2.961832
-0.748092
-3.862595
-3.931298
3.564885
-1.328244
-3.625954
6.702290
-1.305344
-6.267176
5.801527
-0.648855
-2.030534
-5.236641
5.251908
-3.931298
6.496183
-6.244275
2.206107
-0.038168
1.694656
5.633588
-7.106870
-0.946565
-3.152672
5.114504
3.190840
-4.374046
-5.145038
5.091603
4.534351
-3.213740
-2.145038
-2.938931
4.580153
5.969466
-2.877863
-2.908397
4.000000
3.946565
-3.572519
-2.030534
9.541985
3.099237
-2.404580
-0.259542
6.496183
3.045802
-4.427481
-0.129771
5.229008
-2.282443
-6.633588
2.641221
3.671756
-6.511450
-0.648855
7.549618
3.984733
-3.305344
-0.816794
5.312977
-6.267176
-3.389313
3.480916
-2.923664
-3.824427
4.022901
3.832061
-3.068702
-5.801527
3.519084
5.328244
0.511450
-4.954198
-4.839694
0.687023
4.221374
-1.358779
-6.549618
-1.717557
7.847328
4.152672
3.015267
7.458015
-2.984733
-5.320611
-3.267176
3.251908
3.236641
-0.938931
-5.145038
1.198473
-3.526718
-2.740458
-0.641221
6.694656
4.137404
-1.549618
-2.885496
6.038168
2.389313
-3.587786
-1.916031
-3.068702
5.618320
2.702290
-8.328244
-0.381679
3.000000
3.175573
-2.763359
-4.190840
-0.839695
5.167939
5.305344
-2.801527
-4.343512
1.145038
8.908397
-0.351145
-6.007634
-5.503817
-6.564886
-5.809160
0.114504
4.770992
4.435114
-1.938931
-5.366412
-6.053435
1.656489
6.221374
-7.961832
-2.137405
8.122137
1.595420
-1.511450
5.488550
-2.877863
-1.442748
5.664122
-5.465649
-1.343511
-3.908397
6.648855
-2.442748
-5.740458
7.282443
-3.274809
-1.816794
4.007634
-4.312977
-1.862595
3.954198
-5.374046
1.503817
8.221375
-7.671756
1.190840
-0.625954
-2.190840
7.259542
3.335878
-0.847328
6.671756
-2.534351
3.595420
-2.312977
2.832061
-5.145038
7.015267
-0.335878
4.595420
-3.893130
-1.610687
6.465649
-4.305344
4.877862
2.725191
-3.198473
-4.709924
-1.931298
-5.473282
2.404580
3.679389
2.030534
-6.396946
-0.038168
7.190840
-3.290076
-4.152672
6.748092
-4.305344
1.893130
5.106870
-5.290076
6.259542
0.129771
-3.870229
4.206107
0.595420
-0.458015
2.763359
8.572519
-5.526718
4.748092
-1.297710
2.564885
-3.312977
2.198473
-0.519084
1.603053
3.862595
-7.122138
5.618320
-3.877863
9.473283
-5.381680
4.312977
-7.389313
6.946565
-7.816794
5.343512
-3.732824
9.229008
-5.389313
4.290076
-4.389313
3.992366
1.267176
0.488550
2.587786
4.213740
-0.984733
4.816794
-6.320611
5.251908
1.374046
-5.984733
5.206107
0.923664
-5.320611
-4.076336
-5.755725
5.450382
-2.877863
-3.213740
4.709924
-6.312977
6.519084
1.015267
1.931298
-4.259542
6.496183
-6.061069
4.183206
-1.427481
-1.893130
5.709924
0.496183
-2.290076
8.366412
4.007634
4.015267
4.229008
-2.053435
-3.381679
4.824428
-3.832061
-0.045802
0.580153
-2.839695
1.473282
-0.221374
4.198473
-3.687023
3.297710
-2.343511
0.335878
6.374046
-3.496183
4.221374
0.366412
1.885496
-7.076336
5.732824
-4.045802
6.732824
4.824428
-6.152672
3.206107
-1.557252
4.221374
-0.236641
-2.282443
2.687023
-5.625954
3.297710
-3.305344
-2.984733
4.687023
-7.717557
1.351145
3.625954
-7.137404
5.236641
-0.519084
-0.496183
6.320611
-5.251908
4.473282
3.770992
-2.564885
7.259542
0.312977
-2.000000
1.969466
-4.748092
4.664122
-1.076336
-4.221374
5.274809
-0.312977
-5.236641
4.687023
-1.702290
4.748092
-3.312977
6.290076
-5.122138
6.244275
-4.984733
-1.480916
6.946565
-5.000000
8.236641
-2.854962
-4.114504
7.358778
-6.809160
2.664122
2.206107
-5.580153
0.549618
3.885496
-5.343512
3.061069
2.564885
4.725191
-5.015267
7.862596
-1.717557
-1.961832
3.656489
-4.488550
2.809160
1.832061
-2.816794
4.061069
-1.000000
-4.435114
3.129771
2.946565
-6.549618
6.053435
-2.045802
0.106870
3.328244
-5.702290
1.137405
5.274809
-2.183206
-4.809160
3.267176
6.931298
-6.480916
-1.473282
6.076336
-3.251908
-2.534351
1.167939
5.595420
-1.496183
5.404580
1.778626
-1.587786
1.992366
4.984733
-5.061069
-2.534351
6.450382
-1.816794
5.862596
-3.206107
0.152672
6.251908
0.633588
-5.419847
3.419847
6.267176
-4.854962
-3.251908
2.145038
-5.427481
1.748092
8.389313
0.717557
-5.824428
4.595420
5.770992
0.167939
-5.931298
-5.503817
-0.847328
3.648855
4.465649
0.923664
-4.473282
-0.702290
7.274809
-0.083969
-2.511450
-0.549618
7.000000
8.351145
-2.358779
-6.290076
-4.755725
2.961832
6.305344
4.221374
-1.984733
-2.213740
-4.664122
6.847328
-5.259542
5.564886
-7.083970
-0.473282
2.007634
4.099236
4.534351
0.022901
-4.793893
5.328244
3.885496
6.618320
3.809160
-2.648855
-4.221374
-0.442748
4.351145
-3.190840
2.877863
4.824428
-0.274809
-6.511450
-4.412214
-1.244275
5.541985
9.603053
2.786260
3.030534
2.839695
-5.152672
-4.030534
-2.969466
5.244275
6.038168
3.916031
-4.061069
-4.572519
-1.412214
-4.160306
0.709924
2.343511
4.427481
5.587786
-1.236641
-4.877862
-3.221374
1.931298
3.755725
5.412214
-1.954198
-3.580153
8.671756
-7.328244
4.427481
3.099237
-2.145038
6.328244
-0.633588
-0.106870
2.832061
-4.625954
4.381680
-3.557252
3.251908
-0.343511
2.312977
5.145038
-0.450382
1.183206
1.954198
-1.396947
0.549618
-2.244275
-2.587786
5.068702
-3.709924
4.328244
8.320611
-5.610687
3.274809
1.702290
0.282443
-5.603054
2.290076
2.916031
-5.000000
-1.633588
-0.694656
-1.961832
0.946565
-0.725191
3.916031
-1.496183
4.351145
-3.931298
-0.496183
-1.083969
2.358779
-1.770992
0.145038
-3.923664
8.671756
-8.091603
5.725191
-6.549618
4.786260
-3.145038
-3.931298
1.656489
2.320611
2.038168
-1.122137
-0.274809
-2.229008
2.572519
-0.908397
2.435115
-2.526718
5.625954
-1.656489
3.145038
-0.633588
-2.977099
3.587786
-3.259542
5.679389
-5.320611
-4.419847
6.717557
-5.038168
-1.595420
4.259542
-4.648855
2.427481
2.061069
-3.610687
3.580153
5.946565
-6.404580
5.312977
-0.893130
-1.908397
5.839694
-3.473282
1.251908
4.900764
-7.358778
4.000000
3.977099
-2.389313
5.755725
1.267176
-4.198473
7.167939
-0.519084
-1.908397
9.900764
-6.030534
3.854962
0.854962
-3.152672
8.404580
-3.343511
1.007634
-1.625954
4.503817
-5.465649
5.412214
-7.030534
4.816794
3.847328
-3.534351
6.137404
-2.809160
1.877863
7.366412
-3.305344
-1.625954
4.740458
-0.221374
-0.374046
5.129771
1.610687
-3.801527
3.511450
-1.137405
3.198473
-3.404580
3.145038
-0.335878
0.900763
3.587786
-3.229008
4.519084
-4.404580
5.603054
-2.748092
5.076336
-6.022901
5.648855
-2.908397
0.725191
-2.946565
5.427481
0.793893
-1.679389
2.297710
5.671756
-3.259542
5.015267
0.679389
-2.679389
6.137404
-6.702290
7.129771
-3.198473
5.633588
3.099237
0.648855
-1.969466
1.763359
-1.664122
3.809160
-1.351145
6.152672
-7.847328
4.564886
-1.740458
3.145038
-0.374046
4.610687
0.671756
0.045802
5.351145
-3.770992
3.114504
5.992366
-4.480916
6.374046
-3.114504
8.358779
0.145038
-3.450382
6.656488
-6.427481
2.381679
-0.419847
-1.083969
-3.290076
-1.129771
8.755725
-5.190840
1.358779
3.954198
-4.641222
3.938931
-2.229008
-2.221374
7.396946
-0.717557
2.343511
4.183206
-7.816794
4.694656
-4.282443
2.824427
-0.694656
4.801527
-6.603054
3.954198
-0.427481
-4.603054
5.923664
-4.503817
5.702290
-3.068702
4.183206
-6.335878
2.862595
-1.885496
4.847328
-5.000000
4.282443
-4.549618
1.549618
-0.106870
-1.427481
-4.045802
6.977099
-0.603053
-2.167939
4.145038
-4.549618
5.007634
-1.961832
-2.374046
3.458015
1.137405
5.854962
-7.167939
3.564885
-1.877863
-1.190840
6.549618
-5.618320
4.664122
-2.778626
4.641222
3.183206
-4.129771
6.267176
-2.343511
-0.297710
9.618320
-4.839694
2.358779
4.648855
-0.694656
-4.633588
3.534351
4.770992
-3.755725
-2.648855
5.870229
2.572519
-4.458015
-0.809160
-3.206107
5.351145
0.557252
-5.190840
0.358779
-6.740458
6.992366
-1.557252
-3.580153
8.290076
-5.251908
2.954198
0.977099
-7.793893
0.816794
8.648855
-0.549618
-4.099236
-1.648855
4.167939
5.801527
-5.931298
-2.603053
3.381679
-6.335878
-1.534351
5.114504
2.984733
-3.358779
-3.106870
6.526718
4.580153
-3.572519
-2.839695
8.091603
-3.496183
-2.709924
6.755725
-6.541985
2.992366
-3.366412
3.435115
-2.091603
4.419847
-2.519084
7.022901
-5.412214
4.366412
-2.893130
3.603053
-3.282443
3.030534
-0.641221
5.442748
-2.122137
-0.931298
-2.374046
2.610687
1.282443
-1.450382
0.412214
-1.251908
1.870229
3.564885
1.961832
2.099237
0.358779
4.297710
-3.083969
6.160306
3.343511
-3.748092
3.236641
-2.343511
0.396947
-2.854962
5.595420
-4.374046
4.412214
-4.534351
5.832061
-2.541985
3.480916
-2.442748
1.083969
0.778626
-2.267176
5.030534
-4.381680
-4.465649
0.114504
2.870229
-0.801527
2.473282
-1.114504
-2.091603
2.847328
0.305344
0.511450
-2.572519
5.450382
-4.290076
3.977099
-0.435115
2.847328
0.885496
-6.366412
6.786260
-3.641221
6.160306
2.083969
-1.374046
5.450382
-1.954198
-3.664122
3.900763
1.801527
1.389313
4.030534
-3.832061
4.114504
5.152672
-8.000000
3.977099
3.145038
-2.022901
8.465649
-2.129771
-1.702290
2.351145
-2.755725
0.183206
4.435114
5.969466
2.938931
0.458015
-0.740458
1.801527
5.465649
0.328244
3.465649
-2.664122
7.954198
0.091603
-0.496183
-2.572519
4.320611
-3.152672
1.351145
2.496183
5.328244
-2.068702
0.473282
2.198473
-0.717557
-5.648855
5.206107
4.564886
-4.061069
3.083969
-1.015267
-4.213740
4.740458
-2.305344
-1.167939
0.702290
1.572519
-6.007634
-2.099237
0.290076
0.572519
-7.526718
0.587786
-1.832061
-5.061069
-3.404580
-4.984733
-1.137405
-5.977099
-2.290076
-4.488550
-4.465649
-2.175573
-6.267176
-5.671756
-2.656489
-2.778626
-1.328244
-7.267176
-5.122138
-4.496183
-1.679389
-4.335878
-3.213740
-5.374046
-4.839694
-0.702290
-0.740458
-4.954198
1.580153
-2.221374
-0.404580
-1.946565
-1.465649
1.641221
-0.625954
2.557252
-3.977099
2.389313
0.236641
6.465649
5.114504
3.061069
1.114504
8.152672
3.702290
1.793893
6.076336
3.961832
8.755725
6.786260
4.656488
2.748092
9.358779
5.633588
3.053435
3.916031
7.442748
3.725191
8.931297
3.732824
9.038168
5.328244
7.969466
3.717557
9.419847
6.793893
6.885496
4.488550
7.603054
11.259542
1.465649
10.038168
7.984733
7.977099
8.435115
4.763359
6.839694
9.740458
5.137404
7.816794
6.503817
8.549619
3.984733
2.129771
6.244275
0.908397
3.694656
4.725191
1.893130
2.190840
-0.160305
4.022901
3.587786
4.595420
0.977099
2.007634
1.282443
3.954198
0.511450
-9.427481
-2.381679
-1.763359
-7.099236
-9.656488
-6.839694
-7.167939
-7.374046
-6.977099
-4.778626
-5.603054
-3.312977
-5.381680
-7.167939
-4.335878
-2.320611
-4.480916
-2.549618
-0.923664
-7.114504
-8.045801
-4.908397
-4.160306
0.557252
-1.862595
-9.267176
-7.946565
-7.984733
-8.618320
-7.580153
-11.160305
-5.732824
-9.450381
-5.374046
-0.290076
-2.488550
-2.603053
-4.137404
-10.778625
-9.229008
-7.274809
-5.473282
-7.595420
-5.687023
-2.946565
-7.183206
-2.786260
-2.503817
-9.007633
-5.664122
-6.923664
-6.145038
-0.755725
2.358779
-5.091603
-8.946565
-3.900763
-8.229008
-7.648855
-6.656488
-11.656488
-7.320611
-7.068702
-3.732824
-2.229008
-3.633588
-4.145038
-8.328244
-3.267176
-2.083969
-5.045802
-8.854961
-4.099236
-5.549618
-1.137405
-0.549618
-5.488550
-3.984733
-5.053435
0.618321
-4.954198
-1.847328
-0.625954
-1.335878
2.167939
-3.847328
-3.274809
-6.145038
-4.702290
3.809160
-2.870229
-0.320611
0.389313
-2.824427
-0.847328
1.877863
1.664122
-2.946565
-1.389313
4.206107
6.511450
-2.755725
1.053435
-0.282443
7.122138
1.274809
1.923664
6.137404
6.664122
5.106870
7.572519
5.030534
6.969466
9.748092
9.610687
2.679389
6.595420
9.351145
9.656488
4.770992
5.557252
6.580153
10.038168
7.702290
7.450382
4.335878
8.068703
9.374045
11.114504
5.541985
6.778626
8.648855
8.824428
8.083969
4.984733
7.473282
13.274809
10.458015
7.305344
4.732824
8.839695
9.343512
7.374046
8.931297
7.038168
9.519084
9.984733
6.870229
5.885496
14.213740
8.221375
4.900764
5.190840
9.664123
5.633588
12.755725
9.717557
12.427481
10.664123
4.992366
6.442748
4.664122
9.755725
9.160305
6.076336
8.732824
5.709924
8.595420
8.328244
11.763359
7.526718
7.732824
5.839694
9.129771
6.969466
2.091603
7.480916
5.610687
3.366412
8.083969
9.305344
6.366412
7.885496
11.244275
5.312977
5.832061
8.366412
7.877862
7.030534
9.641221
6.702290
7.351145
7.587786
8.549619
8.213740
5.824428
7.755725
5.335878
7.893130
9.694656
9.045801
7.099236
9.717557
7.381680
4.854962
10.068703
8.671756
7.274809
7.129771
7.022901
8.694656
9.877863
4.633588
6.358778
2.572519
1.145038
6.053435
2.335878
0.885496
3.961832
2.648855
-2.755725
-6.389313
-2.366412
-0.877863
0.770992
0.618321
-1.633588
-4.335878
-3.740458
-3.465649
-6.755725
-9.511451
-6.580153
-7.687023
-3.763359
-5.564886
-5.335878
-5.244275
-7.450382
-7.106870
-5.229008
-5.961832
-6.022901
-9.832061
-6.022901
-5.954198
-5.221374
-11.389313
-11.541985
-5.381680
-9.389313
-9.961832
-9.129771
-7.625954
-5.503817
-4.190840
-3.984733
-11.106871
-10.709924
-2.900763
-6.816794
-7.488550
-4.603054
-8.160305
-7.511450
-2.977099
-4.557252
-2.809160
-3.534351
-3.374046
-2.251908
-6.007634
-7.198473
-6.877862
-7.045802
-6.099236
-7.862596
-6.473282
-6.282443
-11.198473
-5.267176
-5.396946
-5.732824
1.106870
-1.076336
-3.938931
-5.732824
-5.717557
-7.648855
-7.870229
-8.305344
-6.503817
-8.000000
-1.557252
-3.923664
-4.473282
-6.320611
-8.160305
-3.519084
-8.770992
-10.541985
-6.213740
-4.877862
-2.175573
-3.374046
-5.053435
-7.992366
-5.290076
-3.900763
-8.977099
-7.580153
-5.496183
-6.045802
-2.374046
-3.015267
-7.557252
-8.259542
-4.206107
-7.152672
-7.083970
-6.687023
-6.503817
-3.954198
-6.229008
-7.641222
-4.358778
-2.709924
-5.427481
-1.427481
-0.305344
0.290076
0.427481
-2.778626
-2.946565
1.580153
0.870229
5.503817
3.183206
2.519084
2.717557
3.793893
2.877863
4.038168
3.641221
5.480916
7.343512
5.213740
2.519084
2.221374
1.969466
1.190840
2.175573
4.679389
3.480916
4.312977
1.916031
4.374046
4.122138
5.312977
2.167939
1.519084
4.022901
1.030534
5.961832
3.671756
3.435115
2.290076
3.801527
3.916031
1.381679
1.503817
3.030534
2.549618
1.992366
-1.740458
0.312977
4.259542
1.541985
0.862595
0.595420
0.038168
-1.106870
-0.412214
0.725191
4.297710
0.343511
3.427481
2.045802
0.160305
0.908397
3.458015
0.786260
0.587786
0.160305
2.236641
4.259542
1.488550
-2.328244
5.083970
-0.221374
4.198473
0.213740
1.938931
0.824427
-0.885496
0.480916
2.763359
-0.587786
-0.068702
2.290076
-0.641221
1.381679
1.656489
0.038168
0.465649
3.488550
1.038168
0.503817
-1.435115
-0.366412
0.931298
-1.137405
0.740458
-1.366412
0.473282
-0.633588
-1.496183
2.221374
-0.145038
-0.717557
2.061069
2.694656
-1.603053
2.045802
0.801527
3.335878
1.557252
-0.213740
3.106870
-1.114504
0.809160
-0.946565
0.564885
-0.374046
-0.564885
-3.839695
0.290076
0.603053
-0.885496
0.832061
-1.374046
-0.404580
-1.190840
-0.877863
-1.519084
2.198473
1.496183
0.603053
-0.572519
0.328244
0.946565
-1.404580
3.549618
1.984733
0.038168
-2.549618
-0.175573
0.732824
-0.007634
0.076336
2.083969
-2.809160
-1.809160
-0.152672
3.534351
0.099237
3.572519
2.366412
-0.923664
0.229008
-1.923664
-2.916031
-0.404580
0.969466
1.129771
-2.160305
-2.213740
0.862595
-0.954198
0.068702
0.290076
0.442748
4.083970
3.534351
-0.824427
-0.541985
-0.244275
0.145038
-0.816794
2.412214
-0.946565
2.206107
2.801527
-2.664122
1.671756
2.496183
2.297710
-1.549618
2.435115
-1.740458
4.465649
1.374046
-0.259542
0.603053
3.076336
0.839695
1.374046
1.694656
6.564886
0.870229
6.587786
-0.641221
7.160306
0.984733
0.931298
-2.045802
1.343511
-0.458015
2.511450
4.625954
6.587786
5.809160
2.862595
-1.251908
0.595420
1.183206
0.824427
2.702290
-1.473282
-2.534351
-0.923664
-4.045802
-4.778626
-4.671756
-2.007634
-2.862595
0.358779
-4.015267
-2.641221
-7.099236
-2.610687
-3.229008
0.030534
-3.465649
-5.389313
-7.786260
-4.870229
-5.206107
-1.030534
0.717557
-0.526718
-0.694656
-2.442748
-2.664122
-1.931298
-7.847328
-2.541985
-6.786260
-2.419847
-2.870229
-3.923664
-4.938931
4.809160
4.389313
3.938931
2.297710
-1.954198
-4.687023
-3.328244
2.290076
-2.664122
-4.343512
-3.587786
-4.244275
-1.465649
-1.137405
-3.129771
0.755725
1.251908
-6.458015
-7.282443
-2.625954
1.709924
2.496183
-2.564885
-8.511451
-7.442748
-4.007634
2.213740
3.557252
-0.641221
-8.847328
-7.404580
0.473282
-3.053435
-1.854962
-3.938931
-1.404580
-0.076336
-6.068702
-3.984733
-0.732824
0.122137
-1.916031
-4.977099
-4.511450
-3.732824
-1.022901
-1.618321
-4.099236
-1.877863
-4.480916
-4.862596
-0.931298
-4.114504
-6.709924
-4.091603
-0.709924
-1.274809
-0.900763
-4.129771
-2.442748
-5.366412
-0.656489
-4.259542
-3.625954
-2.633588
-1.389313
-1.847328
-2.091603
-1.053435
2.000000
-3.748092
-3.167939
1.251908
-1.740458
0.923664
-1.015267
-1.022901
-0.236641
-0.694656
0.343511
-1.847328
0.282443
-3.847328
-1.954198
-4.038168
-1.702290
0.091603
-1.389313
-1.748092
-1.297710
-1.381679
-2.435115
-4.045802
-1.671756
-2.641221
0.099237
-0.106870
0.709924
2.770992
-2.755725
-1.465649
-2.366412
0.694656
-0.732824
-0.190840
-0.763359
-1.908397
-0.679389
-0.877863
-1.435115
-2.786260
1.022901
-5.267176
1.152672
-4.633588
0.274809
1.015267
-0.496183
-1.679389
-2.190840
-0.145038
-2.961832
-1.068702
1.015267
2.229008
-4.442748
-1.335878
1.641221
-0.106870
2.671756
-2.213740
-2.503817
-3.015267
0.488550
-1.190840
-0.893130
-0.145038
2.893130
-0.961832
1.572519
-6.419847
-1.068702
-2.595420
-1.977099
-2.641221
-2.412214
-3.190840
-1.580153
-0.557252
-0.793893
-2.221374
2.091603
-0.068702
1.740458
-0.022901
1.862595
-2.175573
1.206107
1.404580
1.969466
-1.641221
0.709924
-1.206107
-1.564885
-0.435115
1.076336
3.419847
-3.091603
1.152672
1.709924
0.419847
1.343511
4.480916
-1.885496
0.977099
1.648855
-2.786260
1.809160
1.885496
-0.671756
-2.137405
1.175573
-0.755725
0.366412
1.152672
4.824428
1.549618
2.221374
1.687023
2.770992
0.549618
2.557252
3.167939
1.465649
1.725191
4.450382
0.557252
4.916030
3.320611
2.778626
3.229008
1.709924
-0.839695
-0.015267
0.786260
0.748092
0.465649
1.022901
2.099237
3.328244
-1.511450
3.717557
3.374046
0.557252
-0.335878
2.526718
-0.755725
-1.358779
2.358779
-0.374046
2.916031
0.824427
0.511450
-2.503817
0.641221
2.045802
0.145038
-1.534351
1.045802
3.190840
-3.297710
1.282443
1.381679
-0.496183
-0.106870
-1.328244
-2.717557
-1.893130
2.480916
-1.114504
1.534351
0.748092
0.183206
-1.923664
-1.839695
-1.725191
-2.175573
-1.007634
-2.122137
-1.106870
-0.549618
0.900763
-0.503817
-2.351145
-0.786260
2.312977
-2.717557
1.351145
-3.412214
0.854962
-0.610687
2.442748
0.167939
-0.870229
1.045802
0.274809
-5.244275
-1.427481
0.885496
-0.908397
-1.587786
0.541985
-4.038168
3.274809
-5.694656
-4.809160
-3.282443
-7.000000
3.687023
-4.862596
-3.053435
3.122137
-13.938931
2.190840
-9.007633
1.312977
-4.389313
-3.977099
1.000000
-3.946565
2.526718
-7.564886
0.709924
-9.618320
2.366412
-9.938931
4.122138
4.541985
-13.778625
-6.984733
-0.206107
2.526718
0.618321
-1.236641
-0.541985
-0.282443
-3.419847
-11.778625
0.427481
-5.770992
-8.877863
0.770992
-10.381680
-1.160305
-3.816794
-7.954198
1.465649
-2.603053
-2.908397
-10.519084
-1.015267
-9.603053
-0.496183
-8.572519
-1.083969
0.290076
-8.633588
-4.496183
-5.229008
2.458015
-11.244275
0.244275
-4.496183
0.618321
7.297710
-7.404580
0.564885
7.137404
-5.534351
4.099236
-2.625954
0.809160
-6.717557
4.297710
2.320611
2.259542
6.022901
5.656488
7.221374
6.389313
-6.671756
4.152672
2.412214
-7.450382
5.358778
-0.580153
-3.328244
-3.984733
6.015267
-0.404580
-5.022901
2.900763
5.267176
-4.328244
-2.656489
5.312977
-4.450382
3.824427
3.717557
-6.137404
1.297710
4.114504
-7.641222
-4.450382
7.312977
-3.503817
-2.862595
6.419847
-0.458015
-3.015267
3.770992
3.511450
-3.297710
0.251908
5.404580
-2.427481
-3.938931
1.503817
4.282443
-1.847328
5.160306
4.312977
-3.603053
3.053435
-3.198473
10.213740
-5.610687
-7.068702
7.870229
-0.290076
-2.572519
1.877863
-3.198473
7.908397
-5.908397
3.106870
-1.404580
5.244275
4.488550
-5.351145
4.793893
-1.183206
0.488550
6.748092
-5.480916
5.618320
-4.236641
2.381679
-6.488550
3.503817
6.427481
-4.190840
7.007634
-4.427481
7.954198
-7.374046
4.412214
1.564885
3.152672
-6.916030
5.358778
-4.381680
2.435115
1.427481
2.351145
5.526718
-5.206107
6.038168
2.389313
4.068702
2.519084
2.122137
3.320611
1.122137
0.358779
-3.282443
-1.229008
-0.213740
1.786260
-0.641221
7.259542
5.000000
5.458015
0.587786
-2.862595
-1.183206
3.076336
-1.198473
1.083969
4.519084
-0.916031
-3.137405
0.389313
5.557252
1.618321
-0.488550
0.114504
1.801527
-1.778626
0.244275
1.343511
3.152672
1.526718
-2.557252
0.419847
7.351145
-0.297710
0.938931
-2.267176
-1.656489
2.740458
2.473282
-1.778626
0.480916
1.488550
1.557252
5.893130
3.244275
-0.190840
-2.366412
-1.267176
4.022901
2.946565
-0.221374
0.931298
-1.335878
2.938931
1.427481
-3.282443
-3.702290
0.259542
1.832061
6.137404
4.656488
2.351145
-1.770992
-0.442748
2.687023
1.648855
-3.000000
0.160305
4.862596
2.381679
5.312977
2.587786
1.198473
0.961832
-0.816794
0.954198
-0.641221
3.541985
-1.167939
1.511450
4.091603
3.045802
-0.541985
-1.809160
-4.083970
-3.427481
-0.664122
4.633588
4.694656
6.152672
4.183206
-0.007634
-5.580153
3.381679
0.854962
3.167939
3.572519
-1.671756
-4.687023
4.664122
7.435114
7.885496
-0.770992
1.709924
1.511450
2.503817
7.106870
8.473283
9.908397
10.587787
4.755725
5.427481
3.916031
-0.045802
0.557252
0.282443
-2.007634
0.335878
-0.748092
5.679389
7.030534
5.282443
1.572519
2.053435
2.946565
-0.122137
-4.145038
-3.984733
-6.236641
-6.786260
-6.541985
-6.946565
-8.549619
-5.282443
-2.687023
3.114504
1.793893
1.251908
-6.366412
-11.122137
-7.648855
-4.053435
-0.404580
-0.022901
-6.175572
1.557252
-0.068702
-6.496183
-8.870229
-3.572519
1.679389
-3.358779
-5.564886
-9.870229
1.419847
0.946565
0.045802
-1.412214
-1.488550
-2.213740
-3.633588
-5.557252
-6.320611
-6.824428
-2.206107
-1.931298
-1.282443
-0.160305
0.511450
0.442748
3.709924
0.931298
0.290076
-0.122137
0.358779
0.068702
-3.603053
-2.076336
-2.419847
-5.404580
-2.267176
-1.633588
-0.809160
-3.442748
-2.740458
7.473282
7.183206
5.045802
3.809160
-0.343511
-0.259542
-4.351145
0.763359
1.015267
7.725191
7.847328
8.007633
4.030534
-2.549618
-2.374046
0.290076
2.335878
8.610687
8.679389
2.015267
-0.320611
-4.114504
-0.488550
0.007634
4.839694
2.290076
2.381679
-4.977099
-0.343511
4.519084
6.190840
3.335878
-2.725191
-3.916031
-5.083970
1.213740
4.694656
2.534351
-3.870229
-2.832061
-2.412214
0.656489
3.923664
-2.923664
-3.824427
-4.038168
-1.725191
3.099237
5.091603
-2.770992
0.320611
5.229008
4.297710
0.206107
-3.557252
-2.297710
0.267176
5.366412
0.305344
-0.625954
3.862595
2.824427
-4.022901
-4.129771
5.083970
4.374046
-5.511450
-0.496183
6.480916
4.763359
0.190840
-3.312977
3.045802
4.496183
3.526718
-4.641222
1.167939
9.068703
2.725191
9.770992
8.366412
2.083969
1.824427
5.389313
8.381680
2.305344
0.114504
6.778626
8.694656
0.106870
1.358779
7.854962
8.290076
4.099236
-0.694656
1.595420
8.877863
4.145038
-0.648855
-4.022901
3.625954
6.183206
1.076336
-4.625954
-0.740458
4.229008
-2.221374
-3.992366
3.580153
0.824427
-4.885496
1.000000
4.198473
-2.404580
-4.404580
3.534351
3.755725
-2.656489
-4.099236
-3.572519
1.610687
4.190840
-5.366412
-3.358779
2.404580
1.007634
-0.145038
2.610687
3.022901
2.427481
-5.083970
-5.664122
-6.343512
-0.389313
2.862595
0.908397
4.984733
4.374046
4.251908
3.732824
-3.816794
-7.557252
-7.213740
0.862595
4.083970
-5.030534
-7.351145
-0.580153
3.312977
1.549618
-0.648855
-6.312977
-0.343511
2.977099
2.877863
-7.122138
-5.709924
3.251908
-0.610687
1.442748
-3.259542
-5.755725
-1.694656
0.786260
-4.946565
-7.473282
-1.229008
-4.862596
-8.160305
0.335878
-2.732824
-9.679389
-1.152672
0.885496
-2.732824
-4.419847
3.015267
-1.954198
-4.152672
3.045802
-5.877862
-4.236641
3.603053
3.022901
3.839695
-4.702290
-3.549618
-3.473282
-5.282443
-4.015267
-5.610687
-5.564886
-4.664122
0.900763
1.396947
1.694656
-1.083969
-1.053435
-6.251908
0.145038
-0.480916
-6.496183
-6.748092
-6.923664
-4.946565
-0.572519
0.641221
5.198473
3.557252
1.297710
3.083969
1.183206
1.328244
-1.465649
-4.778626
-5.580153
-5.374046
0.526718
1.045802
-0.442748
0.595420
1.435115
0.229008
-2.641221
-1.496183
-4.244275
-3.412214
-3.038168
4.473282
5.725191
1.946565
-1.900763
-0.412214
5.458015
9.702291
3.198473
0.557252
-0.030534
4.541985
4.839694
1.213740
-0.427481
1.885496
6.091603
9.511451
9.648855
9.053435
9.022901
3.145038
9.908397
10.267176
7.717557
2.740458
1.366412
0.587786
0.358779
6.503817
13.946565
13.045801
11.412213
14.030535
11.862596
4.015267
-0.877863
6.961832
14.167939
10.480916
11.190840
6.152672
6.984733
1.946565
1.687023
2.503817
10.167939
4.763359
-0.297710
2.244275
3.854962
5.916030
4.389313
-0.213740
3.229008
5.694656
2.824427
-0.412214
3.442748
4.129771
-0.396947
-1.206107
0.679389
1.595420
-2.885496
1.297710
2.755725
-1.648855
1.099237
-5.122138
-3.938931
2.068702
-12.099236
-5.000000
1.832061
-3.183206
-9.610687
-2.534351
-1.603053
-6.931298
-2.778626
2.740458
-0.381679
-5.618320
-6.137404
-2.145038
-1.045802
-2.625954
-6.473282
-10.412213
-0.893130
-2.442748
-4.770992
-11.343512
-4.671756
0.045802
0.931298
-5.282443
-10.488549
-4.992366
1.290076
-4.160306
-6.870229
-6.038168
-7.404580
-13.076336
-7.793893
-9.267176
-8.137404
-0.847328
-9.938931
-5.435114
-4.358778
-3.923664
-0.274809
-4.549618
-11.748092
-1.801527
-2.404580
3.267176
-10.503817
-1.572519
-4.442748
-7.183206
-4.618320
-3.854962
-5.099236
-4.244275
-9.137404
-7.450382
-7.679389
-7.290076
0.549618
0.748092
0.595420
-4.137404
-3.404580
-2.839695
-3.923664
-3.595420
-5.167939
-3.099237
-3.106870
-0.343511
-0.190840
-1.664122
-3.282443
-1.832061
-0.068702
-1.236641
-3.488550
1.786260
-1.000000
0.503817
0.572519
-3.175573
-4.129771
1.709924
1.664122
-2.022901
-1.549618
-6.053435
-3.000000
-4.122138
-3.236641
-1.206107
-2.847328
-2.442748
-2.572519
-1.541985
0.152672
-2.290076
1.175573
0.648855
1.549618
-0.900763
2.717557
-1.396947
-2.587786
2.580153
0.206107
1.167939
-0.618321
-1.000000
1.778626
-0.328244
1.320611
1.564885
-0.396947
2.832061
3.587786
1.099237
-0.236641
1.450382
-1.618321
1.519084
-1.480916
-1.122137
0.106870
0.549618
1.381679
5.671756
1.900763
-0.152672
1.099237
-0.366412
0.343511
2.137405
-1.236641
0.312977
0.061069
-0.236641
-2.045802
-0.244275
1.625954
-0.839695
-0.580153
-1.534351
1.290076
-0.488550
1.946565
-0.229008
2.938931
-1.778626
2.496183
-4.061069
-0.511450
-0.648855
3.198473
-1.450382
0.687023
3.412214
-0.435115
-1.229008
2.053435
-0.587786
0.671756
-2.000000
-1.351145
3.267176
-2.038168
0.305344
2.427481
0.793893
-0.366412
2.564885
-0.740458
4.053435
-3.702290
4.938931
6.244275
5.603054
4.259542
0.404580
-4.931298
-0.908397
-5.549618
-5.931298
3.541985
7.755725
0.419847
-7.267176
1.297710
7.213740
-0.061069
-8.396947
-2.702290
9.236641
0.854962
-3.312977
7.954198
1.641221
-6.320611
2.770992
0.366412
0.389313
5.412214
-4.603054
-2.290076
-1.885496
-3.809160
-6.076336
-4.610687
-0.396947
1.267176
5.328244
4.038168
3.946565
4.007634
1.725191
4.664122
-2.725191
2.343511
1.793893
1.572519
1.343511
10.045801
-1.564885
-0.091603
6.458015
9.908397
6.801527
2.389313
5.732824
6.145038
5.183206
8.625955
9.809160
10.091603
6.374046
8.351145
6.358778
8.923664
5.343512
8.427481
2.106870
9.244275
3.496183
9.931297
11.160305
6.152672
3.763359
2.587786
5.106870
10.061069
9.625955
5.022901
8.496183
3.809160
10.664123
7.770992
3.114504
9.007633
2.755725
5.229008
8.862596
12.320611
5.786260
6.068702
6.748092
8.916031
6.114504
6.206107
3.740458
10.083969
3.374046
7.625954
12.015267
7.580153
5.404580
9.465649
7.992366
7.625954
4.152672
10.122137
9.160305
7.465649
6.938931
12.206107
3.709924
5.687023
8.259542
12.320611
6.671756
6.167939
10.946565
8.740458
7.106870
4.671756
12.564885
4.198473
3.496183
10.595420
5.007634
3.854962
5.198473
10.419847
2.389313
14.954199
6.580153
6.480916
10.625955
7.656488
9.633588
3.160305
8.984733
7.450382
5.206107
7.862596
9.267176
4.297710
6.229008
9.145039
7.083970
8.022901
2.992366
12.175572
5.221374
10.717557
2.992366
11.022901
9.931297
1.816794
3.618321
13.160305
2.923664
9.992367
4.916030
7.221374
10.274809
9.099236
4.679389
8.709924
7.770992
9.557252
7.038168
5.694656
13.671756
8.083969
7.381680
6.175572
8.458015
3.419847
6.832061
10.053435
11.083969
7.137404
4.793893
9.946565
8.244275
8.328244
6.167939
5.374046
8.435115
6.480916
8.259542
6.748092
2.290076
11.320611
9.496183
10.564885
7.534351
4.763359
7.854962
11.076336
3.648855
7.229008
7.129771
9.694656
5.541985
8.328244
2.969466
6.870229
9.740458
13.557252
10.175572
6.969466
11.022901
12.610687
5.198473
5.694656
10.954199
4.610687
7.404580
7.000000
11.160305
8.175572
6.396946
10.778625
6.908397
5.610687
5.916030
4.870229
11.198473
8.610687
11.992367
8.129771
4.641222
6.496183
3.412214
10.366412
11.022901
8.396947
8.908397
7.702290
5.725191
9.229008
7.809160
4.969466
4.053435
7.862596
6.488550
6.015267
6.526718
6.145038
6.656488
4.954198
2.335878
6.809160
6.580153
5.442748
4.862596
11.259542
9.541985
9.603053
10.725191
10.351145
10.198473
8.671756
14.221375
10.106871
7.816794
6.938931
3.977099
5.015267
4.335878
6.267176
6.900764
12.007633
7.740458
4.076336
3.809160
8.175572
1.572519
0.877863
0.923664
0.931298
-0.198473
7.458015
8.946565
2.480916
2.748092
-3.480916
-5.450382
-2.832061
-3.770992
-4.312977
2.870229
1.801527
-3.564885
-3.022901
-1.778626
-3.664122
-2.862595
-3.923664
-9.717557
-7.068702
-3.282443
-4.152672
-8.687023
-10.282443
-7.320611
-7.572519
-6.335878
-3.763359
0.274809
-1.160305
-5.419847
-7.992366
-8.312977
-7.992366
-4.916030
-4.503817
-2.221374
-0.770992
-3.885496
-4.984733
-5.648855
-6.984733
-7.709924
-7.030534
-5.419847
-8.847328
-8.893129
-6.748092
-5.328244
-3.015267
-5.274809
-2.030534
-2.267176
-8.145039
-8.488549
-5.748092
-7.488550
-5.534351
-4.473282
-3.587786
-4.015267
-6.969466
-5.954198
-4.297710
-5.740458
-0.450382
-5.595420
-8.503817
-7.511450
-5.984733
-6.969466
-5.465649
-1.435115
-2.664122
-5.580153
-4.946565
-6.961832
-4.854962
-3.129771
-1.427481
-10.335877
-13.137404
-7.679389
-4.152672
-0.206107
-5.625954
-1.259542
-3.236641
-0.450382
-8.236641
-4.305344
-5.694656
-8.725191
-8.221375
-12.511451
-3.625954
-0.374046
-3.000000
-5.984733
-0.290076
-2.702290
-4.236641
-6.580153
-4.458015
-5.519084
-10.282443
-6.190840
-8.221375
-5.251908
-5.274809
-7.473282
-4.396946
-10.038168
-5.213740
-6.335878
-4.702290
-4.648855
-7.648855
-4.984733
-2.931298
-7.129771
-6.152672
-9.511451
-4.396946
-1.931298
-2.541985
0.229008
-5.717557
-6.946565
-6.160306
-7.091603
-11.167939
-7.740458
-6.404580
-6.954198
-1.297710
-3.534351
-5.259542
-0.251908
-1.305344
-3.748092
-2.618321
-8.267176
-3.786260
-3.129771
-5.190840
-1.465649
-8.099236
-4.755725
-6.229008
-1.488550
-1.908397
-3.732824
-2.022901
-3.625954
-4.786260
-4.374046
-4.809160
-2.717557
-4.305344
-4.145038
-0.870229
-4.343512
-1.770992
-1.022901
-3.129771
-2.755725
-5.778626
-0.725191
-3.687023
-0.099237
-4.625954
-8.618320
-3.152672
-4.572519
-2.160305
-6.572519
1.496183
0.671756
-4.717557
-2.000000
-0.572519
3.946565
-2.908397
-6.854962
0.625954
-3.343511
4.198473
-6.404580
6.213740
-6.694656
4.366412
-6.213740
2.732824
-3.045802
-1.961832
-0.091603
-5.748092
5.862596
-7.832061
4.274809
0.816794
-4.732824
-6.297710
-2.679389
-1.740458
-3.541985
3.068702
4.045802
3.893130
-3.732824
6.496183
2.358779
-0.091603
-5.656488
-1.961832
-2.045802
2.106870
0.778626
5.526718
-2.374046
-3.083969
-3.595420
-4.847328
-1.763359
4.351145
-2.770992
-3.259542
5.687023
2.129771
-3.435115
-3.167939
3.679389
3.152672
4.977099
-0.167939
-4.908397
-2.770992
7.305344
4.587786
-2.969466
-2.305344
5.916030
2.900763
-5.656488
5.389313
-0.053435
-2.641221
0.251908
3.557252
-0.969466
-4.083970
-2.633588
5.557252
5.053435
0.709924
-3.274809
-2.862595
0.641221
2.213740
3.465649
-3.351145
-5.297710
2.374046
3.656489
-0.725191
-2.641221
2.099237
0.534351
2.290076
-4.030534
-1.129771
-0.251908
4.954198
3.992366
1.954198
1.106870
-1.816794
-0.709924
1.374046
2.526718
2.618321
0.076336
-1.954198
-2.045802
0.541985
-3.312977
-2.587786
0.549618
4.000000
1.664122
0.679389
-2.977099
-1.473282
1.694656
2.145038
-0.312977
-0.931298
0.412214
2.351145
0.358779
-0.969466
3.053435
2.801527
3.320611
-1.961832
-1.152672
1.740458
4.122138
4.038168
2.480916
2.083969
-2.030534
-1.564885
1.297710
2.717557
-0.290076
3.603053
2.740458
1.702290
-2.419847
2.458015
0.396947
-1.312977
2.519084
2.618321
-2.381679
1.068702
-0.717557
-0.488550
-2.671756
1.114504
0.091603
2.160305
-0.175573
0.801527
-1.862595
2.389313
3.709924
6.687023
1.977099
0.503817
-1.167939
1.160305
2.404580
1.679389
4.137404
2.709924
2.717557
0.328244
2.335878
-1.610687
1.183206
-1.847328
-3.793893
3.045802
2.267176
0.709924
3.251908
-1.664122
0.870229
0.412214
-0.526718
0.801527
4.160306
0.068702
3.496183
0.030534
1.961832
3.427481
0.312977
-1.458015
0.206107
1.053435
-1.259542
3.167939
4.519084
-1.274809
-2.244275
-1.740458
-1.351145
-2.297710
-1.793893
-2.045802
-1.580153
-3.267176
0.015267
-2.229008
-1.152672
-0.992366
1.068702
-1.679389
-0.480916
0.702290
0.061069
0.236641
3.755725
1.977099
4.671756
3.450382
2.045802
4.748092
0.748092
1.236641
-1.618321
-2.374046
-0.442748
2.916031
4.824428
2.992366
0.900763
1.099237
2.671756
-2.114504
0.732824
-1.511450
-2.343511
1.687023
6.839694
1.938931
2.832061
0.061069
2.618321
-2.137405
3.114504
-2.244275
-1.755725
2.351145
3.870229
1.381679
0.351145
3.664122
2.244275
3.549618
0.259542
-0.610687
-0.786260
2.541985
3.946565
1.236641
-1.885496
1.114504
3.534351
2.839695
0.259542
-1.114504
1.648855
-0.038168
-2.564885
-0.916031
-2.183206
0.251908
2.137405
-1.862595
-1.740458
0.282443
1.633588
1.717557
0.931298
4.122138
4.778626
-0.389313
1.648855
-0.083969
-2.564885
0.679389
-1.282443
-0.755725
3.305344
0.679389
-1.083969
2.152672
-2.221374
3.106870
3.412214
0.717557
-0.450382
-0.801527
1.824427
-0.160305
-0.290076
-0.381679
1.496183
-0.717557
1.862595
1.564885
0.832061
1.625954
0.114504
1.763359
-2.603053
2.770992
2.053435
-0.221374
-4.664122
1.862595
2.511450
1.519084
-2.038168
1.664122
0.832061
1.061069
4.381680
-0.969466
-0.786260
-2.122137
-0.610687
-0.763359
-4.091603
4.122138
1.801527
-0.839695
1.000000
-0.458015
1.526718
0.458015
3.984733
0.328244
-0.641221
1.358779
-0.396947
-1.992366
3.091603
-3.167939
2.511450
3.511450
2.229008
-4.061069
1.389313
-1.213740
-0.312977
0.259542
-3.068702
-2.839695
0.244275
2.122137
1.984733
3.450382
-0.167939
3.267176
-0.519084
0.450382
3.954198
0.305344
2.160305
-0.328244
0.358779
3.938931
-4.732824
3.832061
-3.061069
-0.198473
-0.106870
1.732824
-0.839695
-0.442748
-1.374046
-2.526718
-1.687023
0.526718
-1.053435
-0.931298
-1.541985
4.450382
-1.343511
1.076336
4.221374
-1.480916
1.091603
1.740458
2.801527
-2.343511
-2.007634
0.442748
-1.931298
1.374046
-1.213740
-1.099237
-2.961832
-2.954198
0.381679
-0.748092
-0.015267
2.137405
-3.129771
2.450382
-1.122137
-2.267176
-2.351145
-1.343511
-2.732824
-0.290076
0.328244
-1.015267
0.748092
-0.977099
-1.183206
-1.053435
-3.091603
0.664122
1.801527
1.061069
0.954198
0.847328
0.480916
-0.374046
-0.900763
2.213740
4.312977
4.022901
4.167939
-0.854962
1.503817
-0.083969
-0.923664
4.900764
0.183206
3.778626
2.290076
1.251908
0.221374
0.351145
-0.839695
0.190840
0.725191
0.793893
0.259542
-1.656489
5.167939
2.206107
2.045802
-0.343511
1.725191
0.854962
3.816794
1.312977
2.786260
2.274809
-0.427481
1.870229
0.496183
2.717557
3.129771
1.969466
5.190840
5.740458
-2.038168
1.007634
-0.656489
0.633588
0.076336
0.206107
1.458015
1.954198
0.763359
4.755725
-1.152672
1.610687
1.435115
3.351145
3.450382
-3.870229
-2.007634
1.038168
1.282443
1.992366
-1.061069
1.236641
-3.488550
-0.709924
-2.854962
2.129771
1.198473
-0.267176
5.022901
-2.015267
-3.251908
1.458015
-0.511450
-2.145038
3.053435
0.625954
-1.572519
-1.290076
-1.412214
-2.748092
1.763359
-2.175573
0.603053
-1.534351
-3.541985
-1.381679
0.580153
-1.900763
-0.992366
0.122137
-1.167939
-0.511450
0.366412
3.580153
1.412214
-0.458015
-2.465649
-1.503817
2.206107
-0.053435
0.702290
-0.610687
1.519084
-0.198473
0.152672
-2.587786
0.267176
-4.664122
2.366412
-2.435115
-4.229008
5.465649
-2.000000
-6.038168
3.793893
-0.251908
-6.969466
2.427481
-8.015267
-2.900763
-2.045802
2.290076
1.633588
-4.145038
0.167939
0.641221
0.412214
-1.778626
-2.053435
-0.961832
-0.877863
-2.106870
-3.549618
-0.595420
3.030534
2.213740
-0.801527
4.099236
2.954198
1.610687
2.618321
-1.389313
-1.290076
0.190840
1.687023
-1.503817
-2.801527
4.389313
-0.351145
-0.580153
5.488550
0.969466
-3.083969
3.480916
0.198473
-2.244275
2.465649
-2.236641
1.916031
-1.832061
-1.717557
3.022901
-0.435115
2.335878
1.038168
-0.389313
4.709924
3.969466
-2.793893
2.374046
-0.229008
1.526718
10.183207
0.503817
-9.633588
3.992366
2.671756
-5.038168
2.412214
-6.862596
3.633588
0.725191
-9.114504
6.213740
-6.244275
8.442748
-1.656489
-4.473282
8.908397
2.595420
3.961832
4.541985
-1.488550
-0.229008
3.328244
1.160305
-1.145038
1.137405
1.854962
2.435115
4.954198
1.206107
3.198473
1.259542
-3.763359
-3.885496
-4.267176
2.297710
7.862596
0.274809
4.000000
-2.961832
4.610687
-6.061069
4.946565
0.671756
0.267176
-1.488550
1.442748
-3.259542
2.854962
-0.954198
-0.732824
1.625954
-5.496183
4.717557
-6.022901
-0.152672
1.572519
-6.106870
-4.343512
5.229008
-6.129771
-1.022901
6.526718
-6.312977
-4.206107
5.427481
-4.374046
8.152672
-2.687023
-0.557252
4.587786
-1.618321
-6.175572
2.374046
9.244275
-3.656489
-4.793893
6.274809
-2.603053
-3.923664
-0.656489
8.030535
1.267176
-4.496183
-0.320611
3.190840
-0.236641
0.152672
-2.412214
6.282443
1.351145
-3.473282
2.709924
6.687023
-5.381680
6.450382
-1.030534
-4.450382
8.786260
6.541985
1.000000
1.534351
3.259542
2.870229
-0.480916
2.862595
2.022901
2.053435
4.625954
0.770992
1.267176
2.190840
4.595420
3.725191
5.824428
2.442748
7.251908
4.282443
3.824427
2.450382
4.076336
3.442748
7.259542
1.351145
3.122137
5.030534
2.580153
2.450382
2.152672
0.832061
2.969466
3.419847
2.511450
2.969466
2.946565
3.679389
4.488550
2.984733
-2.709924
0.916031
0.694656
-4.297710
1.099237
-1.664122
-0.839695
2.061069
-0.977099
1.366412
-0.045802
4.511450
-0.282443
-0.167939
-1.305344
2.496183
3.290076
3.335878
1.145038
1.923664
2.946565
1.625954
1.702290
3.938931
0.450382
-0.847328
2.198473
-0.045802
0.229008
3.343511
-1.603053
1.106870
-1.328244
0.175573
2.167939
1.152672
-2.244275
-0.862595
-1.175573
-0.961832
-0.290076
3.145038
0.305344
-0.664122
0.793893
-0.839695
-1.656489
-0.549618
-2.129771
-1.549618
-0.717557
1.725191
-2.656489
0.595420
-1.160305
1.763359
0.854962
1.038168
1.916031
-2.541985
1.221374
-2.145038
-2.687023
-2.541985
-0.152672
-3.114504
-2.725191
-0.099237
-4.236641
-0.526718
-1.114504
0.671756
-3.175573
2.488550
-1.572519
-1.816794
0.282443
-0.129771
-0.152672
1.740458
-1.213740
1.809160
-1.427481
2.740458
1.961832
-1.297710
0.923664
-1.145038
0.221374
0.748092
-1.236641
0.648855
-1.816794
-0.870229
-2.709924
0.419847
-2.297710
0.549618
-1.167939
-3.419847
1.603053
-2.106870
0.137405
-0.885496
-1.145038
-1.251908
0.389313
-1.412214
2.610687
0.854962
2.496183
0.511450
-2.564885
0.992366
1.099237
-1.419847
2.580153
-0.458015
-0.167939
-0.862595
-2.267176
1.068702
1.625954
4.038168
-3.267176
2.122137
-0.572519
-0.534351
1.099237
1.305344
2.251908
4.038168
3.442748
4.038168
-0.877863
1.717557
1.687023
-0.366412
3.022901
3.679389
3.030534
4.335878
0.847328
-0.977099
3.893130
0.404580
3.824427
-0.091603
3.274809
0.549618
-1.061069
1.671756
-1.175573
3.534351
0.519084
1.847328
1.770992
0.961832
1.496183
0.534351
3.908397
1.259542
-0.297710
1.557252
0.732824
0.480916
2.603053
4.015267
0.832061
0.465649
6.244275
2.053435
3.083969
-2.748092
0.099237
1.015267
-1.725191
-1.519084
1.961832
-0.015267
-1.351145
0.625954
-1.801527
0.587786
0.557252
-0.923664
1.519084
-2.000000
-3.755725
0.160305
-3.488550
-0.564885
-0.427481
0.687023
0.916031
-0.465649
-1.267176
-1.381679
1.374046
-4.320611
2.442748
0.702290
0.137405
-1.839695
0.916031
-3.213740
-0.053435
0.732824
0.732824
-3.106870
-0.702290
-4.992366
-0.916031
0.396947
0.412214
-0.946565
-2.022901
4.229008
-4.389313
5.519084
-1.503817
-1.572519
1.343511
-5.351145
3.198473
-2.908397
2.083969
1.030534
-2.145038
0.687023
-2.129771
2.740458
1.740458
-1.145038
2.206107
-1.946565
2.770992
1.335878
2.244275
-7.801527
5.702290
4.213740
-3.129771
0.931298
4.244275
-6.259542
7.137404
0.099237
0.267176
6.549618
-3.946565
-0.839695
2.885496
-5.610687
-2.229008
4.748092
-3.870229
-0.786260
-7.778626
-3.992366
4.236641
-5.786260
4.961832
-4.022901
-2.793893
-0.885496
1.778626
7.206107
-4.816794
6.679389
-7.099236
3.526718
-8.259542
3.221374
-4.572519
-3.549618
6.091603
-5.030534
2.297710
-6.305344
0.435115
3.748092
-0.938931
0.946565
3.145038
-3.961832
-2.412214
3.404580
-5.587786
-5.213740
3.595420
1.885496
-3.473282
4.458015
2.954198
-7.748092
2.923664
3.404580
-4.503817
-1.122137
1.404580
-0.419847
-2.648855
-6.259542
3.946565
-1.832061
-0.328244
4.175572
-3.290076
-5.152672
3.175573
1.541985
-1.496183
-0.389313
-4.763359
-4.053435
-0.702290
-2.809160
1.702290
0.114504
-1.404580
1.236641
-1.572519
-1.595420
-2.832061
1.190840
3.687023
-5.251908
0.190840
2.007634
-4.954198
-0.816794
-0.625954
2.129771
4.503817
-5.213740
-0.671756
2.465649
-2.221374
1.251908
4.068702
-7.358778
-1.114504
3.122137
-1.053435
-1.809160
2.473282
0.763359
-4.053435
1.992366
3.839695
2.030534
0.854962
4.183206
-1.687023
0.541985
1.534351
1.541985
1.541985
2.167939
1.755725
0.572519
0.931298
-0.656489
0.404580
-0.419847
4.236641
0.908397
1.259542
0.709924
2.465649
2.618321
0.900763
-0.412214
0.152672
3.236641
-2.358779
-1.969466
2.908397
-1.839695
0.488550
2.847328
-0.526718
4.381680
-0.473282
-2.007634
-0.625954
1.198473
-0.022901
-2.480916
0.938931
3.160305
0.458015
2.458015
2.458015
0.190840
-1.007634
0.770992
2.717557
0.870229
0.374046
1.099237
1.648855
2.206107
2.374046
1.229008
2.282443
-2.305344
1.877863
2.366412
0.931298
6.190840
0.351145
2.694656
-2.450382
0.221374
-0.496183
2.389313
1.549618
-0.198473
2.725191
-1.190840
2.030534
2.687023
4.183206
2.610687
-4.099236
-3.916031
1.190840
0.572519
-0.671756
1.068702
4.893130
-0.381679
-1.900763
-0.259542
-0.687023
-0.122137
2.534351
-1.450382
-0.305344
1.954198
1.534351
3.213740
3.694656
2.480916
-0.297710
-1.755725
-1.946565
3.557252
2.549618
0.152672
0.290076
-0.038168
-0.465649
1.755725
1.137405
1.053435
4.824428
0.877863
3.427481
4.633588
-0.083969
4.221374
-3.671756
-0.427481
-1.404580
-0.664122
3.961832
0.694656
0.404580
-1.854962
-0.580153
2.198473
0.694656
0.877863
0.129771
1.839695
-1.557252
1.129771
-0.709924
4.305344
-1.541985
2.053435
0.007634
4.671756
-1.725191
2.732824
1.221374
3.045802
1.015267
4.137404
-0.961832
4.274809
2.160305
2.603053
0.129771
4.511450
2.305344
3.175573
1.580153
2.534351
4.091603
0.618321
5.015267
0.916031
3.083969
4.198473
1.946565
1.427481
4.068702
3.480916
2.572519
3.396947
4.229008
0.175573
5.000000
-0.335878
-0.748092
1.511450
-0.290076
2.725191
1.251908
2.122137
1.832061
1.496183
-0.259542
-1.267176
2.236641
3.419847
4.618320
1.885496
1.282443
3.564885
0.977099
3.885496
-0.145038
-0.419847
-0.618321
0.778626
-0.801527
0.748092
1.763359
0.389313
0.404580
-0.312977
0.977099
-1.083969
2.412214
-0.511450
-0.992366
1.267176
0.587786
-3.206107
-2.358779
-4.000000
0.541985
-0.221374
-1.198473
0.664122
-1.458015
-2.290076
0.305344
1.946565
-2.152672
-1.541985
-0.221374
-0.931298
1.526718
-0.793893
1.687023
-0.916031
-0.145038
-0.839695
-1.366412
2.259542
-3.931298
-1.671756
0.748092
-0.793893
-0.702290
2.007634
-1.633588
1.335878
-1.809160
1.297710
-2.977099
0.167939
2.511450
-2.274809
1.503817
-0.083969
-0.755725
-2.923664
-1.732824
2.755725
-1.595420
-1.419847
2.778626
-0.061069
-0.190840
-0.458015
0.801527
-2.603053
-0.206107
2.206107
-2.022901
-0.251908
-2.137405
-2.519084
0.503817
2.908397
1.732824
-0.923664
-0.473282
1.480916
0.152672
0.679389
-0.053435
1.000000
1.374046
-1.977099
3.496183
1.419847
-0.610687
0.603053
0.832061
0.465649
-1.251908
1.801527
0.748092
-0.763359
-3.503817
-0.061069
0.030534
-0.381679
2.618321
-4.297710
3.717557
1.778626
-3.229008
3.167939
3.862595
-0.839695
1.900763
0.564885
0.091603
-0.122137
2.312977
0.564885
3.671756
0.824427
0.122137
2.625954
1.122137
0.068702
-1.595420
0.900763
3.625954
-0.442748
-1.946565
-0.282443
3.160305
-0.221374
-4.412214
0.511450
3.458015
-2.335878
0.236641
1.992366
0.931298
1.404580
-0.389313
0.381679
-0.488550
-2.206107
0.702290
-0.916031
0.503817
0.770992
1.732824
-0.160305
2.152672
-1.435115
2.984733
-0.129771
-1.671756
-0.732824
1.236641
3.221374
1.557252
-0.114504
1.267176
-2.328244
5.648855
-0.664122
1.450382
0.167939
0.725191
1.442748
4.206107
-1.824427
4.236641
1.679389
5.320611
6.282443
6.106870
13.007633
7.977099
-0.061069
-0.083969
1.305344
7.580153
7.694656
3.053435
0.030534
-3.175573
-0.267176
-0.908397
1.992366
1.885496
3.694656
6.664122
8.099236
8.068703
8.038168
1.694656
-0.900763
2.954198
5.442748
6.824428
5.213740
5.603054
5.198473
4.610687
2.755725
6.259542
4.351145
3.931298
5.213740
3.832061
3.137405
4.557252
5.465649
-0.625954
5.725191
4.488550
3.190840
4.251908
3.236641
0.740458
1.083969
2.664122
-0.122137
3.793893
3.938931
5.137404
-0.511450
1.916031
2.312977
5.938931
1.603053
4.137404
0.183206
3.709924
-0.068702
0.328244
1.083969
2.618321
2.778626
2.603053
1.213740
0.603053
4.251908
2.625954
-0.183206
3.954198
0.969466
-1.549618
1.534351
2.282443
-0.122137
-1.633588
1.580153
2.053435
-0.244275
-0.694656
0.885496
-3.015267
0.984733
1.145038
-1.511450
0.465649
0.992366
0.740458
-0.854962
-2.236641
-1.030534
-1.648855
-3.946565
1.343511
-0.648855
-1.053435
1.816794
1.167939
3.030534
-1.312977
0.801527
-1.534351
-1.312977
-3.244275
-2.404580
-2.488550
-1.053435
0.809160
3.213740
0.549618
-1.419847
2.534351
4.145038
0.664122
2.480916
2.679389
0.786260
-1.167939
-0.916031
-2.366412
0.816794
1.412214
0.839695
-0.801527
0.694656
0.969466
1.076336
-1.633588
2.549618
1.236641
1.572519
2.641221
-1.679389
5.328244
3.702290
0.061069
0.854962
0.297710
0.641221
5.977099
1.984733
1.290076
-0.595420
0.633588
0.679389
0.648855
0.083969
4.740458
-3.946565
1.297710
0.412214
-0.488550
-1.954198
-0.343511
2.480916
-0.564885
2.198473
3.435115
1.572519
0.603053
4.435114
2.809160
-0.519084
1.870229
-3.847328
-2.267176
1.610687
1.557252
-0.740458
0.198473
-6.106870
4.809160
5.534351
2.465649
0.732824
1.160305
-1.702290
0.862595
-0.824427
3.671756
2.572519
3.442748
1.488550
-2.961832
0.442748
-2.221374
2.335878
-3.198473
-1.732824
0.702290
2.458015
0.801527
0.236641
-1.526718
2.167939
-2.679389
6.694656
1.374046
1.076336
2.160305
3.251908
0.564885
-1.992366
7.427481
0.633588
3.137405
2.442748
-0.358779
5.954198
-0.877863
2.740458
2.908397
3.519084
1.442748
4.801527
0.259542
0.465649
1.206107
4.587786
3.114504
4.145038
2.885496
1.648855
3.312977
3.213740
3.175573
3.091603
2.091603
-0.152672
-1.038168
0.221374
3.160305
1.641221
2.320611
3.160305
5.893130
0.732824
0.809160
1.801527
0.496183
2.778626
3.648855
-0.213740
-0.122137
3.511450
1.351145
1.824427
1.396947
2.748092
0.893130
0.244275
1.664122
1.717557
-0.030534
1.534351
1.419847
-1.122137
4.083970
-0.793893
1.908397
-0.099237
-0.717557
2.709924
0.725191
0.534351
2.809160
2.045802
-0.244275
-0.946565
2.717557
3.145038
1.083969
1.740458
0.847328
-0.770992
2.587786
2.717557
0.366412
0.625954
-1.297710
0.770992
0.167939
-0.267176
0.709924
-1.061069
0.503817
0.961832
0.770992
1.778626
-2.732824
1.992366
2.053435
-1.106870
0.877863
0.885496
-1.167939
1.251908
2.251908
0.702290
0.587786
0.534351
-3.122137
-1.908397
1.198473
-2.633588
-3.374046
-0.916031
-1.793893
-0.786260
-0.160305
-2.351145
-1.297710
0.511450
-1.969466
-0.587786
-1.068702
-2.900763
-0.809160
-0.916031
-2.328244
0.427481
-1.328244
-2.778626
-0.305344
-1.404580
-3.900763
-0.778626
2.213740
-2.404580
-2.847328
-1.610687
1.175573
-1.977099
-0.167939
-2.305344
0.534351
2.282443
-0.259542
-3.541985
-1.297710
-0.648855
-2.809160
0.625954
0.717557
-2.778626
-0.641221
0.343511
-2.129771
-3.267176
0.007634
1.488550
2.114504
-0.190840
-0.877863
1.984733
-0.488550
-0.801527
1.099237
0.007634
-1.305344
0.045802
-0.793893
2.748092
-2.091603
-6.557252
-7.366412
-10.984733
-5.534351
6.748092
1.374046
-11.320611
-7.091603
-5.725191
-1.419847
3.671756
-1.221374
-4.206107
-4.793893
-9.137404
-3.519084
-3.564885
0.519084
-5.396946
-7.320611
-8.931297
-5.404580
-0.832061
0.648855
-4.412214
-6.442748
-7.465649
-6.213740
-9.290076
-5.412214
0.755725
-0.816794
-0.152672
-3.175573
-5.206107
-8.526717
-7.503817
-9.679389
-3.748092
-2.778626
-3.954198
-7.396946
-7.610687
-7.801527
-8.061069
-7.236641
-7.083970
-5.007634
-1.442748
-9.709924
0.984733
-4.213740
-10.992367
2.732824
-5.343512
-7.061069
2.000000
-6.351145
-1.587786
-2.648855
-5.282443
-3.061069
-2.503817
-2.748092
-4.977099
-3.664122
-5.687023
-0.465649
-0.641221
-1.885496
-1.778626
-3.015267
-3.580153
-4.076336
-2.786260
-0.908397
-2.541985
-0.007634
0.740458
-2.213740
-1.335878
-3.595420
-2.366412
-0.748092
-3.916031
-4.671756
-1.465649
-2.000000
0.770992
-0.053435
-4.671756
-3.526718
0.129771
-3.412214
-1.129771
0.916031
-2.022901
4.328244
-4.763359
-2.274809
-0.595420
1.755725
1.061069
-3.152672
-0.603053
-2.503817
-0.496183
0.946565
-0.702290
-1.511450
-0.427481
3.145038
-2.511450
-0.381679
2.832061
-0.893130
-1.358779
0.984733
4.511450
-2.030534
-4.251908
6.648855
4.992366
-4.732824
1.954198
4.732824
-0.076336
-1.572519
-0.839695
1.977099
-1.809160
-4.396946
-2.152672
0.832061
-5.458015
3.992366
0.877863
2.732824
-2.015267
1.427481
1.229008
-1.129771
2.503817
1.419847
-0.259542
-0.175573
1.664122
0.190840
1.549618
-1.709924
-1.473282
0.748092
-0.633588
-0.702290
-0.870229
2.908397
-4.564886
-0.526718
0.870229
0.404580
-1.183206
-1.801527
-0.641221
3.977099
-0.610687
4.145038
0.770992
4.351145
3.427481
0.931298
2.488550
4.717557
1.358779
-4.206107
-1.015267
2.167939
0.083969
-6.274809
0.114504
-0.374046
-5.977099
-0.038168
-8.206107
0.824427
-7.755725
-4.480916
0.709924
-6.778626
-0.832061
-0.717557
-4.206107
-3.534351
-3.618321
-5.038168
-7.419847
-6.274809
-3.229008
-3.908397
0.755725
-6.259542
-8.381680
-1.381679
4.358778
-7.908397
-5.519084
-0.564885
-1.755725
-7.061069
-1.885496
1.007634
-6.625954
-11.412213
-8.053435
1.923664
1.587786
-3.763359
-8.213740
-4.358778
-11.083969
-4.511450
-0.320611
-0.328244
-8.931297
-9.580153
-1.541985
3.702290
-1.954198
-10.244275
-1.740458
-11.419847
-5.671756
2.480916
-0.893130
-5.511450
0.816794
-8.664123
-2.396947
-0.893130
-2.099237
-8.778625
-11.946565
-3.618321
-8.648855
3.022901
-6.206107
-8.961832
-3.374046
2.458015
-0.694656
0.030534
-1.328244
-2.641221
-10.175572
-5.885496
1.549618
0.160305
-8.725191
-4.709924
-4.213740
-4.412214
-4.045802
-3.519084
1.351145
5.900764
-2.091603
2.534351
-0.862595
-3.366412
5.251908
-3.068702
1.618321
1.801527
-2.160305
-1.908397
-3.374046
-4.167939
-4.557252
-2.244275
2.099237
5.320611
1.625954
4.000000
0.671756
6.335878
2.534351
3.992366
1.984733
4.114504
-4.954198
-0.152672
-5.923664
0.610687
-5.832061
0.236641
-6.152672
-0.229008
-6.061069
0.030534
3.816794
3.511450
6.580153
5.229008
3.305344
6.580153
1.671756
3.290076
-5.404580
-3.290076
-0.641221
3.816794
1.984733
2.381679
2.137405
3.832061
-0.694656
1.389313
4.832061
2.839695
5.625954
3.977099
2.328244
5.335878
0.854962
-1.480916
8.893129
2.847328
-5.351145
2.961832
2.000000
2.000000
-2.152672
2.496183
-5.580153
-2.267176
1.580153
-1.465649
2.931298
5.229008
-2.183206
-0.946565
3.389313
4.809160
7.839694
5.755725
4.656488
2.717557
3.312977
1.145038
5.137404
1.854962
2.580153
-4.709924
7.763359
-7.374046
8.152672
1.022901
-3.259542
7.862596
7.687023
-3.198473
8.954199
-5.625954
5.625954
-2.801527
-2.175573
8.030535
-6.335878
6.954198
-7.786260
9.610687
-4.526718
3.259542
2.526718
-3.419847
8.763359
-6.839694
5.725191
-6.160306
8.687023
-2.946565
-0.519084
6.656488
-6.740458
4.786260
0.160305
-1.679389
10.664123
-6.427481
6.366412
-2.610687
7.595420
-4.633588
6.740458
0.091603
0.236641
-2.427481
2.786260
1.129771
3.137405
1.770992
0.343511
2.290076
2.145038
-1.221374
2.633588
-0.832061
-0.748092
1.435115
1.786260
3.290076
-0.648855
-1.351145
1.366412
1.335878
1.389313
-0.564885
-1.908397
2.946565
0.725191
-1.961832
-0.526718
2.015267
-0.305344
-5.412214
-1.572519
0.419847
-5.893130
-2.351145
-6.152672
-1.954198
-1.511450
-5.763359
-5.320611
-1.412214
-0.541985
-3.938931
-4.099236
-1.519084
-4.877862
-2.923664
-1.595420
-7.366412
-2.526718
-2.427481
-3.053435
-6.244275
-6.290076
-2.114504
-1.312977
-2.618321
-2.320611
-5.206107
-5.595420
-2.656489
-2.190840
-1.946565
-1.297710
-2.717557
-6.251908
-6.305344
-2.763359
-0.778626
-0.145038
-1.389313
-7.213740
-3.625954
-3.603053
-1.885496
0.954198
-0.793893
2.587786
-3.610687
-0.343511
-3.854962
0.122137
-1.656489
1.641221
-2.877863
-3.641221
-2.435115
-0.900763
1.328244
-0.083969
4.328244
0.778626
3.274809
-3.145038
-2.862595
1.740458
-1.305344
3.160305
1.122137
2.358779
0.908397
-1.885496
-1.427481
-1.870229
0.038168
1.587786
-0.854962
-0.396947
4.038168
1.083969
-0.862595
-2.755725
2.427481
1.900763
1.106870
-0.625954
0.190840
1.732824
3.748092
1.053435
-1.244275
2.679389
2.854962
0.832061
-1.824427
-1.664122
-0.061069
4.740458
1.503817
-3.671756
3.679389
4.076336
0.534351
0.877863
2.587786
2.442748
0.122137
2.557252
1.473282
3.770992
-0.167939
0.473282
1.732824
0.923664
2.320611
-0.190840
4.297710
1.343511
7.671756
3.610687
2.770992
0.977099
2.358779
4.022901
4.977099
2.007634
4.137404
4.404580
4.236641
5.312977
7.748092
2.099237
2.778626
9.061069
5.702290
7.671756
11.419847
10.068703
8.832061
4.030534
1.473282
1.251908
2.534351
7.137404
7.038168
5.320611
4.992366
9.687023
8.809160
0.244275
-0.351145
-0.396947
-3.740458
-1.396947
-1.740458
7.007634
-2.045802
7.916030
5.893130
4.442748
-2.664122
5.656488
-3.396947
-0.870229
1.167939
4.152672
1.183206
3.015267
1.664122
-7.816794
1.458015
-2.503817
-2.824427
3.503817
-4.114504
2.473282
3.824427
-2.954198
-0.671756
-1.244275
-5.839694
3.335878
-1.435115
4.832061
1.290076
-4.175572
1.564885
-1.358779
4.854962
1.274809
0.793893
-1.312977
-5.587786
4.732824
0.320611
2.267176
-0.160305
2.923664
-5.175572
1.244275
-3.213740
0.648855
-2.778626
0.816794
-0.488550
2.511450
0.213740
6.587786
-1.465649
0.175573
-0.610687
4.557252
-3.587786
4.801527
-0.099237
1.824427
-0.419847
-2.198473
5.862596
-2.099237
1.114504
-0.282443
6.251908
-1.106870
0.954198
-5.183206
6.022901
0.671756
-0.687023
0.961832
0.916031
1.732824
-0.656489
-0.091603
-1.320611
-2.603053
3.465649
3.083969
-0.450382
-4.160306
1.076336
-1.061069
5.885496
-5.885496
1.312977
-5.786260
3.053435
-2.603053
0.786260
-4.427481
3.893130
-1.045802
2.977099
-2.908397
3.923664
-5.358778
3.832061
0.038168
5.160306
-5.801527
1.022901
-1.206107
5.038168
-0.335878
0.419847
2.038168
-1.206107
1.534351
-6.335878
4.435114
-0.183206
0.931298
-5.885496
4.145038
-1.992366
2.488550
-6.610687
7.381680
-2.366412
-2.206107
1.206107
2.931298
-4.335878
1.687023
-0.847328
-0.145038
0.816794
-2.244275
3.297710
-1.221374
2.824427
0.656489
-0.328244
6.442748
3.908397
0.893130
2.625954
-3.328244
-2.839695
3.519084
1.610687
-6.442748
0.221374
-0.374046
-1.847328
-3.053435
-0.351145
-3.412214
2.335878
-5.236641
2.648855
-0.480916
-4.641222
4.839694
0.312977
1.793893
3.007634
2.587786
-0.526718
-1.458015
5.236641
-1.160305
1.374046
-3.030534
3.236641
-0.610687
-1.511450
0.290076
0.183206
-0.610687
-0.694656
4.648855
0.618321
4.732824
-2.221374
-0.786260
-0.076336
6.458015
-0.167939
6.053435
-2.893130
0.496183
-1.549618
1.213740
-0.343511
-0.450382
1.816794
3.061069
1.610687
0.534351
5.145038
-1.152672
-2.480916
0.206107
-0.442748
5.198473
1.717557
4.374046
1.679389
0.564885
0.618321
4.236641
-0.503817
6.633588
0.053435
1.000000
2.969466
4.809160
0.358779
-0.916031
3.129771
2.419847
1.587786
2.656489
-2.236641
3.603053
-2.984733
2.870229
-2.030534
0.847328
-3.603053
0.801527
6.129771
-1.320611
-2.923664
-0.068702
-1.427481
5.862596
-1.198473
2.709924
-0.236641
-5.320611
5.000000
-1.984733
4.183206
-1.839695
3.297710
-2.816794
1.244275
2.633588
0.343511
-0.595420
-3.702290
3.091603
2.541985
5.984733
1.381679
1.992366
-0.893130
-2.824427
2.137405
3.061069
2.099237
-1.748092
3.282443
-0.870229
3.870229
0.801527
-1.229008
0.091603
4.816794
1.389313
-0.786260
1.007634
-0.702290
4.809160
0.374046
1.251908
-3.587786
2.488550
2.488550
1.396947
1.160305
-0.877863
-3.564885
-2.259542
5.404580
2.061069
-2.618321
5.961832
-4.000000
5.656488
-0.610687
3.114504
-5.549618
-3.244275
2.167939
3.267176
5.465649
2.755725
-3.893130
1.419847
-1.916031
1.274809
5.488550
-3.038168
-2.175573
-0.030534
0.114504
6.992366
-2.572519
-1.770992
-0.984733
-0.862595
4.480916
-3.427481
2.007634
-1.511450
0.816794
-0.931298
2.633588
-4.870229
1.450382
1.206107
-0.022901
0.366412
-0.984733
-4.061069
2.641221
2.229008
0.099237
1.167939
-2.160305
1.381679
-3.633588
0.183206
3.809160
-0.015267
-2.870229
4.259542
-0.358779
1.419847
-0.167939
1.725191
1.816794
2.908397
1.450382
3.732824
-0.603053
1.603053
0.274809
1.274809
-1.442748
1.167939
-1.870229
-1.320611
0.229008
-0.442748
-3.015267
1.633588
1.519084
-0.847328
1.030534
2.625954
-1.091603
2.145038
1.015267
-0.458015
2.801527
-0.076336
1.450382
3.923664
-3.183206
1.931298
-0.152672
2.580153
-0.541985
2.183206
-1.328244
0.770992
2.648855
-0.374046
-1.679389
0.648855
-1.305344
3.068702
-0.137405
1.572519
-0.755725
1.946565
1.687023
-2.969466
0.526718
-1.938931
3.175573
-0.351145
-0.671756
1.229008
-3.343511
2.045802
1.671756
0.580153
1.564885
1.022901
3.412214
-1.732824
0.725191
-0.656489
-0.534351
-2.664122
3.167939
-1.671756
-0.137405
3.938931
0.984733
3.015267
-0.687023
-1.328244
-3.267176
0.793893
1.465649
-1.137405
0.351145
-0.343511
-0.045802
2.366412
1.053435
-0.854962
0.969466
-0.671756
2.755725
-6.053435
3.916031
-0.679389
2.938931
1.725191
2.595420
0.404580
0.015267
3.022901
-0.030534
1.175573
1.213740
0.480916
2.213740
-0.320611
1.877863
2.030534
0.290076
0.755725
0.251908
-0.862595
0.427481
4.320611
0.000000
1.335878
0.068702
-0.587786
-1.267176
3.343511
-1.045802
2.282443
-2.229008
0.725191
-2.595420
0.946565
-3.519084
2.450382
-0.030534
0.083969
-1.106870
-2.694656
-2.977099
-4.389313
0.717557
-0.763359
-0.160305
0.816794
-2.213740
3.389313
-3.267176
-1.030534
-1.870229
0.908397
1.938931
6.671756
3.541985
5.122138
0.473282
6.450382
5.419847
7.244275
7.129771
4.114504
4.450382
4.038168
7.870229
5.427481
2.748092
6.931298
2.083969
5.519084
2.206107
0.213740
5.091603
4.282443
-1.213740
2.648855
0.885496
-1.145038
1.984733
2.709924
-0.435115
0.007634
-1.824427
-0.473282
0.786260
0.022901
0.954198
-0.068702
-2.526718
-3.503817
-2.297710
-2.824427
-3.641221
-1.946565
-1.129771
-1.152672
-3.351145
-1.099237
-4.076336
-4.282443
-1.458015
-1.603053
-2.396947
-4.007634
-3.274809
-1.480916
-1.862595
3.251908
-2.145038
-0.633588
-0.061069
2.175573
0.068702
2.312977
-0.412214
2.244275
0.801527
3.389313
2.274809
-0.442748
1.534351
1.244275
0.114504
-1.717557
0.167939
3.061069
-1.580153
-1.129771
-1.038168
-0.549618
2.671756
1.435115
1.061069
-0.167939
2.450382
2.778626
3.503817
2.106870
1.854962
1.045802
1.251908
4.992366
1.206107
0.839695
0.916031
0.290076
0.213740
4.045802
3.328244
4.900764
2.702290
1.595420
-1.633588
-0.770992
-0.770992
-3.198473
0.106870
2.549618
-0.129771
-1.251908
-0.511450
-0.076336
-1.015267
2.969466
1.419847
-0.145038
2.045802
-1.152672
-1.458015
-0.816794
-3.053435
-0.160305
-0.251908
1.519084
1.687023
1.770992
2.854962
-0.763359
1.465649
1.435115
2.549618
-1.916031
2.229008
0.183206
4.312977
0.198473
1.496183
1.251908
1.198473
0.778626
-1.458015
0.977099
1.732824
2.816794
4.488550
1.992366
0.480916
-0.206107
-1.190840
-1.190840
-0.458015
0.816794
0.465649
3.091603
4.152672
3.618321
-2.694656
1.312977
0.007634
-1.870229
0.450382
2.488550
1.801527
0.030534
-2.061069
1.641221
5.648855
2.755725
-0.358779
0.244275
0.961832
3.931298
-0.160305
-1.969466
-1.083969
0.595420
1.519084
-0.106870
-0.358779
0.641221
2.038168
-0.816794
0.954198
-3.381679
1.038168
0.000000
-4.366412
-2.931298
-0.793893
0.839695
-1.587786
0.305344
-0.274809
-1.343511
-1.519084
1.320611
2.625954
0.427481
3.328244
-2.977099
2.038168
0.030534
-0.267176
1.740458
0.015267
-0.022901
2.564885
0.442748
3.786260
-0.137405
3.038168
-4.061069
0.030534
-2.625954
0.343511
-0.870229
1.419847
1.587786
-3.664122
-0.404580
0.083969
2.740458
-2.297710
-0.312977
2.175573
-0.396947
1.648855
2.740458
-0.412214
1.045802
-1.816794
1.549618
0.022901
0.259542
-2.129771
1.358779
2.328244
1.709924
-1.938931
2.122137
-4.282443
1.977099
0.824427
0.374046
1.244275
-0.198473
0.984733
1.824427
-4.694656
-1.145038
0.259542
3.152672
1.068702
1.450382
-2.061069
3.221374
-0.106870
2.694656
0.190840
2.259542
-4.366412
-0.816794
3.519084
-3.473282
2.572519
-0.832061
0.000000
-2.007634
2.641221
-0.748092
0.580153
-3.427481
-1.229008
2.419847
-1.580153
-1.061069
2.152672
0.442748
1.519084
0.038168
-1.030534
1.580153
-0.351145
2.404580
0.122137
2.175573
1.274809
2.045802
-2.450382
3.549618
-0.396947
2.564885
0.862595
0.816794
-2.236641
3.000000
-1.244275
-1.038168
4.099236
-0.374046
0.236641
-2.541985
-0.274809
-0.610687
0.534351
0.290076
2.358779
0.992366
1.862595
-1.183206
2.419847
0.801527
-1.183206
2.129771
-1.022901
4.198473
-1.496183
5.908397
-3.152672
1.832061
-0.099237
2.671756
2.473282
-3.435115
2.122137
-3.198473
2.190840
0.709924
0.793893
-0.549618
4.595420
-1.022901
2.656489
-1.664122
-1.862595
1.572519
-0.748092
2.381679
-1.870229
1.022901
0.923664
3.175573
-0.412214
-2.213740
1.671756
-2.358779
2.320611
1.007634
-3.442748
-0.160305
-4.038168
3.374046
-2.709924
-1.106870
1.312977
1.114504
-0.435115
0.564885
1.267176
-2.053435
2.320611
-2.816794
1.793893
-1.320611
0.633588
1.160305
-1.106870
2.083969
0.129771
1.152672
2.114504
-0.442748
-1.206107
-2.709924
-1.465649
1.145038
-1.839695
-1.702290
1.641221
-0.824427
2.229008
0.450382
1.129771
2.519084
-2.786260
4.992366
-3.725191
2.572519
-0.190840
1.206107
-1.503817
1.961832
-0.458015
2.977099
-1.442748
4.664122
-4.122138
2.977099
-0.312977
0.587786
-4.320611
4.977099
2.480916
-0.374046
-0.824427
-0.664122
0.656489
-1.938931
0.206107
3.480916
-0.366412
3.076336
-0.496183
3.290076
-1.007634
0.977099
1.977099
0.412214
3.206107
0.770992
-1.167939
1.175573
-2.030534
-1.221374
-0.816794
-0.526718
2.068702
1.053435
0.679389
1.015267
0.732824
2.877863
1.412214
0.328244
-0.511450
2.824427
2.984733
0.351145
-2.793893
0.312977
0.809160
2.297710
1.152672
0.274809
-3.099237
2.122137
0.618321
1.320611
3.961832
1.381679
-1.488550
-0.328244
0.717557
1.931298
4.374046
0.709924
0.687023
1.557252
1.519084
-1.320611
-2.496183
1.259542
-1.374046
2.213740
1.687023
2.984733
-3.167939
1.610687
1.671756
1.137405
0.129771
-1.030534
0.229008
-2.526718
2.183206
1.763359
-1.106870
0.526718
3.114504
1.412214
-2.183206
0.038168
-1.320611
-0.557252
-0.106870
2.862595
1.458015
2.793893
2.152672
0.465649
-2.221374
0.267176
-1.549618
-1.847328
0.503817
0.076336
-1.847328
0.564885
2.068702
1.374046
0.442748
0.290076
-0.297710
-2.549618
-1.053435
0.137405
0.503817
2.564885
2.816794
1.297710
1.312977
1.045802
0.603053
-0.656489
-1.038168
-0.656489
1.442748
4.648855
2.274809
2.175573
1.221374
-2.137405
1.877863
-0.610687
-0.641221
-1.412214
0.961832
0.916031
0.969466
-1.419847
-1.625954
3.473282
-0.664122
-2.129771
5.038168
0.022901
-0.145038
-0.450382
-1.541985
1.740458
3.488550
-3.053435
0.015267
1.129771
0.778626
3.625954
-0.595420
4.190840
1.114504
2.030534
1.770992
4.839694
3.305344
5.580153
-1.503817
3.503817
-0.961832
4.190840
0.793893
3.160305
0.732824
2.427481
0.916031
4.129771
-1.274809
5.076336
-1.656489
7.870229
2.213740
3.816794
-0.160305
3.854962
2.320611
-0.916031
1.007634
-0.885496
2.908397
1.038168
6.908397
-3.106870
5.106870
0.541985
5.374046
4.969466
-0.847328
5.450382
1.847328
4.122138
-0.297710
3.274809
-0.152672
1.954198
-1.885496
-0.465649
1.129771
1.076336
5.000000
1.198473
-1.183206
5.473282
0.595420
2.374046
4.801527
-0.305344
2.664122
-4.427481
1.946565
1.076336
8.618320
4.656488
0.816794
-6.648855
-5.358778
4.473282
-6.358778
0.183206
7.564886
4.465649
-1.282443
-5.610687
5.916030
6.412214
-0.465649
-4.816794
-7.358778
7.068702
2.824427
-9.076336
4.000000
8.221375
-4.503817
-4.938931
6.717557
10.717557
-1.160305
-7.679389
3.320611
8.671756
-4.473282
-5.992366
4.633588
7.290076
2.343511
4.572519
8.038168
0.618321
-6.106870
-0.572519
7.396946
-1.328244
-7.458015
0.725191
3.458015
6.114504
2.702290
-9.030535
-4.755725
5.770992
3.099237
-3.114504
-4.519084
6.725191
4.832061
-5.221374
7.984733
3.557252
-7.160306
-4.335878
6.847328
1.671756
-8.687023
-3.969466
7.519084
6.083970
4.236641
-7.267176
6.297710
8.664123
-7.366412
-0.282443
9.198473
-6.000000
0.526718
-7.969466
5.938931
5.893130
-9.366412
8.412213
3.687023
-9.106871
-2.877863
2.412214
-2.000000
9.610687
-8.816793
6.671756
-6.167939
5.251908
-3.076336
-2.465649
6.190840
-5.977099
7.709924
-10.152672
6.259542
-1.496183
-4.564886
8.885496
1.435115
-5.374046
4.328244
1.335878
-6.839694
2.610687
-7.809160
2.816794
6.725191
-1.557252
-7.496183
5.893130
7.877862
-4.450382
-0.916031
-7.458015
6.236641
4.458015
-8.099236
4.190840
7.068702
-8.618320
0.305344
6.702290
-6.526718
4.938931
-5.358778
-0.091603
1.061069
-5.854962
7.129771
-7.992366
1.984733
4.969466
-7.541985
6.549618
-6.534351
9.526717
-4.847328
2.946565
1.633588
-8.396947
7.534351
-8.022901
3.618321
8.755725
-8.053435
5.969466
-5.465649
8.450381
-7.541985
4.557252
2.656489
-2.091603
4.549618
-5.328244
5.015267
-1.068702
-0.480916
4.404580
-6.572519
4.969466
-7.893130
9.076336
-7.091603
3.938931
-3.572519
-0.335878
-2.267176
1.358779
0.809160
-0.290076
1.557252
0.816794
-3.213740
-2.038168
0.068702
0.511450
0.412214
-2.465649
0.526718
3.717557
-2.534351
-1.633588
0.694656
-2.938931
-1.335878
2.068702
0.297710
2.709924
-2.603053
-4.244275
1.847328
-1.320611
-0.816794
-0.877863
0.312977
-1.076336
-3.297710
0.931298
-0.198473
-1.564885
-1.564885
-0.603053
-4.870229
2.015267
5.816794
1.610687
2.969466
-2.297710
-0.396947
0.511450
1.030534
1.366412
2.320611
-1.564885
0.679389
2.931298
-0.213740
1.664122
-0.709924
-0.442748
2.030534
-2.473282
3.786260
1.916031
0.519084
-1.145038
2.908397
-0.679389
-0.832061
0.664122
1.793893
-2.656489
2.389313
-0.404580
2.145038
-2.106870
3.480916
2.358779
0.244275
1.618321
-0.335878
3.572519
-1.290076
-0.687023
-2.564885
2.068702
-2.541985
1.374046
4.183206
-1.809160
-0.152672
0.870229
1.030534
-1.358779
1.511450
2.000000
-0.450382
0.694656
-1.587786
2.374046
0.900763
0.297710
1.992366
0.061069
3.297710
-1.458015
2.938931
2.625954
0.007634
1.763359
0.335878
2.839695
0.419847
1.618321
2.572519
-1.091603
4.511450
1.007634
1.328244
2.450382
1.312977
5.893130
0.633588
0.328244
5.206107
1.404580
3.496183
2.022901
3.503817
-0.618321
4.122138
1.091603
3.809160
-1.122137
7.183206
3.664122
4.519084
-0.282443
5.083970
2.496183
4.480916
0.679389
3.770992
2.824427
2.068702
1.030534
5.137404
5.152672
0.328244
2.358779
-0.770992
4.694656
0.312977
1.282443
3.778626
0.404580
3.351145
-0.038168
2.297710
2.106870
-0.557252
3.557252
0.541985
1.083969
2.435115
0.053435
3.488550
-1.045802
2.343511
-3.274809
3.328244
-0.564885
3.389313
-2.442748
1.190840
-1.038168
-0.488550
2.633588
-2.320611
-0.435115
0.412214
-0.992366
-0.671756
0.969466
-2.580153
2.061069
-3.015267
-0.496183
-3.267176
-1.374046
1.015267
-3.984733
1.480916
-1.343511
-0.198473
-3.496183
-1.908397
-3.038168
-4.274809
0.137405
-3.793893
-0.358779
-1.030534
1.053435
-3.122137
-2.221374
-1.496183
-4.366412
0.778626
-3.244275
2.190840
-2.847328
0.511450
-2.931298
3.809160
-1.312977
1.312977
1.404580
-1.297710
-0.320611
-3.244275
1.076336
-2.923664
1.503817
-3.442748
-2.198473
0.183206
0.305344
-0.374046
-2.236641
-3.061069
-3.603053
1.244275
-4.175572
-1.244275
-3.977099
1.916031
-4.404580
-0.160305
-3.007634
-0.534351
-3.740458
-0.618321
-0.671756
-4.908397
-1.603053
-3.992366
1.687023
-2.717557
2.847328
-4.709924
1.419847
-3.740458
-1.335878
-0.847328
-2.610687
-2.053435
-5.099236
-2.694656
-3.641221
-0.694656
-1.374046
-0.725191
-0.977099
0.450382
-0.740458
-3.297710
-1.305344
-2.282443
0.061069
-3.190840
-2.312977
-1.793893
-1.702290
0.236641
-1.114504
0.312977
-0.969466
-0.061069
-2.687023
-3.068702
2.664122
-0.832061
0.045802
1.786260
-0.961832
-1.793893
-1.679389
0.908397
-0.251908
-0.549618
0.244275
-2.061069
1.251908
1.961832
2.145038
-1.160305
2.679389
-1.236641
2.580153
0.541985
0.137405
2.755725
-0.351145
-1.900763
-1.129771
-0.816794
-0.274809
1.732824
0.389313
-0.450382
1.931298
-0.519084
0.549618
1.961832
2.206107
-0.938931
1.152672
-0.900763
-0.969466
3.549618
-0.389313
0.687023
-1.099237
0.679389
1.083969
-0.183206
0.740458
-2.091603
2.358779
0.061069
-2.908397
1.366412
-1.007634
0.954198
0.312977
-0.244275
-0.213740
-0.488550
-0.137405
-0.442748
0.916031
-1.648855
-1.931298
0.748092
0.297710
1.572519
1.297710
-1.832061
-2.694656
-2.198473
2.847328
1.259542
-1.404580
2.259542
-1.648855
1.389313
-3.099237
0.763359
0.442748
3.259542
-0.030534
2.007634
-2.106870
-0.335878
2.114504
-0.152672
1.702290
-0.969466
1.679389
2.969466
1.083969
