-2.106870
-1.160305
-3.061069
-3.625954
-1.931298
-2.458015
-2.480916
-4.412214
-1.282443
-0.664122
-2.343511
-1.687023
-1.870229
-1.969466
-1.862595
-4.259542
0.305344
-3.129771
-2.793893
-3.022901
-4.625954
-2.435115
-0.564885
-3.809160
-5.419847
-2.832061
-2.480916
-1.748092
-3.519084
-3.152672
-3.984733
-2.480916
0.320611
-1.396947
-4.793893
0.442748
-2.427481
-2.167939
-4.190840
-3.587786
-2.061069
-3.053435
-3.549618
-1.374046
-1.236641
-2.198473
-2.122137
-1.236641
-4.893130
-3.022901
-3.030534
-1.984733
-5.595420
-3.160305
-0.603053
-1.954198
-1.595420
-1.770992
-0.236641
-0.839695
-5.572519
-3.167939
-1.748092
-1.610687
-2.221374
-1.465649
-3.053435
0.404580
-3.419847
-2.259542
-3.091603
-2.221374
-1.954198
-1.748092
-5.083970
-2.083969
-5.503817
-0.977099
-2.977099
-3.419847
-0.992366
-4.251908
-3.618321
-4.603054
-3.656489
-1.083969
-4.923664
-2.740458
-2.229008
-2.190840
-1.083969
-2.618321
-1.702290
-1.244275
-2.648855
-1.702290
-5.160306
-1.496183
-4.442748
-2.496183
-4.641222
-2.412214
-1.564885
-3.656489
-0.419847
-3.328244
-3.984733
-1.488550
-3.045802
-2.389313
-3.458015
-3.885496
-4.702290
-2.969466
-0.022901
-4.770992
-1.748092
-1.641221
-5.656488
-1.007634
-4.198473
-4.389313
-3.633588
-6.114504
-4.137404
-2.511450
-2.648855
-3.916031
0.282443
-3.038168
-4.595420
-1.511450
-5.114504
-0.847328
-1.725191
-4.893130
-1.755725
-3.160305
-2.992366
-4.534351
-2.022901
-1.702290
-3.564885
0.152672
-2.900763
-3.603053
-4.480916
-3.610687
-3.496183
-0.709924
-1.564885
-3.000000
-3.290076
-1.969466
-4.717557
-3.297710
-4.641222
-0.770992
0.778626
-5.007634
-3.793893
-1.954198
-4.083970
0.465649
-3.106870
-2.450382
-2.687023
-4.312977
-1.847328
-4.641222
-1.389313
-3.458015
-4.809160
-0.282443
-1.862595
-3.259542
-0.526718
-1.923664
-1.984733
-0.709924
-4.145038
-2.458015
0.832061
-2.595420
-2.801527
-2.450382
-0.511450
-5.519084
-0.267176
-5.076336
-2.541985
-2.572519
-4.351145
-3.175573
-4.496183
-0.137405
-3.648855
-4.534351
-2.969466
-4.175572
-1.206107
-4.206107
-2.335878
-4.763359
0.015267
0.351145
-0.595420
0.633588
-2.251908
-5.251908
-6.702290
-3.816794
-3.977099
-2.725191
-2.244275
-4.541985
-1.145038
-4.175572
-3.015267
-1.992366
-3.541985
-5.442748
-3.389313
-2.480916
-3.656489
-2.007634
-2.328244
-1.954198
-1.206107
-2.885496
-3.702290
-0.877863
-2.061069
-1.404580
-0.969466
-2.015267
0.503817
-3.511450
-3.099237
-1.961832
-2.221374
-1.274809
-3.206107
-1.206107
-4.450382
-4.343512
-3.022901
-4.267176
-4.450382
-4.824428
-3.404580
-2.809160
-1.648855
-2.770992
-1.106870
-2.038168
-1.549618
-3.061069
-3.022901
-2.358779
-3.740458
-4.236641
-3.610687
-3.923664
-5.091603
-4.702290
-4.167939
-4.129771
-2.297710
-2.541985
-2.389313
-2.694656
-1.786260
-1.152672
-3.679389
-2.320611
-4.068702
-2.648855
-2.389313
-2.969466
-4.290076
-0.984733
-0.297710
-5.198473
-1.251908
-5.045802
-2.648855
-3.984733
-2.679389
-4.419847
-1.763359
-5.183206
-3.190840
-4.152672
-4.824428
-0.595420
-5.106870
-1.473282
-2.977099
-0.335878
-1.954198
-3.007634
-1.984733
-5.328244
-2.297710
-3.167939
-1.473282
-2.671756
-3.099237
-2.122137
-4.122138
-1.412214
-2.450382
-3.893130
0.503817
-4.267176
-2.145038
-3.152672
-0.961832
-4.679389
-2.931298
-3.427481
-1.557252
-5.190840
-5.641222
-3.862595
-2.465649
-5.610687
-3.549618
-2.564885
-5.358778
-4.557252
-2.618321
-0.969466
-3.122137
-0.633588
-5.244275
-1.839695
-2.007634
-2.801527
-1.198473
-1.946565
-3.549618
-2.381679
-0.877863
-1.145038
-4.038168
-1.267176
-4.473282
-4.465649
0.687023
-3.564885
-0.633588
-3.022901
-1.801527
-1.190840
-2.030534
-4.206107
-2.954198
-1.541985
-3.038168
-2.740458
-0.732824
-2.793893
-2.595420
-2.213740
-1.778626
-4.091603
-3.847328
-2.732824
-5.526718
-0.404580
-2.839695
1.145038
-5.038168
-3.916031
0.938931
-1.702290
-1.732824
-2.099237
-2.603053
-3.572519
-0.229008
-2.793893
-1.984733
-2.282443
-2.450382
-3.251908
-0.503817
-0.343511
-2.190840
-0.977099
-0.885496
-3.900763
-2.770992
-3.580153
-2.442748
-3.412214
-3.129771
-2.152672
-3.465649
-2.610687
-2.564885
-2.496183
0.190840
-3.595420
-1.992366
-2.045802
-2.671756
-4.160306
-2.923664
-4.297710
-1.984733
-0.465649
-2.732824
-4.076336
-0.938931
-2.114504
-1.145038
-2.221374
-2.206107
-2.854962
-4.503817
-2.381679
-1.954198
-2.641221
-4.725191
-4.091603
0.732824
-2.282443
-2.206107
-4.763359
-5.099236
-3.351145
-0.137405
-1.885496
-2.526718
-3.587786
-2.557252
-2.961832
-2.595420
-0.526718
-1.389313
-0.786260
-4.725191
-4.137404
-0.862595
-1.366412
-0.755725
-1.282443
-2.221374
-1.526718
-3.351145
-3.603053
-1.229008
-4.351145
-4.122138
-1.694656
-3.114504
-0.503817
-2.106870
-2.641221
0.000000
-2.564885
-4.190840
-0.358779
-3.526718
-2.854962
-3.664122
-3.717557
-3.122137
-2.068702
-3.389313
-0.969466
-1.244275
-3.091603
0.595420
-0.465649
-1.290076
-2.167939
-5.984733
-3.374046
-2.511450
-1.022901
-3.374046
-3.564885
-4.450382
-2.511450
0.145038
-2.625954
-0.137405
-2.221374
-4.343512
-4.595420
-0.328244
-3.145038
-0.969466
-0.351145
-4.137404
-1.786260
-2.572519
-2.854962
-2.198473
-0.053435
-3.748092
-2.603053
-0.809160
-3.572519
-6.061069
-4.503817
0.786260
-2.274809
-4.129771
-2.664122
-6.503817
-0.618321
-5.259542
-4.396946
0.450382
1.641221
-2.274809
-0.053435
-6.832061
-3.625954
-0.694656
-3.732824
-4.480916
-1.816794
-4.511450
-4.763359
-0.763359
-4.572519
-3.404580
-2.977099
-6.145038
-1.923664
-5.977099
-0.526718
-2.053435
-2.458015
-4.435114
-5.160306
-1.229008
-0.839695
-2.893130
-5.450382
-2.801527
-7.183206
-1.709924
-3.305344
-3.396947
-5.129771
-1.244275
-1.633588
-4.847328
-0.412214
-6.801527
-0.847328
-3.877863
0.106870
-0.740458
-0.801527
-4.320611
-0.511450
-1.366412
-4.160306
3.564885
-2.694656
-4.954198
-0.267176
-0.877863
-5.908397
-1.809160
-4.580153
-0.229008
-11.824428
-6.969466
-6.160306
-7.793893
-7.412214
-8.396947
-6.274809
-4.595420
-7.992366
-3.687023
-4.198473
-4.198473
-1.053435
-4.328244
-7.648855
-3.435115
-3.061069
-4.839694
-10.977099
-2.221374
-5.068702
-6.961832
-3.427481
-4.900764
-7.480916
-2.778626
-3.473282
-4.175572
-5.702290
-6.656488
-3.961832
-6.221374
-6.793893
-4.366412
-4.145038
-3.198473
-3.694656
-3.923664
-3.916031
0.068702
-3.007634
-4.702290
-3.847328
-4.580153
0.351145
-1.694656
-5.083970
-3.374046
-3.862595
-3.190840
-5.290076
-2.687023
-4.251908
-2.183206
-3.648855
-2.595420
-2.916031
-5.580153
-1.702290
-2.396947
-4.274809
-2.847328
-4.206107
-3.343511
-3.778626
-4.083970
-3.671756
-5.083970
-4.480916
-2.038168
-4.473282
-2.870229
-2.992366
-2.320611
-1.702290
-4.000000
-2.022901
-1.786260
-3.969466
-2.328244
-5.000000
-3.030534
-0.938931
-3.458015
-3.488550
-5.129771
-3.648855
-3.076336
-4.656488
-5.435114
-2.236641
-5.610687
-2.374046
-3.755725
-4.358778
-4.816794
-4.015267
-3.251908
-3.938931
-2.137405
-5.465649
-5.610687
-3.488550
-5.770992
-3.824427
-8.816793
-2.045802
-5.305344
-3.862595
-5.358778
-5.969466
-3.076336
-5.755725
-4.625954
-4.480916
-7.030534
-3.465649
-6.358778
-3.244275
-9.977099
-2.450382
-2.152672
-6.129771
-0.282443
-7.893130
-1.595420
-3.595420
-1.984733
-4.160306
0.091603
-1.954198
-2.572519
-2.022901
-1.526718
-3.801527
-2.511450
-5.458015
-4.610687
-0.709924
-1.358779
-1.618321
-1.938931
-0.572519
-3.641221
-0.267176
-2.137405
-5.541985
-4.648855
-1.290076
-3.526718
-2.534351
-3.160305
-2.625954
-3.885496
-4.129771
-2.083969
-2.412214
-3.977099
0.106870
-1.564885
-4.083970
0.244275
-0.366412
-0.641221
1.549618
-1.366412
-4.801527
-1.786260
-2.755725
-0.580153
-1.366412
1.213740
-2.145038
-1.183206
-3.870229
-3.770992
-1.488550
-2.320611
-9.702291
-8.343512
-7.267176
-6.908397
-5.633588
-1.832061
0.473282
1.458015
2.152672
-0.648855
-2.801527
1.488550
0.885496
-0.954198
-3.633588
-8.442748
-7.114504
-4.396946
-1.732824
-3.984733
-0.809160
-6.687023
-11.160305
-3.580153
0.992366
3.854962
2.770992
-4.335878
-2.511450
-5.702290
-3.633588
-2.343511
-2.045802
-0.503817
-1.519084
-1.114504
2.404580
-0.587786
0.984733
-1.305344
-5.221374
-3.839695
-3.664122
-3.114504
1.480916
-0.022901
1.099237
-1.946565
-6.190840
-2.015267
-1.664122
-4.740458
-5.435114
-4.099236
-6.274809
-0.816794
4.000000
3.717557
-1.274809
-4.526718
-4.244275
-3.167939
-3.732824
-4.572519
-1.206107
1.534351
0.259542
-1.572519
-3.946565
-5.931298
-3.923664
0.099237
-7.625954
-3.503817
0.954198
1.000000
-2.244275
-5.572519
-7.679389
-2.335878
1.175573
-5.343512
-2.549618
0.656489
-1.923664
-4.068702
-1.290076
1.496183
-1.213740
-4.587786
-0.816794
-7.503817
-1.458015
4.755725
-2.977099
-6.167939
-5.366412
-4.603054
0.007634
2.786260
4.129771
-5.610687
-8.687023
-5.885496
-6.244275
-2.648855
4.847328
4.618320
-2.267176
-2.625954
-6.969466
1.778626
0.694656
-6.022901
-7.488550
-6.671756
-5.160306
-4.137404
-2.152672
0.541985
2.160305
3.954198
2.526718
1.572519
1.984733
-1.877863
-0.763359
-3.152672
-4.435114
-7.320611
-7.900764
-3.435115
-1.648855
5.022901
1.931298
4.328244
0.030534
-3.893130
-4.557252
-7.152672
-5.473282
-4.687023
-2.129771
2.274809
2.969466
-0.633588
-1.206107
-1.664122
-3.702290
-6.480916
-6.290076
-5.847328
1.152672
5.000000
-8.229008
2.832061
-1.946565
-2.908397
1.145038
-9.282443
5.076336
0.114504
-5.312977
0.801527
-7.809160
-0.870229
-3.221374
-8.282443
1.091603
-8.244275
-0.679389
-0.488550
-6.175572
3.320611
-7.396946
-1.923664
0.648855
-4.404580
2.770992
-7.099236
5.496183
4.312977
-10.053435
1.732824
-2.015267
-8.106871
2.419847
-6.755725
2.198473
-6.786260
-0.374046
-4.618320
-5.770992
2.938931
-4.503817
-5.954198
2.572519
-4.793893
-3.801527
3.236641
-2.267176
-7.206107
-6.045802
5.053435
-1.106870
-8.335877
1.473282
1.022901
-6.870229
-8.068703
-0.473282
2.236641
-6.007634
-7.068702
2.770992
-0.114504
-1.931298
-4.908397
-2.083969
3.877863
-6.656488
-6.511450
-10.725191
-0.854962
0.946565
-7.198473
-7.488550
4.687023
-2.496183
-5.625954
0.740458
-9.709924
4.221374
-4.580153
-10.450381
-1.992366
-1.396947
-0.511450
-9.435115
-7.129771
-1.404580
-1.458015
-4.595420
-7.320611
0.687023
-4.236641
-10.206107
2.290076
-12.633588
-1.122137
-2.984733
1.526718
-6.396946
-1.603053
-2.786260
-3.938931
2.038168
-7.137404
0.351145
-11.793893
-0.358779
-3.465649
-3.992366
-3.175573
-5.160306
-1.099237
-5.633588
0.641221
-9.099236
0.305344
-11.282443
-11.671756
0.122137
-10.541985
-0.992366
-9.381680
-0.114504
-9.030535
1.816794
-9.007633
-1.534351
3.557252
-9.259542
-2.580153
-10.832061
-4.709924
0.748092
-4.160306
1.358779
-10.290076
0.389313
-6.877862
-3.122137
-5.442748
-0.664122
-6.358778
-4.793893
-9.145039
0.862595
-7.259542
1.328244
-9.267176
-0.732824
-8.923664
0.022901
-9.877863
2.122137
-7.603054
-2.312977
-1.641221
-4.229008
-6.847328
1.519084
-6.335878
1.374046
-4.931298
-5.343512
2.648855
-7.618320
6.175572
-4.335878
0.534351
-3.725191
4.549618
-6.175572
-0.961832
-6.778626
2.748092
-7.572519
0.916031
-2.992366
-5.549618
0.549618
-4.244275
-3.603053
-2.854962
-5.679389
0.679389
-4.801527
2.129771
-5.931298
-4.900764
0.877863
-6.633588
1.030534
-9.671756
1.778626
-1.618321
-3.931298
1.221374
-9.290076
-0.519084
-2.351145
0.755725
-3.473282
3.328244
-5.664122
2.541985
-5.862596
-2.832061
-0.221374
0.312977
-1.007634
-4.679389
2.137405
-2.229008
-9.145039
0.022901
-6.480916
2.625954
-9.496183
0.641221
-3.137405
0.351145
2.732824
-5.259542
4.381680
-8.305344
4.030534
-0.587786
-9.122137
-7.625954
2.167939
3.045802
-7.740458
-3.030534
7.557252
-7.358778
-4.328244
4.618320
-3.595420
-4.198473
3.404580
-4.000000
-12.091603
-4.442748
2.778626
-0.290076
-6.328244
-0.648855
3.595420
2.175573
-0.954198
-3.129771
-3.374046
3.206107
-0.145038
-7.312977
-1.137405
3.755725
-5.389313
1.282443
0.015267
-8.526717
3.450382
-6.374046
3.618321
0.717557
-8.587787
4.534351
-4.832061
-9.603053
3.435115
-4.412214
-4.480916
-0.618321
-1.580153
0.694656
-4.648855
0.442748
-9.473283
2.259542
-6.580153
-0.702290
-5.022901
2.183206
-4.022901
1.656489
2.801527
-5.389313
-3.961832
3.748092
-8.725191
3.969466
-6.236641
3.038168
-9.946565
0.984733
-7.809160
1.488550
-6.580153
2.145038
-7.824428
-0.671756
-4.427481
2.282443
-0.625954
-1.190840
1.274809
-10.000000
1.809160
-5.580153
0.633588
-4.526718
-4.488550
2.625954
-7.030534
2.480916
-5.274809
-7.343512
4.015267
-8.137404
1.801527
-5.007634
-3.358779
1.839695
-9.992367
2.381679
-6.961832
-0.335878
1.687023
-7.374046
1.473282
-7.343512
-1.969466
-5.656488
-4.801527
1.274809
-6.366412
2.320611
-6.587786
-5.938931
2.465649
-9.763359
0.832061
-4.244275
3.129771
-10.015267
-0.274809
-3.183206
1.274809
4.526718
-6.809160
1.916031
-8.992367
1.351145
-9.832061
1.053435
-6.816794
-3.603053
1.198473
-8.625955
0.938931
-6.053435
-7.404580
3.229008
-6.396946
-7.122138
4.580153
-7.038168
-1.832061
-8.251908
-11.931297
1.282443
-8.954199
2.633588
-5.931298
0.450382
-5.809160
-1.526718
-5.946565
-8.045801
0.183206
-7.076336
-7.824428
2.610687
-7.167939
-6.282443
1.419847
-10.412213
-2.488550
-8.770992
0.251908
0.786260
-6.793893
2.610687
4.251908
-5.297710
-7.442748
-1.007634
3.977099
-1.282443
-9.671756
-1.435115
2.671756
-1.854962
-8.618320
-8.106871
2.038168
3.549618
0.381679
0.419847
2.687023
3.664122
-2.419847
-9.839695
-4.557252
2.022901
3.160305
1.687023
-7.282443
2.900763
2.488550
-9.809160
3.816794
1.435115
-7.152672
2.564885
-2.282443
-4.435114
3.007634
2.534351
-5.091603
-2.778626
2.687023
-8.389313
-1.885496
3.603053
-10.572519
0.580153
4.259542
3.244275
-5.374046
-1.977099
1.694656
-5.564886
-1.839695
1.465649
-11.015267
1.916031
-3.022901
0.122137
-6.267176
0.755725
-1.282443
-5.870229
1.603053
1.198473
-4.297710
-7.328244
-6.320611
0.175573
-0.961832
-1.068702
-4.671756
-5.129771
-7.259542
2.274809
2.442748
-1.091603
1.320611
-3.129771
2.351145
-6.259542
0.145038
-0.167939
-5.480916
-4.480916
4.022901
-2.778626
-7.595420
-0.580153
-9.221375
-1.282443
0.343511
-8.389313
-1.610687
-0.091603
-7.961832
1.267176
2.381679
-5.824428
-0.366412
0.076336
-11.870229
1.702290
1.030534
-6.374046
3.122137
-1.603053
-4.961832
-7.122138
3.427481
-1.931298
-7.488550
2.251908
-2.229008
-9.274809
-2.625954
3.297710
-4.916030
-4.022901
-7.251908
1.496183
0.427481
-9.137404
-2.801527
1.793893
2.114504
-5.091603
-0.099237
0.702290
-6.427481
-8.511451
-0.503817
-0.129771
-6.465649
-6.244275
2.091603
2.473282
-9.595420
2.847328
3.381679
-5.442748
-6.488550
-2.694656
3.374046
-3.061069
-7.000000
-0.854962
-3.717557
0.923664
-5.236641
-0.511450
-4.557252
-0.091603
-4.969466
0.473282
-2.022901
-1.900763
0.564885
-2.809160
2.893130
-6.267176
3.748092
-0.656489
-4.572519
-1.053435
-9.259542
5.229008
-7.595420
1.557252
-7.419847
-2.908397
-0.251908
-5.297710
2.595420
-6.244275
2.030534
1.572519
-7.068702
-4.587786
-2.229008
2.969466
-7.007634
2.809160
-8.389313
0.832061
0.793893
-6.916030
2.717557
-4.717557
-0.244275
0.442748
-10.099236
4.877862
-6.381680
-7.198473
-2.099237
3.832061
-8.335877
-9.404580
-3.183206
2.938931
-7.740458
-1.748092
3.832061
-5.145038
-4.572519
4.549618
-3.404580
2.404580
-4.977099
-6.488550
0.755725
0.274809
-11.335877
0.496183
2.068702
-7.404580
-1.572519
-6.526718
3.709924
-2.687023
-2.213740
-1.526718
-8.625955
3.503817
-4.458015
1.778626
-6.519084
-3.374046
0.786260
-6.763359
-6.473282
-2.465649
1.259542
-4.442748
-6.992366
3.809160
0.190840
-10.442748
-8.251908
2.076336
-0.229008
2.984733
-3.679389
-7.847328
-0.969466
4.000000
2.679389
-8.000000
-5.702290
-4.007634
2.259542
1.496183
-3.320611
-7.732824
-7.206107
-4.900764
1.022901
-1.809160
-4.167939
-7.167939
-5.679389
-4.480916
1.190840
2.839695
-0.114504
-3.832061
-8.274809
4.854962
-0.267176
-2.206107
-6.580153
-6.015267
-2.030534
3.847328
1.839695
-6.488550
-4.732824
2.656489
-2.259542
-3.885496
1.030534
-11.160305
2.335878
-3.801527
-6.236641
1.206107
-6.656488
-0.175573
-4.282443
-4.190840
5.083970
-9.778625
2.618321
-3.343511
1.671756
4.167939
-7.511450
-4.709924
2.290076
-6.893130
3.297710
-6.236641
-2.297710
0.885496
-7.114504
2.809160
-6.549618
3.832061
-3.587786
-3.129771
1.297710
-7.984733
3.473282
-10.412213
0.129771
-11.366412
-0.954198
-3.625954
-8.358779
0.167939
-4.732824
-0.702290
2.450382
-9.877863
2.106870
-1.900763
-4.961832
0.389313
3.595420
-7.305344
-6.083970
-0.572519
3.832061
-7.465649
-6.022901
3.832061
1.198473
3.068702
-4.541985
-7.206107
-7.580153
0.412214
2.175573
-2.351145
-7.938931
-3.198473
0.381679
-1.526718
4.595420
2.541985
-7.572519
-6.725191
-6.519084
4.320611
1.969466
-3.435115
-5.854962
-5.824428
-2.419847
1.679389
0.114504
-2.877863
-9.206107
-9.625955
-1.908397
3.519084
0.473282
-0.152672
-8.000000
-0.221374
-4.519084
-6.458015
3.244275
-2.450382
-6.870229
0.519084
1.618321
1.366412
2.938931
-8.312977
-0.519084
2.458015
-11.458015
-0.206107
0.343511
-7.328244
0.664122
-0.106870
-2.671756
-6.671756
2.427481
-0.343511
-10.824428
-0.175573
-0.870229
-7.900764
-2.816794
1.465649
-4.114504
0.106870
-2.679389
-6.320611
2.610687
-7.358778
3.473282
-7.946565
-1.419847
-11.473283
3.618321
3.007634
-6.404580
-4.099236
4.244275
2.160305
-8.503817
-4.839694
2.564885
4.824428
2.106870
-6.977099
-6.465649
2.480916
-1.862595
-6.977099
-5.793893
-0.076336
-1.022901
-7.465649
-3.786260
3.984733
-0.374046
-11.503817
-1.702290
2.595420
-4.022901
-3.824427
1.183206
1.152672
-2.541985
-4.183206
1.564885
1.503817
-8.862596
-0.824427
1.122137
-7.770992
-4.259542
0.603053
-2.083969
-6.854962
-2.702290
1.908397
-7.717557
-8.374045
0.610687
3.557252
-2.305344
-6.931298
-3.801527
2.000000
0.175573
-3.564885
-7.312977
-2.137405
1.946565
3.274809
-5.618320
2.541985
-4.229008
-8.625955
-0.175573
5.198473
1.053435
-7.419847
-7.816794
0.251908
1.000000
-6.198473
1.549618
1.106870
-2.183206
0.648855
-6.587786
1.671756
2.083969
-9.931297
-1.358779
-4.824428
1.671756
-0.587786
-9.938931
-3.106870
2.435115
0.778626
-2.404580
-8.480916
-2.648855
2.610687
1.244275
-6.312977
-5.526718
-1.595420
4.801527
-1.832061
-11.625955
-1.717557
3.954198
-7.236641
-1.641221
2.351145
-0.671756
-3.335878
-6.557252
-0.786260
2.221374
1.473282
-2.412214
-2.763359
2.358779
-0.862595
-7.969466
1.664122
-0.007634
-6.786260
4.580153
-4.473282
-2.816794
-7.748092
0.251908
3.000000
-6.061069
-1.427481
-2.641221
-5.488550
3.854962
-2.572519
-6.076336
2.900763
-5.740458
-1.022901
3.236641
-9.816793
2.030534
2.091603
-7.122138
2.099237
-3.160305
-6.786260
2.068702
-0.503817
-3.931298
-2.274809
-5.068702
1.282443
-0.816794
-3.488550
3.282443
-0.213740
1.351145
-9.580153
0.442748
-0.534351
-10.519084
3.473282
-1.396947
-0.091603
-5.992366
1.389313
-7.679389
-1.473282
5.511450
-2.908397
-8.732824
-2.473282
1.763359
-3.633588
-7.374046
-3.167939
-7.480916
-1.244275
-6.122138
-6.503817
2.030534
-7.480916
-5.297710
0.160305
-11.404580
-6.641222
1.343511
-4.618320
-5.335878
4.465649
-5.633588
4.839694
-8.465649
0.816794
-10.900764
-0.106870
-3.648855
-6.641222
-1.503817
-2.862595
-0.725191
1.366412
-4.648855
-1.015267
-3.114504
-1.770992
-3.473282
-2.496183
0.145038
-6.229008
0.221374
-7.450382
4.328244
-7.229008
0.511450
6.541985
-8.015267
2.488550
0.702290
-3.664122
2.534351
-0.519084
-6.312977
3.809160
-2.198473
3.641221
-6.862596
-3.503817
3.061069
-9.923664
-2.145038
-1.045802
-7.534351
3.923664
-11.160305
-0.755725
-1.145038
0.183206
-8.816793
3.862595
-7.213740
0.091603
2.900763
-6.732824
-0.015267
-7.541985
1.648855
-3.916031
4.190840
-7.419847
1.000000
0.045802
-6.671756
4.190840
-6.450382
2.374046
-6.549618
2.076336
-6.137404
2.770992
-8.137404
0.923664
-10.893129
2.091603
-3.129771
4.274809
-7.328244
-1.076336
-2.832061
-5.229008
-1.656489
-6.045802
1.618321
-3.687023
-10.916031
0.549618
-8.656488
3.358779
-2.282443
-2.717557
2.114504
-9.717557
4.847328
-6.267176
1.633588
2.274809
-10.412213
0.160305
2.114504
-7.274809
1.793893
1.175573
-7.244275
2.572519
-7.343512
-0.450382
-0.656489
-8.251908
0.793893
-9.580153
-2.167939
1.916031
-7.229008
0.229008
-0.946565
-8.587787
1.297710
-6.580153
1.022901
-3.419847
0.702290
-6.717557
-2.854962
1.213740
-5.259542
1.076336
-10.908397
-3.152672
2.427481
-6.488550
3.259542
-6.099236
-0.015267
2.396947
-6.778626
-5.114504
4.511450
-6.206107
-0.984733
3.396947
-7.595420
-2.755725
-2.221374
-2.984733
-7.000000
4.396946
-7.343512
-4.450382
4.801527
-7.618320
2.053435
-1.473282
-6.763359
-1.038168
-0.625954
-8.931297
1.641221
-4.297710
-9.778625
1.190840
-10.725191
-2.496183
2.793893
-6.442748
-6.625954
2.083969
1.618321
-7.954198
-4.694656
4.671756
-1.778626
-7.770992
2.312977
-0.312977
-6.732824
4.877862
-0.977099
-8.664123
-0.396947
2.374046
-6.587786
-5.045802
2.969466
-1.954198
-8.816793
-3.770992
-5.603054
4.145038
-0.877863
-6.312977
-1.106870
5.045802
-6.916030
-7.282443
2.961832
-6.618320
-3.152672
3.763359
-4.366412
-8.778625
0.251908
1.053435
-4.587786
-7.022901
-0.641221
1.374046
2.671756
-0.625954
-5.748092
-8.587787
-2.374046
2.030534
-3.022901
-7.709924
-7.847328
2.068702
-1.206107
-5.175572
-6.519084
-4.015267
2.442748
3.274809
-1.770992
-5.587786
-7.679389
1.595420
-4.068702
2.648855
1.404580
-1.290076
-0.877863
3.374046
3.526718
-8.076336
-3.923664
3.343511
-3.503817
-0.099237
1.259542
-3.366412
-10.977099
-5.824428
-1.473282
0.839695
1.557252
2.076336
-4.549618
-3.480916
-6.358778
-4.045802
-2.312977
3.351145
0.503817
-0.183206
-8.007633
-6.778626
-11.183207
-4.984733
0.748092
2.954198
0.175573
-3.145038
-4.687023
-7.274809
-0.236641
-7.091603
0.549618
1.854962
2.961832
-1.297710
-11.473283
-6.122138
-5.938931
1.496183
3.541985
2.633588
-1.351145
-9.213740
3.908397
-2.145038
-5.091603
4.595420
-9.603053
3.389313
-4.816794
-10.648855
4.564886
-7.458015
0.274809
-4.465649
-3.351145
2.221374
-9.022901
4.412214
-4.503817
-9.213740
1.351145
-6.938931
0.870229
-9.267176
2.885496
-7.236641
-0.458015
-7.503817
-3.366412
-4.946565
0.053435
-5.236641
5.061069
3.251908
-2.190840
-8.213740
0.427481
-2.870229
-7.946565
1.106870
-7.045802
3.778626
-10.022901
4.007634
-7.610687
3.885496
-5.725191
1.351145
-8.946565
2.114504
-9.152672
4.648855
-5.389313
1.129771
-1.969466
-3.679389
-1.099237
-4.419847
2.801527
2.465649
-7.854962
2.854962
-9.419847
4.335878
-8.580153
2.267176
-11.335877
5.541985
-7.061069
2.717557
-2.702290
-10.145039
4.351145
-8.083969
4.083970
-8.610687
1.412214
-3.786260
-5.244275
2.496183
-3.778626
-5.954198
5.122138
-3.435115
-4.770992
2.740458
-9.526717
2.709924
-1.259542
-4.664122
-2.244275
3.351145
-8.854961
5.022901
-2.022901
-5.633588
5.862596
-6.488550
-1.610687
3.374046
-5.832061
3.473282
-2.175573
-11.633588
2.610687
-1.091603
-10.427481
2.297710
-6.351145
-2.442748
3.465649
-9.152672
0.137405
-4.076336
-4.732824
2.755725
2.503817
-6.984733
-0.656489
-4.152672
-3.083969
3.503817
-9.938931
1.099237
-3.992366
-7.213740
1.938931
-8.526717
-6.206107
4.633588
-4.587786
-7.862596
2.557252
-2.320611
-11.900764
0.709924
-1.893130
-7.740458
2.587786
-5.282443
3.435115
-7.358778
4.206107
-7.702290
2.175573
-7.541985
0.206107
-7.801527
4.244275
-6.450382
2.923664
-3.671756
1.549618
-7.091603
3.450382
-10.114504
3.671756
-8.358779
0.633588
-5.038168
3.183206
-7.755725
4.603054
-6.175572
1.274809
-1.938931
-0.885496
-2.076336
-4.183206
-8.664123
4.320611
-8.312977
2.274809
-6.954198
-0.328244
-7.816794
-2.549618
1.404580
-0.916031
-7.335878
1.870229
-7.900764
-2.832061
0.893130
-9.083969
0.473282
2.419847
-12.732824
0.038168
-5.717557
-0.694656
-0.351145
-6.106870
6.045802
-4.908397
-0.740458
2.366412
-7.931298
4.694656
3.068702
1.664122
-8.282443
-2.541985
0.595420
-7.129771
3.312977
-4.427481
-3.473282
5.374046
-6.977099
-3.488550
3.610687
-6.618320
3.541985
-0.938931
-1.839695
1.916031
-9.183207
2.732824
3.770992
1.740458
-4.564886
2.091603
-6.419847
1.076336
-5.061069
-0.603053
-8.969465
3.625954
-1.633588
4.526718
-5.580153
-1.099237
-5.969466
0.862595
-7.458015
3.183206
-7.404580
4.610687
-2.549618
0.145038
-6.396946
4.801527
-8.412213
-1.053435
1.251908
-8.587787
2.519084
-5.862596
2.610687
-8.152672
0.000000
1.671756
-9.137404
0.412214
-8.206107
-2.625954
1.068702
-6.274809
0.717557
-8.755725
1.610687
1.977099
-9.290076
4.694656
-3.335878
-3.809160
4.801527
-6.022901
-8.824428
0.641221
0.473282
-5.389313
-5.297710
0.618321
0.152672
-7.206107
-5.198473
2.503817
3.557252
-0.564885
-8.404580
-4.442748
4.450382
2.290076
-2.015267
-6.549618
-0.564885
-2.030534
2.236641
2.251908
-9.015267
-1.931298
1.603053
-4.702290
-5.450382
-3.946565
2.641221
-3.801527
-9.687023
-4.244275
5.778626
-7.908397
-5.122138
1.961832
-0.206107
-7.259542
-5.984733
3.862595
-6.801527
-7.870229
-8.282443
3.358779
-0.038168
-9.572519
2.709924
-0.549618
-5.045802
2.183206
3.740458
-7.839694
1.778626
-2.862595
-1.809160
-4.007634
-3.656489
1.702290
-7.244275
1.534351
-9.282443
3.580153
-6.679389
3.129771
-8.839695
3.839695
-8.274809
1.404580
-12.755725
4.229008
-9.053435
3.778626
-7.938931
4.984733
-6.847328
2.618321
-8.893129
2.679389
-4.847328
2.244275
-9.282443
3.511450
-5.885496
5.442748
-8.404580
1.854962
-7.725191
0.534351
0.335878
-3.465649
-4.595420
-7.351145
3.007634
-5.656488
5.687023
-8.938931
3.534351
-5.656488
-2.251908
2.961832
-7.503817
4.961832
-8.625955
3.671756
-7.305344
2.816794
-9.877863
3.129771
-7.083970
2.511450
-3.694656
-5.358778
0.641221
-6.893130
3.488550
-8.541985
-0.335878
-7.297710
-3.358779
1.167939
-8.435115
2.076336
-0.931298
-5.068702
2.427481
2.748092
-9.503817
2.114504
-8.206107
-2.267176
1.320611
-7.137404
0.030534
3.335878
-8.679389
1.335878
-2.748092
-5.763359
5.076336
-8.671756
-6.465649
3.068702
-4.885496
-4.114504
-2.458015
-0.435115
-0.496183
-1.641221
-3.984733
-7.870229
-4.786260
-0.984733
-5.916030
-3.061069
-0.190840
-0.244275
-9.320611
0.885496
-3.061069
-2.183206
-2.687023
-1.427481
-6.671756
-1.618321
-6.488550
0.274809
-4.320611
-0.824427
0.740458
-0.244275
-4.473282
0.961832
-3.419847
-6.076336
-1.839695
-5.076336
-3.198473
-7.931298
-2.580153
-4.572519
-6.320611
-5.061069
-5.954198
-10.137404
-7.610687
-2.694656
-11.725191
-3.641221
-9.923664
-7.480916
-4.122138
-7.068702
-8.221375
-4.496183
-10.549619
-9.671756
-5.824428
-7.671756
-1.625954
-13.328244
-15.267176
-3.893130
-9.099236
-3.496183
-6.633588
-10.122137
-7.175572
-4.740458
-8.267176
-3.801527
-5.923664
-5.412214
1.587786
-8.526717
-1.007634
-6.396946
-1.832061
0.076336
-5.595420
1.343511
4.694656
-4.015267
5.854962
1.061069
4.312977
4.259542
3.603053
1.351145
7.458015
0.396947
4.145038
0.038168
8.030535
-2.007634
1.992366
4.351145
4.412214
0.908397
4.603054
0.946565
4.175572
4.839694
0.992366
3.190840
10.435115
-0.519084
5.106870
5.343512
6.687023
2.381679
6.603054
5.900764
3.832061
1.557252
9.015267
4.992366
2.839695
-0.198473
1.442748
4.297710
-3.282443
1.068702
0.366412
2.938931
-1.114504
-4.984733
0.374046
-0.106870
3.114504
4.816794
-4.519084
-4.900764
-6.083970
-10.732824
-7.610687
-4.374046
-6.923664
-9.282443
-6.564886
-3.045802
-4.564886
-10.083969
-7.946565
-4.251908
-10.664123
-9.038168
-10.786260
-9.206107
-12.152672
-15.603053
-12.854961
-13.977099
-9.770992
-10.595420
-13.358779
-9.893129
-8.725191
-12.198473
-7.526718
-5.580153
-12.832061
-8.748092
-6.183206
-7.129771
-8.358779
-7.114504
-9.755725
-6.160306
-9.954199
-12.610687
-10.541985
-10.404580
-8.900764
-14.763359
-15.091603
-9.145039
-8.351145
-6.763359
-8.656488
-10.244275
-9.656488
-8.282443
-8.068703
-13.603053
-10.374045
-6.511450
-9.969465
-3.190840
-7.122138
-10.687023
-12.190840
-10.603053
-13.519084
-8.778625
-3.076336
-8.725191
-7.465649
-11.358779
-13.412213
-9.519084
-10.221375
-8.809160
-8.297709
-10.961832
-3.717557
-5.862596
-3.992366
-8.297709
-14.221375
-6.335878
-7.320611
-2.328244
-6.954198
-12.259542
-12.213740
-4.549618
-9.015267
-5.862596
-9.900764
-5.801527
-3.893130
-7.793893
-4.190840
-6.923664
-2.877863
-2.145038
-2.389313
-5.015267
-8.900764
-6.687023
-6.809160
-0.442748
-0.824427
-1.244275
-8.938931
-2.580153
-0.770992
-1.763359
-4.656488
-5.099236
0.221374
2.503817
0.000000
-0.534351
-1.763359
6.000000
1.709924
1.916031
5.641222
1.290076
4.755725
2.167939
3.847328
1.114504
10.450381
4.435114
-0.061069
4.152672
6.702290
1.175573
8.717557
3.328244
5.122138
1.977099
9.992367
4.977099
2.725191
5.152672
6.885496
1.343511
6.954198
0.633588
5.450382
3.679389
9.244275
-1.511450
4.847328
7.381680
5.053435
5.198473
4.946565
9.519084
8.488549
4.427481
6.251908
3.221374
10.190840
7.061069
2.885496
3.358779
5.503817
4.251908
6.381680
1.427481
3.763359
4.160306
4.679389
6.160306
4.366412
10.480916
4.145038
7.564886
1.770992
8.580153
5.297710
6.190840
5.641222
5.938931
9.206107
8.633588
3.992366
2.198473
2.267176
5.068702
5.961832
7.564886
4.412214
4.419847
8.526717
4.068702
4.366412
2.938931
2.091603
6.519084
4.687023
3.282443
7.305344
3.312977
0.633588
3.961832
4.793893
1.335878
1.442748
3.770992
1.664122
3.541985
3.511450
1.022901
1.557252
4.427481
5.946565
9.664123
7.954198
2.664122
6.137404
6.427481
7.877862
4.732824
9.580153
7.496183
3.916031
7.167939
7.946565
3.961832
8.603053
4.580153
5.320611
4.801527
-0.618321
-3.320611
-4.519084
-3.717557
-3.549618
-3.030534
0.877863
-0.839695
-5.862596
-2.419847
-6.671756
-10.396947
-12.320611
-10.870229
-8.786260
-9.534351
-6.755725
-8.015267
-10.183207
-10.152672
-8.503817
-9.893129
-6.687023
-9.312977
-11.000000
-12.564885
-4.122138
-6.648855
-10.244275
-12.221375
-11.419847
-7.618320
-7.862596
-9.893129
-6.374046
-9.572519
-5.923664
-6.427481
-10.160305
-10.320611
-9.977099
-8.984733
-9.435115
-11.503817
-5.916030
-8.664123
-5.091603
-6.641222
-10.442748
-8.969465
-12.748092
-12.702291
-7.083970
-6.389313
-10.740458
-9.389313
-14.297709
-9.679389
-8.839695
-4.755725
-6.312977
-10.335877
-8.091603
-8.641221
-9.862596
-9.106871
-8.335877
-9.190840
-6.557252
-11.900764
-10.351145
-8.473283
-13.083969
-9.694656
-11.419847
-6.954198
-9.389313
-11.526717
-10.564885
-10.045801
-5.541985
-8.557252
-16.083969
-8.992367
-10.664123
-8.381680
-13.587787
-14.175572
-10.480916
-7.206107
-7.251908
-6.908397
-7.503817
-9.786260
-10.839695
-9.870229
-9.786260
-12.236641
-9.320611
-8.526717
-6.969466
-10.274809
-11.282443
-7.503817
-9.213740
-9.572519
-14.053435
-10.908397
-6.633588
-8.595420
-10.458015
-4.633588
-2.061069
-3.580153
-3.465649
-4.557252
-4.297710
-1.519084
-0.435115
0.770992
-4.022901
-1.290076
-0.816794
-2.259542
2.786260
0.374046
5.389313
4.885496
0.748092
0.007634
-2.152672
0.007634
0.549618
0.916031
2.328244
2.488550
1.641221
1.656489
1.198473
1.603053
0.984733
0.732824
0.786260
0.946565
0.389313
-1.419847
2.335878
1.763359
2.145038
0.366412
-2.137405
-1.213740
0.213740
-5.381680
-0.328244
-0.671756
-0.267176
-0.274809
0.511450
0.480916
-3.175573
2.442748
-3.893130
0.473282
-0.297710
0.992366
-0.007634
-1.603053
-2.312977
-2.847328
-4.641222
-1.091603
-0.458015
-4.641222
-3.381679
-2.114504
-2.007634
-2.351145
-2.114504
-4.641222
-2.274809
-0.931298
0.175573
-0.816794
-3.618321
-2.748092
-3.916031
0.664122
-0.961832
-3.183206
-1.076336
-4.198473
-2.732824
2.244275
-6.007634
-2.488550
-4.549618
-4.572519
-1.045802
0.045802
-2.129771
-4.778626
-3.763359
-4.709924
-0.687023
-3.160305
-3.496183
-3.870229
-3.465649
-1.748092
-5.618320
-6.053435
-3.404580
-2.908397
-2.793893
-1.839695
-3.114504
-2.625954
-2.641221
-4.366412
-4.129771
-1.648855
-1.274809
-3.412214
-7.564886
-4.061069
-0.992366
-7.213740
-2.297710
0.236641
-4.366412
-6.290076
-6.381680
-1.351145
-2.679389
-3.076336
-4.633588
-0.183206
-1.809160
-3.732824
-1.778626
0.190840
-4.106870
-0.267176
-1.862595
-2.145038
-1.580153
-5.687023
-4.343512
-3.259542
-2.442748
-0.274809
-5.633588
-5.709924
-4.038168
-3.526718
-2.282443
-4.992366
-0.549618
-2.312977
-2.473282
-2.633588
-5.328244
-4.015267
-7.015267
-6.557252
-6.793893
-5.496183
-4.320611
-3.938931
-5.961832
-3.129771
-0.129771
-2.793893
-2.282443
-6.366412
-2.236641
0.045802
-1.465649
-1.786260
-2.633588
-1.297710
-3.312977
-0.763359
0.977099
-8.442748
-3.335878
-0.519084
-1.427481
-2.381679
-6.511450
2.687023
1.198473
2.557252
-5.923664
0.854962
-1.236641
-6.740458
-5.229008
2.221374
3.656489
2.305344
0.137405
-1.992366
0.854962
-4.816794
0.282443
-2.519084
4.244275
-2.030534
2.122137
-5.106870
2.503817
0.870229
-0.374046
2.061069
3.671756
1.343511
2.893130
2.236641
1.297710
0.641221
1.732824
2.564885
1.625954
-0.450382
1.740458
1.603053
2.885496
1.061069
1.694656
-0.564885
-0.931298
-2.908397
-5.946565
-4.656488
-4.801527
-3.824427
0.312977
-4.519084
-2.725191
-0.755725
4.610687
2.320611
1.854962
-3.030534
3.725191
0.541985
0.465649
0.488550
-0.267176
-4.625954
-7.633588
-8.793893
-7.381680
0.068702
-5.183206
-7.534351
-5.541985
-9.816793
-6.412214
-9.992367
-9.129771
-9.488549
-8.931297
-7.809160
-7.732824
-8.297709
-10.083969
-6.664122
-10.625955
-9.129771
-7.916030
-3.221374
-0.053435
-2.480916
-5.778626
-9.610687
-7.381680
-2.152672
-0.809160
-3.183206
-2.694656
-7.343512
-8.076336
-2.038168
-10.503817
-5.213740
-7.045802
-3.961832
-5.938931
-6.847328
-5.389313
-0.526718
-2.641221
-9.992367
-9.809160
-5.267176
-4.129771
-4.152672
-4.473282
-9.916031
-4.053435
-4.908397
-4.832061
-4.938931
-7.664122
-8.755725
-5.290076
0.412214
-7.145038
-8.412213
-8.259542
-8.725191
-6.847328
-5.595420
-7.007634
-6.000000
-3.129771
-6.580153
-5.290076
-5.068702
-4.335878
-3.198473
-6.648855
-3.435115
-5.145038
-4.519084
-3.480916
-4.534351
-2.580153
-5.129771
-4.076336
-1.763359
-3.725191
-4.603054
-4.412214
-1.641221
-1.923664
-2.351145
-5.809160
-6.106870
-3.938931
-4.427481
-1.290076
-6.648855
-2.427481
-3.106870
-4.381680
-2.503817
-7.000000
-4.442748
-4.656488
-3.732824
-3.824427
-4.656488
-0.305344
-3.496183
-1.610687
-2.282443
-3.633588
-6.183206
-3.213740
-4.000000
-3.007634
-7.290076
-7.030534
-4.068702
-2.610687
-1.152672
-5.664122
-2.183206
-3.488550
-1.061069
-1.511450
-3.442748
-1.412214
-4.251908
-2.427481
-4.282443
-1.053435
-5.251908
-5.595420
-5.137404
-2.022901
0.274809
-3.809160
-2.633588
-4.549618
-1.687023
-4.328244
-5.992366
-4.190840
-7.671756
-0.167939
-2.679389
-1.267176
-3.312977
-3.732824
-1.122137
-4.221374
-0.992366
-2.786260
-3.412214
-4.015267
-2.427481
-4.595420
-2.656489
-3.236641
-0.809160
-2.809160
-0.763359
-4.488550
-2.343511
-2.641221
-0.732824
-3.129771
-1.305344
-2.305344
-3.251908
-2.015267
-3.946565
-0.564885
-3.145038
-3.740458
0.404580
-2.427481
-1.511450
-0.267176
-2.465649
-0.465649
-1.045802
-3.114504
-1.740458
-1.862595
-0.587786
-1.938931
-3.916031
-5.648855
-0.030534
-2.549618
-1.366412
-0.335878
-1.312977
0.396947
2.213740
-0.656489
-2.358779
1.938931
-2.190840
-0.167939
-1.709924
0.900763
-3.625954
-2.541985
-0.648855
-2.473282
-3.832061
-0.648855
0.343511
-1.778626
-4.221374
-0.877863
-2.190840
-1.916031
-1.534351
-1.977099
-0.603053
-1.152672
-2.450382
2.488550
-0.419847
-5.480916
-0.832061
-5.259542
-4.541985
-2.290076
-2.450382
-0.656489
-3.267176
-2.748092
-2.137405
-6.038168
-4.068702
-1.862595
-0.183206
-4.183206
-3.931298
-1.580153
0.488550
-4.595420
-0.702290
-1.694656
-5.633588
-1.954198
-1.061069
-2.984733
-6.740458
-4.083970
-4.053435
-0.664122
-3.679389
-2.625954
-5.496183
-4.335878
-5.862596
-2.091603
-3.083969
-3.305344
-2.839695
-5.793893
-1.442748
-3.458015
-2.343511
-4.000000
-3.106870
0.129771
-5.824428
-2.610687
-4.328244
-2.603053
0.519084
-2.854962
-5.114504
-5.709924
-4.183206
-4.854962
-0.083969
-8.770992
0.870229
-1.259542
-11.000000
-2.770992
-9.374045
1.847328
-11.618320
-2.809160
-2.267176
-13.351145
2.152672
-16.053434
-1.137405
2.061069
-13.305344
-0.633588
-13.000000
-1.412214
-12.854961
0.473282
-14.473283
2.244275
-9.114504
-7.839694
-4.603054
-0.442748
-3.221374
-11.038168
-6.549618
-5.809160
-9.900764
-3.671756
-5.633588
-7.458015
-3.755725
-13.633588
-1.870229
-9.015267
-4.587786
-2.412214
-12.305344
0.282443
-8.885496
-4.083970
-12.870229
-5.068702
-10.038168
-7.190840
-8.320611
-15.519084
-2.122137
-14.526717
-0.893130
-11.358779
-5.717557
-11.129771
-5.503817
1.992366
-11.900764
-1.442748
-10.465649
-0.732824
-10.374045
1.992366
-5.198473
-1.496183
4.045802
2.824427
-0.503817
1.068702
0.702290
1.648855
0.687023
1.519084
-5.694656
0.381679
-0.297710
1.770992
-9.389313
-2.503817
4.961832
-7.847328
0.847328
-0.099237
-0.152672
-10.374045
1.106870
5.083970
-7.167939
-3.885496
4.816794
-5.404580
-6.900764
4.511450
-6.015267
-1.099237
1.534351
-7.633588
-7.267176
-0.022901
-3.618321
-8.557252
0.061069
-1.038168
-7.763359
-0.786260
1.435115
-7.000000
-8.503817
0.137405
-5.694656
-9.183207
1.893130
4.465649
-5.022901
-6.213740
2.770992
-10.160305
3.053435
-7.473282
-2.977099
-0.786260
-4.969466
-3.152672
0.427481
-8.458015
5.083970
-7.328244
0.961832
-6.160306
-2.824427
4.114504
-6.648855
1.458015
-7.435114
2.022901
-0.328244
-7.244275
5.137404
-10.778625
-0.526718
-1.030534
-4.343512
-8.503817
2.801527
-3.129771
1.900763
-3.053435
-1.580153
-5.091603
-1.992366
1.496183
-7.312977
-10.442748
3.259542
-3.396947
-4.236641
0.129771
-7.854962
6.083970
-12.595420
-2.297710
-4.129771
-3.000000
-1.282443
-6.229008
-2.450382
-4.854962
-6.809160
-6.244275
-6.473282
-2.832061
-4.496183
0.610687
4.839694
3.908397
-1.885496
-2.030534
-5.274809
-3.603053
-1.862595
0.106870
-1.854962
2.259542
1.000000
-5.106870
-4.190840
-3.641221
0.259542
-1.824427
-5.030534
-1.870229
0.442748
-3.824427
-2.160305
0.648855
-0.641221
-8.007633
-3.908397
1.114504
1.022901
-2.770992
-4.068702
-4.190840
-0.274809
0.877863
-2.045802
-4.977099
-2.244275
0.244275
3.038168
-2.450382
-6.389313
-4.641222
-6.091603
-1.137405
1.198473
0.061069
-2.396947
-5.419847
-4.557252
0.503817
-1.076336
-7.770992
-2.351145
-1.893130
1.450382
0.671756
-2.496183
-3.916031
-4.931298
-1.641221
0.648855
-4.320611
-6.343512
1.442748
2.900763
-2.885496
-4.305344
-6.244275
-4.748092
-6.809160
-3.190840
4.511450
0.450382
1.893130
-2.587786
2.496183
-2.183206
-3.480916
-3.320611
1.984733
-3.885496
-4.129771
-8.442748
-7.671756
-6.854962
-3.610687
-1.786260
0.923664
-0.091603
-1.549618
-6.587786
-6.900764
-9.061069
3.412214
7.595420
0.946565
-6.900764
-1.885496
3.480916
3.923664
4.786260
4.152672
-2.511450
-2.160305
-1.977099
4.427481
3.908397
5.396946
5.694656
6.633588
4.374046
5.335878
1.488550
0.480916
-4.091603
-4.068702
-4.511450
-4.244275
-2.702290
3.335878
4.465649
-2.473282
-0.458015
-3.000000
0.816794
-6.458015
-3.282443
-4.931298
-2.900763
-3.145038
-1.160305
-2.320611
-7.190840
-9.549619
-10.717557
-10.839695
-7.038168
-4.587786
-7.236641
-5.816794
-6.595420
-2.519084
-4.137404
-11.496183
-9.633588
-5.083970
-3.282443
-6.160306
-11.877863
-10.038168
-5.503817
-6.664122
-6.801527
-9.877863
-10.671756
-7.580153
-10.061069
-6.503817
-6.610687
-6.763359
-3.053435
-4.885496
-7.664122
-5.167939
-6.320611
-3.343511
-3.061069
-6.152672
-5.946565
-4.175572
-7.717557
4.961832
3.167939
1.435115
0.572519
1.435115
-0.885496
-4.534351
-0.129771
-6.435114
-3.007634
-5.251908
-8.312977
-4.931298
-4.381680
1.984733
3.931298
1.221374
1.740458
-4.381680
-5.137404
-2.190840
-1.763359
-0.145038
5.229008
1.969466
1.969466
-3.938931
-6.396946
-4.427481
2.106870
1.259542
3.961832
-0.114504
-6.664122
-6.534351
-1.312977
2.229008
1.870229
-1.786260
-7.213740
-5.572519
0.595420
0.282443
0.816794
-0.709924
-5.801527
-4.053435
-5.122138
3.854962
0.755725
-1.183206
-2.145038
-5.183206
-6.442748
3.954198
-0.167939
-1.496183
-4.748092
-8.053435
-3.900763
-6.290076
-6.801527
-6.145038
0.488550
3.595420
0.480916
-5.137404
-8.641221
-1.770992
1.503817
-7.000000
-7.961832
1.045802
-1.564885
-4.389313
-6.748092
0.320611
-0.671756
-5.244275
-3.549618
-0.259542
-0.404580
-1.793893
-6.343512
-2.045802
-0.404580
-0.282443
-5.419847
-1.106870
5.931298
-3.534351
2.740458
5.068702
0.526718
-1.824427
4.977099
7.473282
5.618320
-1.946565
1.389313
4.656488
-4.480916
-5.160306
-0.557252
6.435114
1.038168
-4.267176
0.641221
2.328244
3.977099
-2.229008
-5.534351
-1.725191
2.091603
-1.847328
-6.007634
0.137405
0.458015
-2.732824
-6.763359
2.190840
-2.007634
-7.083970
-0.343511
1.541985
-4.083970
-8.480916
-0.854962
-0.809160
-3.969466
-6.297710
-9.427481
-3.122137
-0.030534
-7.167939
-7.824428
-4.083970
-2.450382
-3.450382
-2.259542
-2.702290
-0.564885
-3.198473
-7.129771
-7.618320
-7.801527
-7.038168
-4.671756
-5.992366
-5.022901
-9.213740
-5.015267
-4.862596
-2.496183
-1.213740
-10.061069
-8.381680
-0.267176
0.580153
-3.351145
-7.213740
-7.259542
-2.190840
1.335878
-1.389313
-5.740458
-5.076336
-0.068702
-3.190840
-8.572519
-3.839695
-7.824428
-1.740458
-0.969466
-5.541985
-9.793893
-0.664122
-5.083970
-10.259542
-4.893130
-5.633588
-10.458015
-4.984733
-0.534351
-7.832061
-10.854961
-0.190840
-7.106870
-9.435115
-3.015267
-6.290076
-5.000000
0.717557
-2.282443
-3.778626
-7.877862
-8.557252
-7.923664
-8.328244
-9.015267
-9.954199
-3.389313
-2.320611
-0.618321
-0.274809
-1.534351
-3.511450
-10.274809
-10.786260
-6.488550
-7.854962
-7.381680
-8.244275
-4.404580
-6.328244
-1.145038
-0.015267
-1.801527
-1.877863
-6.564886
-1.702290
-4.847328
-0.564885
-6.404580
-6.473282
-9.213740
-3.938931
-1.671756
1.572519
-4.122138
-0.175573
1.954198
1.603053
0.641221
4.061069
3.198473
0.229008
-3.732824
-4.671756
-4.519084
1.267176
2.687023
2.633588
-1.641221
-5.603054
2.541985
4.656488
5.351145
-0.152672
-2.740458
5.854962
2.801527
1.954198
-1.213740
-0.687023
-2.312977
-0.541985
5.083970
6.633588
6.954198
4.885496
5.450382
7.641222
5.938931
4.305344
4.030534
6.671756
7.267176
0.923664
-1.633588
5.511450
1.259542
-5.000000
-0.633588
7.099236
10.381680
3.198473
5.526718
4.343512
6.488550
8.305344
7.259542
1.511450
2.877863
2.404580
5.206107
2.557252
-3.175573
-2.267176
0.916031
2.908397
-2.282443
-5.610687
0.717557
0.251908
-7.603054
-4.122138
3.763359
-5.519084
-3.641221
-4.572519
1.625954
-4.648855
-5.854962
-1.045802
-3.465649
-2.496183
-2.435115
-6.213740
-6.725191
-3.374046
-7.893130
-9.000000
-3.694656
-7.603054
-12.625955
-8.427481
-5.015267
-9.312977
-9.236641
-5.809160
-2.908397
-6.427481
-9.717557
-4.083970
-2.656489
-6.519084
-7.709924
-9.366412
-8.015267
-6.854962
-3.992366
-14.183207
-12.007633
-4.916030
-5.419847
-11.358779
-7.870229
-5.465649
-5.175572
-1.328244
-4.312977
-5.473282
-8.122137
-13.000000
-5.320611
-15.259542
-9.572519
-5.877862
-8.938931
-0.816794
-11.427481
-9.061069
-5.450382
-5.297710
-12.763359
-8.984733
-12.343512
-9.618320
-10.282443
-8.671756
-4.793893
-6.740458
-8.083969
-6.465649
-9.114504
-5.167939
-3.396947
-4.015267
-3.206107
-7.603054
-9.114504
-10.213740
-5.908397
-7.297710
-7.328244
-7.923664
-9.152672
-4.786260
-6.778626
-3.114504
-5.992366
-5.610687
-7.503817
-5.725191
-1.770992
-5.274809
-6.755725
-2.480916
-6.900764
-3.694656
-5.290076
-6.786260
-6.770992
-3.832061
-5.000000
-2.992366
-10.045801
-4.519084
-5.320611
-4.320611
-8.984733
-7.236641
-4.061069
-4.656488
-2.709924
-5.641222
-4.290076
-5.977099
-3.152672
-5.328244
-3.022901
-5.618320
-8.244275
-4.358778
-3.755725
-2.885496
-1.877863
-3.702290
0.679389
-7.206107
-1.251908
-4.564886
-5.259542
1.519084
-4.450382
0.740458
1.198473
-5.824428
-2.091603
-0.572519
-1.114504
-0.229008
-4.213740
-1.954198
0.870229
-3.015267
-4.458015
-0.977099
-5.450382
-1.221374
-2.496183
0.053435
-3.526718
-2.076336
-3.381679
-1.335878
-2.580153
-5.183206
-0.206107
-4.740458
-2.832061
-4.694656
-3.755725
-5.244275
-4.770992
-3.549618
-3.045802
-3.687023
-5.954198
-6.175572
-2.549618
-2.763359
-4.633588
-1.488550
-1.770992
-2.931298
-6.129771
-2.343511
-0.251908
-2.870229
-1.480916
-6.213740
-2.633588
-4.832061
1.679389
-5.045802
-4.564886
0.038168
-5.549618
-2.358779
-4.931298
-4.671756
-2.312977
-6.274809
-2.625954
-0.725191
-6.137404
-6.847328
-4.587786
-5.282443
-7.908397
-1.839695
-1.282443
4.267176
-2.595420
-8.122137
-3.152672
3.206107
0.961832
-8.022901
-5.832061
4.503817
-3.083969
-8.435115
-3.541985
1.038168
0.282443
-10.954199
2.450382
-1.534351
3.335878
-7.175572
3.358779
-4.801527
2.099237
2.946565
1.038168
0.900763
0.694656
2.068702
2.106870
2.290076
-1.320611
-2.389313
-3.259542
-4.458015
-6.282443
-4.885496
-3.832061
0.793893
5.297710
-1.519084
-3.152672
-0.870229
4.038168
6.648855
8.167939
2.992366
7.335878
7.083970
5.335878
6.312977
7.366412
6.748092
7.198473
5.587786
7.732824
6.847328
6.259542
7.015267
2.106870
2.030534
3.427481
5.755725
4.190840
2.580153
5.778626
1.419847
2.427481
6.450382
4.519084
5.068702
1.015267
-1.007634
6.587786
1.748092
3.343511
4.778626
5.572519
7.358778
6.519084
0.267176
3.320611
3.511450
7.625954
3.290076
0.648855
5.984733
7.847328
4.381680
-0.190840
1.801527
7.030534
3.099237
-0.580153
7.045802
6.045802
2.832061
6.641222
2.496183
6.244275
-2.000000
6.656488
6.931298
3.038168
1.435115
7.778626
1.106870
3.694656
1.061069
5.045802
3.160305
-2.114504
10.702291
6.282443
3.763359
4.885496
8.022901
3.610687
1.496183
12.175572
3.427481
4.129771
7.229008
3.961832
2.458015
5.687023
3.145038
0.190840
3.458015
6.564886
5.709924
-0.244275
6.557252
5.083970
-0.847328
6.877862
4.816794
2.954198
-1.458015
4.847328
9.053435
0.160305
4.053435
6.893130
2.877863
5.053435
5.198473
-5.534351
6.442748
3.908397
3.862595
3.679389
5.290076
7.549618
1.099237
2.320611
9.839695
1.900763
8.099236
0.083969
7.977099
2.450382
2.908397
7.870229
-2.801527
8.839695
0.541985
9.083969
1.954198
-2.816794
4.213740
5.450382
7.916030
-0.129771
5.488550
3.198473
4.610687
2.534351
6.190840
4.748092
6.770992
5.496183
7.900764
4.236641
2.862595
7.099236
7.587786
1.297710
4.381680
3.954198
5.343512
5.519084
1.603053
5.282443
1.816794
6.603054
8.152672
5.671756
5.251908
2.534351
4.587786
6.206107
-0.725191
4.480916
5.877862
4.152672
3.854962
3.213740
6.732824
0.427481
3.984733
2.465649
3.877863
4.961832
7.503817
10.351145
4.519084
0.984733
-0.496183
-0.343511
2.167939
0.297710
10.587787
4.015267
2.854962
5.106870
2.694656
8.473283
7.938931
5.549618
6.961832
5.343512
-0.335878
6.519084
5.862596
3.564885
7.381680
4.297710
1.488550
0.633588
3.572519
6.832061
6.694656
6.152672
4.061069
4.480916
6.282443
2.656489
8.038168
8.274809
4.145038
4.770992
7.732824
4.122138
4.519084
4.702290
7.984733
4.435114
4.465649
2.404580
0.748092
0.793893
7.526718
8.526717
6.221374
5.549618
6.312977
4.267176
2.770992
3.916031
-1.793893
-4.198473
-1.656489
-3.503817
-3.732824
-2.274809
-0.687023
-2.152672
-7.419847
-9.152672
-6.374046
-2.824427
-6.221374
-8.725191
-7.801527
-3.229008
-5.396946
-8.603053
-11.045801
-10.679389
-10.824428
-11.053435
-5.190840
-4.465649
-10.503817
-14.244275
-13.068703
-9.656488
-14.282443
-9.938931
-7.877862
-7.473282
-11.030535
-13.465649
-7.908397
-8.717557
-6.465649
-9.793893
-6.320611
-10.083969
-11.938931
-14.618320
-8.465649
-6.526718
-3.305344
-4.496183
-8.045801
-7.328244
-12.664123
-8.511451
-11.335877
-9.213740
-10.519084
-7.984733
-8.282443
-10.969465
-6.786260
-7.175572
-7.694656
-3.160305
-11.106871
-11.549619
-8.732824
-7.404580
-9.282443
-9.778625
-10.122137
-5.824428
-8.496183
-5.106870
-6.938931
-12.488549
-12.099236
-11.404580
-9.931297
-6.519084
-10.282443
-5.587786
-11.503817
-6.152672
-8.167939
-5.381680
-4.763359
-10.916031
-9.496183
-9.022901
-4.106870
-6.259542
-7.893130
-5.809160
-6.748092
-7.007634
-6.389313
-10.854961
-15.305344
-11.526717
-7.068702
-8.862596
-12.366412
-11.511451
-6.473282
-5.900764
-10.648855
-7.587786
-4.206107
-7.862596
-6.557252
-7.549618
-9.206107
-10.282443
-9.145039
-9.015267
-9.412213
-10.145039
-8.503817
-6.847328
-9.862596
-2.580153
-12.435115
-6.000000
-5.923664
-13.908397
-6.396946
-6.496183
-7.290076
-10.190840
-17.801527
-9.045801
-13.664123
-6.557252
-15.030535
-10.702291
-9.977099
-9.442748
-10.954199
-9.832061
-7.854962
-7.458015
-11.992367
-8.717557
-8.328244
-14.748092
-4.526718
-8.213740
-2.893130
-7.687023
-8.824428
-15.106871
-7.496183
-10.366412
-13.259542
-4.145038
-8.900764
-16.290077
-8.877863
-12.458015
-8.908397
-8.480916
-4.900764
-6.618320
-7.610687
-8.458015
-6.541985
-7.847328
-6.351145
-5.511450
-9.045801
-7.778626
-3.603053
-5.236641
-2.786260
-4.809160
-1.679389
-6.526718
-2.595420
-0.083969
0.152672
-6.633588
-2.015267
-1.618321
-7.931298
-2.435115
1.419847
-6.877862
-8.908397
-4.198473
2.984733
-3.557252
-1.221374
-2.587786
-6.488550
0.343511
-8.274809
-5.030534
-6.038168
-5.854962
-0.755725
-8.022901
2.358779
-8.625955
3.305344
-5.305344
-3.763359
-4.389313
-11.236641
-5.175572
-5.145038
-6.053435
2.442748
-3.206107
-7.473282
-5.885496
-0.175573
1.297710
-1.526718
1.290076
3.938931
-0.694656
-2.282443
-3.145038
-5.022901
6.541985
-6.320611
-4.290076
-3.870229
0.816794
1.938931
1.007634
-0.610687
-3.816794
-5.893130
-7.656488
0.580153
0.480916
-3.557252
-9.694656
-3.671756
0.297710
2.000000
0.335878
-3.557252
-5.374046
0.328244
2.068702
-4.931298
-6.305344
0.427481
1.198473
-2.671756
3.312977
-2.412214
-6.946565
-2.198473
1.732824
-2.312977
-3.351145
-6.900764
-3.068702
-0.404580
2.519084
-3.076336
-5.931298
-1.038168
2.000000
-0.068702
-2.580153
-6.839694
-3.725191
-4.610687
-8.206107
-3.297710
1.541985
-1.335878
1.748092
-5.282443
-6.015267
-2.129771
-2.450382
-0.992366
-5.183206
-1.396947
-1.236641
-2.916031
-3.106870
-5.480916
-2.389313
-4.625954
-2.847328
-4.511450
-7.770992
-3.809160
0.282443
-4.541985
-2.137405
-4.854962
-0.755725
-0.412214
-2.061069
-0.641221
-3.038168
-3.244275
0.786260
-4.053435
-3.709924
-3.099237
-1.061069
0.656489
-1.000000
-1.870229
0.816794
-0.351145
-0.343511
-3.969466
-3.450382
-1.557252
-0.610687
-0.366412
0.282443
-3.145038
0.610687
-3.824427
-1.015267
-3.549618
-1.717557
-1.717557
-1.038168
-0.198473
0.404580
-2.229008
-5.106870
-0.374046
-1.213740
-2.969466
-0.610687
-1.229008
-2.618321
0.083969
-4.122138
1.312977
-0.061069
-1.725191
-5.725191
-4.045802
-1.374046
-2.312977
0.091603
-2.328244
-1.763359
-4.167939
-1.809160
-5.633588
-0.503817
-1.381679
-0.053435
1.541985
-1.694656
0.358779
-3.671756
-3.847328
-4.671756
3.213740
-1.274809
-5.358778
2.206107
-1.732824
-3.847328
-0.725191
-1.992366
0.557252
-0.969466
0.366412
-2.396947
-2.236641
0.000000
-2.610687
1.694656
-1.045802
-2.931298
1.061069
-2.717557
0.328244
-0.679389
-3.458015
1.007634
-0.122137
-4.984733
-0.854962
-2.709924
-1.587786
1.229008
0.610687
-4.000000
1.755725
-1.366412
-1.832061
-1.664122
-4.946565
-2.488550
-6.412214
-5.374046
-3.145038
-3.419847
-2.488550
-1.244275
-1.198473
-0.526718
-1.801527
2.442748
-6.732824
-2.984733
-3.099237
-2.557252
-6.694656
-2.519084
-4.778626
-4.427481
-4.374046
0.106870
-5.404580
-2.740458
-2.274809
0.961832
-1.206107
-1.480916
-1.458015
-6.190840
-4.984733
-5.267176
-4.061069
-2.213740
-4.770992
1.152672
-0.786260
1.557252
-6.877862
-4.007634
-1.687023
-4.916030
-4.083970
-4.114504
-5.732824
-2.152672
0.824427
-0.343511
-4.106870
-4.687023
0.854962
-1.633588
-4.763359
-6.496183
-1.389313
1.167939
-3.190840
-3.030534
-3.648855
-2.709924
-1.786260
-2.198473
-4.961832
-6.610687
-1.419847
-5.549618
-5.236641
-1.083969
-0.152672
-3.931298
-4.908397
-3.862595
0.458015
-3.786260
-5.534351
-1.190840
-3.061069
-5.992366
-3.106870
-0.572519
-1.625954
0.824427
-3.549618
-1.122137
-1.893130
-4.610687
-2.687023
-2.145038
-2.534351
-2.076336
-2.068702
-2.030534
-2.572519
-1.549618
-3.832061
-1.328244
-2.862595
-2.656489
-3.877863
-3.824427
-3.625954
-1.557252
-3.450382
-1.938931
-3.320611
-3.381679
-3.549618
-4.458015
0.007634
-5.320611
-3.816794
-4.129771
-1.610687
-2.832061
-3.198473
1.526718
-2.366412
-6.106870
-1.717557
-6.480916
-0.122137
-2.030534
-0.641221
-5.267176
-4.603054
-1.625954
-1.763359
-3.045802
-0.030534
-4.320611
-0.679389
-4.312977
-1.114504
-6.396946
-0.557252
-2.816794
-4.557252
-0.366412
-4.923664
0.229008
-2.511450
-0.297710
-3.236641
-3.625954
-3.885496
-4.335878
-4.587786
-4.366412
-2.511450
-6.717557
-0.381679
-1.938931
-4.824428
-3.916031
-6.015267
-4.007634
-4.427481
-6.763359
-0.694656
-3.534351
1.465649
-4.564886
-4.778626
-0.366412
-3.786260
-1.832061
-2.862595
-1.801527
-0.687023
-1.213740
-3.885496
-2.083969
-2.206107
-4.458015
-2.450382
-4.053435
-6.259542
-4.656488
-1.862595
-2.778626
-0.175573
-3.389313
-5.931298
-2.114504
1.404580
-1.625954
-0.992366
-3.007634
0.549618
-5.977099
-3.893130
-0.564885
-7.274809
-5.725191
-0.297710
-2.389313
-3.221374
0.366412
-2.961832
-5.488550
-2.534351
-5.190840
-0.488550
-3.969466
-4.480916
-0.442748
-3.412214
-4.274809
-4.847328
-1.885496
-6.167939
-4.450382
-3.442748
0.839695
-0.419847
-4.404580
-5.099236
-0.045802
0.381679
-5.045802
-0.809160
-2.137405
-5.511450
-0.206107
-3.847328
-1.290076
-2.862595
-3.725191
-5.122138
0.343511
-1.396947
0.900763
-1.251908
-2.465649
-2.305344
-1.030534
-1.312977
0.465649
1.152672
-1.687023
-2.290076
0.786260
2.122137
-3.938931
-0.473282
-0.290076
1.473282
-2.244275
3.389313
-1.694656
-1.198473
-2.534351
-0.916031
-2.587786
-0.351145
2.145038
-0.145038
-0.763359
-1.938931
-0.267176
-3.877863
-1.587786
-1.595420
1.122137
-6.610687
-2.343511
-5.007634
0.732824
-1.473282
-2.480916
2.198473
0.351145
-3.885496
-0.190840
-1.572519
-0.351145
-0.274809
-3.206107
-2.618321
-1.244275
-3.061069
-6.564886
0.740458
0.656489
-5.503817
-3.122137
-3.801527
-6.503817
-2.984733
-2.129771
-3.687023
-4.725191
-3.480916
-8.480916
-1.160305
-3.152672
-5.419847
-2.328244
-2.702290
-5.374046
-4.587786
-3.282443
-5.145038
-1.664122
-5.603054
-1.610687
-6.435114
-2.977099
-7.274809
-2.648855
-6.961832
-2.305344
-5.511450
-4.145038
-6.862596
-5.816794
-4.580153
-1.099237
0.671756
-3.511450
-3.984733
-3.511450
0.526718
-5.290076
-7.183206
-1.045802
-3.679389
-6.824428
-1.015267
0.068702
-5.603054
-1.175573
-6.259542
1.007634
-4.236641
-6.167939
-4.290076
-0.190840
-5.740458
-4.687023
-5.816794
-4.083970
-3.801527
-3.580153
-2.526718
-3.305344
1.122137
-6.099236
-8.664123
-2.015267
1.358779
-1.656489
-2.900763
-5.557252
-2.595420
-0.381679
0.847328
-3.251908
-4.473282
-1.045802
-3.534351
-1.068702
0.145038
-4.801527
-5.435114
1.190840
-3.221374
-3.885496
-0.854962
-5.778626
-1.923664
1.175573
-5.145038
2.480916
-0.969466
-4.954198
1.679389
-4.229008
-4.480916
-1.343511
-5.404580
-2.992366
-1.862595
-7.732824
-7.603054
-8.091603
5.687023
-0.664122
-11.167939
1.541985
2.519084
-11.412213
-4.038168
-8.236641
5.541985
2.389313
-6.366412
-0.664122
-6.427481
-6.679389
2.053435
-6.496183
0.328244
2.519084
-0.557252
0.213740
0.404580
3.374046
-0.358779
0.748092
3.106870
1.389313
1.839695
-2.908397
1.763359
3.290076
3.129771
4.541985
-4.076336
-2.167939
-6.305344
-5.450382
4.282443
-7.580153
2.832061
-8.770992
-1.190840
-1.419847
-9.839695
0.175573
-6.870229
-1.114504
-11.137404
1.526718
-9.458015
1.450382
-7.961832
-3.465649
-3.007634
-1.083969
1.526718
-8.801527
-8.503817
2.648855
-3.366412
-5.595420
0.114504
-3.534351
-6.610687
4.839694
-3.534351
-4.427481
-5.312977
-3.664122
5.648855
-0.564885
-4.534351
1.175573
1.633588
-5.106870
-6.519084
-1.816794
-3.458015
-8.152672
-0.312977
2.259542
-6.938931
-8.923664
-0.030534
3.755725
-2.694656
-7.549618
-8.885496
3.000000
-2.152672
-4.297710
-3.427481
2.465649
-5.770992
-2.366412
1.068702
-6.801527
-1.053435
-4.755725
-7.908397
-1.923664
-1.595420
-2.732824
-2.885496
0.763359
-0.603053
-1.007634
-2.106870
-0.725191
2.610687
-0.404580
-2.404580
-0.305344
-1.900763
0.511450
-1.450382
-3.160305
0.106870
1.091603
0.748092
-2.045802
-1.916031
-0.854962
0.465649
1.320611
-0.297710
1.656489
2.030534
-0.664122
1.748092
-0.832061
-0.297710
-2.083969
-0.114504
-1.618321
-2.244275
-1.709924
-4.106870
-1.053435
-1.061069
-1.847328
1.862595
-1.496183
0.282443
0.496183
-4.061069
-0.396947
-3.198473
1.412214
-3.274809
0.969466
-1.251908
-1.732824
-0.893130
-4.473282
-4.564886
-4.503817
-2.633588
1.198473
-3.335878
-2.465649
-5.137404
-3.839695
-1.183206
-4.549618
1.763359
-3.106870
-3.541985
-1.885496
-4.488550
-2.007634
-1.328244
-2.564885
-5.519084
-4.709924
-4.114504
-3.442748
0.625954
-5.351145
-5.091603
-5.503817
0.778626
-2.961832
2.809160
-5.160306
-5.083970
-1.549618
2.114504
-3.312977
-0.580153
-2.053435
-3.610687
-0.633588
-4.297710
-1.000000
-4.755725
-7.824428
-2.755725
-7.015267
-3.503817
-7.442748
-3.748092
-6.610687
-5.068702
-0.671756
-10.549619
-0.068702
-4.030534
-4.541985
-0.938931
-3.557252
-5.839694
-3.816794
-1.694656
-3.801527
-4.862596
-2.931298
-1.274809
-1.580153
-2.122137
-5.580153
-4.206107
-7.305344
-5.343512
-3.244275
0.641221
-3.145038
-5.259542
-1.152672
-5.312977
-0.465649
-6.694656
-2.839695
-5.618320
-1.206107
-2.564885
-2.229008
-0.770992
-3.351145
-2.251908
-2.541985
-5.641222
-4.312977
-3.679389
-3.022901
-2.129771
-4.931298
-1.839695
-5.152672
-0.961832
-1.549618
-3.251908
-1.557252
-0.954198
-3.625954
-3.824427
-2.038168
-2.526718
-1.923664
0.396947
-3.580153
-0.206107
-2.908397
-4.534351
-0.229008
-0.809160
-0.022901
1.580153
-0.030534
-2.374046
1.595420
-2.824427
1.702290
-3.488550
-0.312977
-1.183206
0.473282
-2.824427
-0.038168
-1.656489
-3.610687
-0.351145
-1.847328
-1.175573
0.931298
-0.793893
-0.580153
-1.312977
-0.618321
-3.244275
0.519084
-4.488550
-2.427481
-1.603053
-1.145038
-2.687023
0.740458
-0.068702
-0.893130
2.786260
0.503817
-4.786260
-2.038168
-5.061069
-1.564885
-1.618321
-4.061069
-3.450382
-3.755725
-5.511450
-5.030534
0.129771
-4.862596
0.374046
-1.519084
-2.351145
-4.167939
-2.603053
-0.832061
-3.099237
-3.366412
-3.824427
-4.656488
-6.732824
-2.862595
0.366412
-0.656489
-5.343512
-4.328244
-2.106870
-6.473282
-2.595420
-2.984733
-1.312977
-2.946565
-4.183206
-2.442748
-4.862596
-1.671756
-4.404580
-3.335878
-1.053435
-2.687023
-1.137405
-2.648855
-2.671756
-5.343512
-4.114504
-3.732824
-0.190840
-6.091603
-0.702290
-2.099237
-3.541985
-2.893130
-7.557252
1.312977
-3.641221
-1.282443
-4.106870
-5.969466
-0.328244
-5.259542
-2.404580
-4.870229
-6.236641
-1.167939
-8.473283
-1.244275
-5.770992
-5.587786
-3.938931
-2.877863
-3.022901
-0.625954
-6.328244
-7.908397
3.969466
-10.503817
0.305344
-9.572519
3.427481
-8.740458
3.221374
-4.519084
-8.816793
2.068702
-10.343512
-5.030534
0.290076
-5.931298
-7.267176
2.969466
-7.916030
-4.152672
-0.992366
-1.549618
-9.015267
-0.328244
-6.687023
-1.320611
-9.061069
0.068702
-9.099236
2.221374
-5.503817
-0.183206
-8.045801
-3.603053
-4.801527
-3.282443
-1.152672
-10.015267
2.755725
-3.488550
-7.389313
2.374046
-6.053435
3.847328
-7.847328
-7.129771
1.022901
-9.572519
-9.480916
2.709924
-7.503817
-4.580153
3.404580
-3.549618
-10.061069
0.946565
1.404580
-9.877863
-2.587786
1.572519
-8.946565
-2.320611
-4.603054
0.244275
1.312977
-1.083969
-4.641222
-0.022901
0.641221
-6.763359
-7.519084
-1.152672
1.045802
-1.038168
-2.816794
0.755725
-1.221374
-3.206107
1.488550
-3.603053
3.320611
-5.312977
-7.610687
-2.564885
-6.473282
0.564885
-4.450382
2.312977
-5.893130
-1.603053
-5.114504
-2.015267
0.038168
-7.664122
-4.770992
2.854962
-5.717557
-1.702290
-2.908397
-4.564886
0.419847
-7.435114
-8.053435
-2.442748
-4.717557
-3.732824
2.198473
-6.229008
-6.916030
-0.595420
-3.129771
-6.519084
-8.564885
-0.702290
-4.717557
-0.480916
-2.679389
-2.702290
-2.709924
0.732824
-0.961832
1.030534
-4.740458
-0.374046
-1.725191
-2.244275
-1.664122
-0.335878
-1.465649
-1.465649
-1.137405
-3.374046
0.175573
-2.129771
-2.732824
-3.748092
-3.297710
-1.007634
-4.175572
-0.007634
-3.167939
-3.603053
-1.328244
-3.465649
-4.198473
-3.091603
-2.854962
-1.099237
-1.847328
-0.473282
-1.320611
-1.923664
0.458015
-3.267176
-2.954198
-0.877863
-2.709924
-2.503817
-2.702290
-0.740458
-2.977099
-2.465649
0.778626
1.236641
-0.106870
0.641221
-2.763359
-2.671756
-2.076336
-2.305344
-2.083969
-4.282443
-2.984733
2.213740
-4.916030
0.526718
-5.694656
-1.190840
-4.824428
-1.641221
-4.053435
-4.442748
-2.610687
-9.076336
-3.381679
-4.175572
-3.564885
-2.167939
-3.931298
-1.702290
-0.541985
-4.541985
0.717557
1.694656
-2.465649
-6.229008
-4.167939
-0.229008
0.045802
-0.343511
-2.541985
-4.167939
-1.938931
-2.381679
-1.717557
-2.488550
-4.801527
-6.381680
-7.938931
-3.167939
-5.122138
-1.290076
-3.206107
-6.870229
-3.824427
-0.824427
-2.099237
-0.236641
-1.679389
-0.404580
-6.259542
-5.633588
-2.236641
-3.580153
-5.717557
2.106870
-3.221374
-1.938931
-1.083969
-1.488550
1.564885
-2.931298
-1.198473
-1.267176
-0.267176
-5.129771
-3.870229
-4.961832
-2.969466
-1.557252
-3.687023
-1.152672
-1.702290
-2.091603
-3.534351
-3.015267
-0.755725
-0.725191
-2.465649
-2.480916
-1.335878
1.404580
1.633588
-1.656489
-0.557252
-1.839695
0.946565
0.801527
-1.038168
1.908397
-2.175573
0.977099
2.595420
1.259542
2.305344
0.145038
-0.854962
2.427481
-0.206107
3.099237
-5.213740
-0.076336
-1.007634
-1.824427
1.183206
-1.320611
-4.717557
0.916031
-0.335878
-0.328244
0.755725
-2.045802
-3.496183
-0.717557
-4.511450
-1.717557
-1.229008
0.778626
-3.396947
2.908397
-0.412214
-3.015267
-0.519084
-4.946565
-3.015267
-2.267176
-1.618321
-2.221374
-3.984733
-2.587786
-1.381679
1.221374
-3.625954
-2.114504
-3.427481
-5.465649
0.610687
-1.709924
-1.679389
-2.465649
-0.793893
-4.068702
-1.893130
-0.534351
-3.770992
-0.702290
0.748092
-3.122137
0.458015
-2.969466
-3.610687
-0.809160
-0.541985
-1.610687
-3.992366
-2.465649
-5.503817
-3.549618
-4.351145
-3.259542
-4.938931
-4.068702
-0.679389
-5.572519
-6.374046
-3.007634
-1.893130
-0.145038
-1.778626
-5.496183
-2.679389
-5.213740
-3.946565
-1.175573
-4.244275
-1.793893
-5.190840
-4.305344
-6.572519
-3.358779
-2.267176
-4.061069
-4.030534
1.114504
-6.099236
-2.488550
-3.984733
-3.725191
-5.832061
-5.847328
-2.175573
-2.717557
-2.916031
-1.847328
-1.870229
-5.862596
-2.511450
-4.152672
-3.709924
-1.030534
-0.618321
-3.526718
-1.404580
-0.106870
-2.801527
-3.038168
-3.580153
-2.358779
-1.687023
-3.297710
-3.045802
-1.160305
-2.854962
-4.290076
-2.984733
-2.274809
-3.389313
-4.557252
-0.564885
-2.526718
-2.160305
-4.274809
-1.000000
-3.961832
-3.839695
-0.122137
-4.053435
-4.488550
-5.106870
-4.022901
2.541985
-4.267176
-8.603053
-0.954198
-0.267176
-3.885496
-3.389313
-2.229008
-3.145038
-4.167939
-4.053435
-4.091603
0.091603
-3.641221
-2.748092
0.030534
-4.625954
-3.221374
-1.244275
-0.442748
-1.351145
-2.992366
-3.305344
0.068702
-0.847328
-3.862595
-3.312977
-0.511450
-0.595420
-4.343512
-5.206107
0.610687
-2.083969
-4.709924
0.076336
-3.106870
-5.450382
-2.938931
-0.404580
-4.656488
-1.206107
-0.587786
2.061069
-5.374046
-1.793893
-2.740458
-2.061069
-4.946565
-1.419847
-0.900763
-2.885496
-1.916031
-3.076336
-0.664122
-4.183206
-1.122137
-2.709924
-2.396947
-1.969466
-5.427481
-1.687023
-6.236641
-0.206107
-3.503817
0.748092
-2.702290
-3.091603
-0.473282
-8.709924
-6.305344
-2.251908
3.251908
6.351145
3.847328
4.916030
1.221374
-2.015267
-1.068702
-1.244275
-2.068702
3.000000
6.068702
6.603054
-1.259542
7.221374
3.480916
3.709924
-1.091603
-1.572519
-0.977099
3.427481
4.572519
-0.305344
2.534351
-2.007634
-2.083969
4.000000
0.206107
4.480916
0.419847
0.908397
0.381679
-1.206107
-1.488550
1.839695
1.572519
-3.358779
3.732824
-0.206107
3.129771
-5.557252
1.496183
-1.587786
3.076336
1.763359
1.167939
1.190840
-3.748092
-3.404580
-1.290076
1.877863
-0.259542
-4.091603
-1.076336
-3.290076
-0.534351
0.480916
-0.450382
-0.488550
-1.564885
-1.152672
-4.450382
-0.824427
-0.152672
0.557252
-1.221374
0.603053
-4.610687
-0.496183
-4.030534
-3.038168
0.267176
-2.923664
-4.076336
-4.961832
-4.106870
-3.931298
-3.625954
-5.030534
-2.480916
-4.961832
-3.190840
-3.129771
-5.076336
-1.847328
-2.732824
-1.290076
-3.488550
-2.610687
3.198473
-3.511450
-2.251908
-0.610687
-3.251908
-2.679389
-0.389313
-6.213740
-2.282443
-5.419847
-2.595420
-2.244275
-4.473282
-1.946565
-3.885496
-0.114504
-4.549618
-1.969466
-1.572519
-5.671756
-3.923664
-2.541985
-5.656488
-5.122138
-3.595420
-3.519084
-2.610687
-0.465649
-2.770992
-3.465649
-0.694656
-2.992366
-5.580153
-4.480916
-2.190840
-1.877863
-2.564885
-0.114504
-4.938931
-1.580153
-2.236641
-2.152672
0.954198
-3.213740
-1.763359
-3.572519
1.167939
-1.961832
-2.145038
-3.175573
-3.923664
1.526718
-5.282443
1.755725
-2.648855
-3.725191
-2.916031
-5.167939
-2.671756
-4.213740
-1.167939
-4.099236
-1.671756
1.152672
-5.549618
0.267176
-2.106870
-1.175573
0.702290
-0.465649
-3.885496
-7.496183
-5.496183
-3.648855
-1.984733
2.702290
0.374046
-1.877863
3.427481
-2.877863
-1.305344
1.015267
-4.595420
-3.725191
-0.778626
2.564885
-0.343511
2.068702
-3.854962
-4.404580
-5.145038
0.526718
-1.832061
-0.488550
-0.038168
-0.022901
1.290076
-1.740458
-1.221374
-1.893130
-0.145038
-5.702290
-5.106870
-4.129771
0.206107
-5.297710
1.427481
-5.099236
1.572519
-4.099236
-1.312977
-4.053435
2.732824
4.923664
-3.480916
2.396947
2.465649
-0.389313
4.175572
-1.702290
3.160305
2.045802
0.618321
1.557252
-3.374046
1.145038
-4.358778
-0.290076
2.015267
-0.129771
-3.877863
1.824427
-1.152672
-1.893130
-0.427481
-0.549618
-1.572519
-2.122137
-1.587786
1.099237
-3.297710
-1.564885
-0.473282
-1.114504
-1.534351
-0.183206
-1.320611
-1.755725
-1.916031
1.106870
-1.091603
-2.465649
-3.290076
-1.717557
-1.587786
-0.931298
-1.526718
-5.183206
-4.839694
-4.175572
-0.770992
-0.923664
-4.282443
-2.511450
-5.526718
-2.717557
-4.305344
-2.038168
-2.763359
-0.770992
-1.496183
0.244275
-0.450382
-2.824427
-3.816794
-3.053435
1.267176
-1.167939
-1.480916
0.000000
0.992366
0.511450
-3.793893
-4.473282
0.709924
-1.603053
-4.656488
-4.618320
-5.770992
-5.580153
-0.068702
-2.580153
-5.587786
-4.099236
-3.328244
-3.618321
-5.786260
-2.068702
-5.229008
-4.068702
-5.862596
-2.778626
-4.374046
-1.992366
-3.557252
-3.343511
-6.068702
-2.564885
-6.320611
-2.320611
-4.335878
-5.473282
-6.519084
-0.564885
-4.641222
-4.259542
-4.167939
-2.427481
-4.473282
-0.732824
-2.335878
-1.923664
-2.977099
-7.091603
-1.847328
-3.832061
-5.824428
-2.633588
-3.961832
-3.389313
-3.236641
-2.938931
-4.648855
-3.404580
-3.511450
-3.213740
-2.236641
-2.992366
-3.900763
-5.610687
-3.183206
-0.992366
-5.595420
-0.549618
-6.000000
-7.625954
-3.938931
-6.259542
-5.297710
-5.259542
-3.213740
-5.068702
-3.297710
-4.893130
-5.343512
-2.664122
-2.946565
-3.305344
-4.755725
-5.396946
-3.854962
-4.381680
-7.251908
-4.503817
-2.709924
-4.786260
-5.244275
0.244275
-2.992366
-5.748092
0.625954
-4.763359
-4.595420
-2.702290
-8.557252
-2.198473
1.526718
-3.297710
-11.786260
-10.694656
1.412214
2.015267
-11.061069
-13.709924
-0.259542
-6.618320
-10.343512
-10.694656
-10.877863
-7.267176
-3.511450
-2.351145
-8.038168
-9.816793
-9.374045
-6.717557
-4.648855
-3.190840
-10.870229
-11.480916
-11.572519
-5.687023
-1.595420
-5.931298
-2.877863
-4.343512
-7.488550
-10.015267
-11.778625
-12.396947
-6.740458
-8.916031
-9.106871
-10.335877
-10.938931
-14.259542
-7.671756
-6.824428
-9.778625
-1.625954
-4.305344
-6.091603
-3.335878
-15.534351
-6.694656
-2.969466
-15.931297
-7.503817
-7.198473
-12.389313
-2.938931
-12.458015
-15.916031
-6.900764
-10.801527
-4.114504
-6.839694
-10.030535
-6.671756
-8.801527
-7.282443
-4.229008
-9.137404
-5.480916
-3.687023
-9.091603
-5.702290
-5.870229
-1.938931
-3.213740
-5.167939
-5.633588
-6.229008
-5.389313
-5.320611
-4.832061
-2.824427
-4.198473
-4.854962
-5.450382
-5.992366
-4.167939
-3.374046
-5.435114
-8.320611
-3.519084
-4.732824
-2.717557
-5.206107
-3.595420
-5.770992
-5.458015
-3.274809
-1.778626
-6.969466
-5.656488
-5.000000
-4.923664
-3.938931
-3.152672
-1.664122
-4.396946
-4.732824
-1.816794
-3.732824
-3.908397
0.984733
-2.190840
-7.610687
-7.145038
-1.587786
-0.045802
-2.206107
-3.496183
1.259542
-2.786260
-4.290076
-0.419847
-1.061069
-3.961832
-6.145038
-1.786260
-0.145038
-1.274809
0.488550
-2.557252
-0.412214
-4.267176
-1.458015
-3.587786
-4.038168
-5.557252
-1.122137
-4.053435
1.763359
-7.213740
0.824427
-6.206107
-1.580153
-4.045802
0.251908
-6.000000
-0.717557
-4.114504
-2.534351
-1.244275
-2.022901
-5.221374
-4.603054
-1.274809
-4.129771
0.213740
-5.763359
-2.427481
-4.595420
-0.687023
-4.358778
-5.122138
-2.328244
-3.374046
-2.984733
-3.099237
-5.358778
-0.625954
-2.083969
-2.488550
-6.992366
-6.847328
-3.656489
-2.763359
-3.763359
-6.877862
0.251908
-5.549618
-9.404580
-0.740458
-7.061069
-3.198473
-4.793893
-5.938931
-2.251908
-10.488549
-5.679389
-7.877862
-6.450382
-7.610687
-8.984733
-6.099236
-10.267176
-3.541985
-0.374046
-3.732824
-1.755725
-15.358779
-12.274809
-2.893130
-3.305344
-12.129771
-10.053435
-0.977099
-5.916030
-11.916031
-11.000000
-2.450382
-11.549619
-11.732824
-6.335878
0.221374
-6.885496
-11.305344
-11.587787
-5.931298
-1.183206
-4.732824
-2.648855
-4.328244
-12.839695
-8.954199
-0.709924
-5.442748
-11.076336
-11.404580
-7.106870
-13.404580
-6.633588
-1.610687
-8.374045
-16.396946
-10.274809
-6.183206
-3.000000
-1.000000
-1.366412
-1.824427
-0.167939
-6.900764
-11.152672
-0.877863
-11.374045
-10.992367
-2.145038
-5.832061
-10.358779
-2.832061
-3.595420
-13.763359
-11.351145
-7.610687
-5.053435
-7.450382
-11.175572
-9.038168
-9.816793
-3.877863
-0.664122
-4.000000
2.167939
-0.595420
-1.244275
-2.824427
-10.526717
-8.206107
-6.198473
-6.366412
-4.381680
-8.984733
-5.419847
-7.106870
-3.419847
-8.763359
-0.534351
-4.045802
-4.305344
-2.694656
-6.099236
-5.274809
-6.251908
-4.328244
-2.801527
-2.076336
-1.847328
-0.610687
-1.358779
-1.793893
-5.351145
-2.824427
-4.526718
-3.274809
-4.709924
-3.778626
-5.206107
-3.931298
-5.587786
2.610687
-0.702290
1.954198
-1.190840
1.320611
-2.175573
3.709924
-1.778626
-1.603053
0.259542
2.274809
-2.511450
-3.656489
-4.839694
-7.114504
-4.648855
-3.206107
-4.793893
-4.022901
-0.351145
-4.946565
-2.770992
-6.114504
-5.412214
-0.870229
-4.740458
-4.572519
-0.992366
0.198473
-6.351145
-7.106870
-2.274809
1.389313
-5.541985
-0.312977
-4.877862
-4.137404
2.717557
-6.389313
-1.282443
3.435115
-5.679389
-6.687023
-6.206107
-3.557252
-5.206107
-0.786260
0.961832
1.969466
4.259542
-0.511450
0.656489
2.152672
0.190840
-6.641222
-2.572519
1.045802
-9.267176
5.374046
-4.702290
-9.213740
7.396946
-8.641221
-3.778626
2.847328
-6.282443
6.396946
-6.419847
5.366412
-0.167939
3.595420
-5.671756
-2.740458
5.633588
-9.587787
7.534351
-8.709924
3.534351
-3.419847
-1.549618
-0.954198
-7.320611
8.687023
-8.877863
-0.748092
3.664122
-6.572519
7.015267
-5.679389
-2.442748
-11.587787
5.977099
-4.824428
-4.106870
-0.984733
-8.251908
6.229008
-0.679389
0.984733
1.114504
-0.732824
-5.122138
-3.641221
-2.786260
-0.938931
2.755725
-2.541985
-2.122137
-0.351145
-2.671756
-4.030534
-1.045802
-2.969466
-3.053435
-4.305344
-3.045802
-1.587786
-0.748092
-2.251908
-3.923664
-0.541985
-2.122137
-4.106870
-4.045802
-2.412214
-4.083970
-6.404580
-7.862596
-3.167939
-8.541985
-5.038168
-3.526718
-2.938931
-3.557252
-3.832061
-6.625954
-4.083970
-0.717557
-5.343512
-8.687023
-9.473283
-6.091603
-3.381679
-4.030534
-7.908397
-7.763359
-2.167939
-7.061069
-4.778626
-7.770992
-8.854961
-5.961832
-4.137404
-3.847328
-5.503817
-6.564886
-6.412214
-5.633588
-4.076336
-9.801527
-6.404580
-7.083970
-7.908397
-6.427481
-10.374045
-4.778626
-2.816794
-4.312977
-9.274809
-7.251908
-7.160306
-5.748092
-3.801527
-3.030534
-0.748092
-4.916030
-5.473282
-3.938931
-2.541985
-4.374046
-0.893130
-4.427481
-3.366412
-4.893130
-6.816794
-0.816794
-2.679389
-1.312977
-1.076336
-1.664122
-4.557252
-7.290076
-6.580153
0.015267
-0.488550
-1.320611
-0.541985
-1.419847
-4.786260
-3.679389
-2.175573
-4.099236
-5.862596
-4.931298
-1.091603
1.099237
-2.328244
-2.816794
-4.847328
-1.465649
-1.519084
-1.259542
-6.297710
-2.198473
-3.587786
1.007634
-4.977099
-2.809160
-0.641221
-2.717557
-1.038168
-4.541985
-0.183206
2.030534
-1.366412
-4.015267
-3.175573
-1.267176
-4.190840
-6.870229
-0.893130
1.251908
-5.732824
-0.938931
-0.183206
-1.152672
-0.618321
-4.229008
2.625954
1.389313
1.854962
-1.984733
-2.030534
-3.465649
-1.679389
1.839695
-0.312977
1.175573
-0.877863
2.267176
1.045802
1.961832
3.427481
1.206107
-0.908397
0.221374
-1.893130
5.290076
2.641221
-1.541985
1.740458
-3.229008
0.893130
4.580153
5.877862
7.549618
-1.015267
0.045802
-1.396947
-0.984733
-2.687023
-1.282443
-2.167939
2.328244
5.343512
5.984733
4.106870
2.427481
2.251908
3.190840
-9.755725
5.458015
-0.908397
-3.885496
2.587786
-0.793893
-6.618320
-0.610687
5.587786
0.564885
-1.450382
2.129771
-1.412214
0.610687
4.435114
-3.755725
1.412214
-6.038168
-3.824427
-1.442748
-0.412214
-2.244275
2.290076
-4.000000
-0.519084
-3.312977
-4.412214
-2.190840
-4.389313
0.442748
2.824427
-2.610687
-3.740458
-5.183206
-3.839695
-3.618321
-1.038168
-4.694656
-6.290076
-3.328244
-3.977099
-3.534351
0.114504
2.160305
-5.061069
-1.603053
-2.160305
2.809160
-2.648855
-4.854962
-6.259542
-2.381679
-4.603054
2.320611
-6.793893
-2.671756
-0.053435
0.099237
-4.877862
-5.603054
-0.526718
-5.007634
-0.412214
-9.236641
-0.503817
-3.755725
-0.923664
-2.923664
1.625954
-2.969466
-1.167939
-4.847328
-1.557252
-1.671756
-8.442748
-0.083969
-4.198473
-4.625954
-0.129771
-2.801527
-6.977099
-6.702290
-0.564885
-3.748092
-1.580153
-6.160306
-2.931298
-1.984733
2.656489
-3.694656
-6.664122
-4.648855
1.534351
-2.396947
-0.519084
-4.351145
-3.984733
-3.167939
1.847328
-5.099236
1.480916
-4.198473
-3.091603
-3.419847
2.763359
-4.923664
-3.374046
-5.251908
0.862595
-6.564886
-3.198473
-0.900763
0.267176
-1.641221
-5.679389
-0.618321
-1.702290
-4.259542
-6.480916
-2.229008
-3.954198
-0.374046
-2.305344
-7.198473
-1.938931
2.511450
-4.580153
-1.183206
-2.893130
-0.045802
2.366412
-3.396947
-2.511450
-2.564885
-2.450382
-1.541985
-0.694656
0.641221
-1.068702
-1.916031
0.725191
0.198473
-0.625954
0.351145
-1.938931
-6.022901
-2.030534
3.656489
-3.893130
-2.381679
-1.473282
-2.618321
-2.809160
-0.045802
-2.167939
-0.839695
-6.923664
-3.099237
2.839695
-3.923664
-8.244275
-5.618320
-4.129771
3.160305
-2.045802
-1.007634
-4.832061
-1.015267
-5.664122
-4.801527
0.641221
-2.534351
-0.274809
-2.137405
-5.106870
2.099237
-5.412214
-3.229008
-5.175572
-3.732824
2.778626
-4.519084
-1.000000
-0.755725
-5.251908
-1.793893
0.297710
-2.458015
-1.435115
0.450382
-1.068702
-8.618320
-4.114504
-5.244275
-1.534351
-6.832061
-8.824428
2.595420
-3.557252
-6.366412
-3.610687
-0.557252
-5.610687
-4.206107
-5.236641
-2.236641
-3.305344
-0.335878
-1.160305
-4.022901
-1.908397
-0.145038
-9.687023
-9.374045
-1.091603
-4.793893
-7.389313
-2.564885
-7.954198
-2.862595
-6.488550
-2.206107
-2.801527
-4.015267
-3.572519
-5.290076
-1.160305
-5.007634
-9.893129
2.167939
-4.412214
0.938931
-4.389313
-3.221374
-7.595420
-1.877863
-1.145038
-0.183206
-4.748092
0.633588
-9.717557
0.496183
-4.389313
-1.541985
1.488550
0.259542
-1.083969
-5.259542
-4.702290
-6.725191
-5.419847
1.236641
-0.671756
1.083969
-7.946565
-3.931298
-3.938931
0.076336
-6.083970
-3.251908
-6.954198
-0.977099
-2.076336
3.641221
-8.229008
-1.167939
-1.793893
0.129771
-5.816794
4.748092
-5.167939
-0.419847
-1.083969
-0.145038
-11.587787
1.183206
-5.786260
-2.106870
0.030534
-6.740458
-8.687023
-0.847328
-4.900764
-1.954198
-1.305344
-1.259542
-5.335878
-2.770992
-1.656489
2.137405
-5.809160
-5.076336
-3.320611
-2.938931
-0.526718
-2.854962
-7.488550
-1.740458
-4.984733
-0.274809
3.885496
-6.961832
-4.916030
-7.305344
-2.908397
1.267176
-4.931298
-4.641222
-3.435115
-4.572519
-4.778626
-10.809160
-5.778626
2.022901
-1.427481
0.946565
0.160305
-7.099236
-4.091603
-7.022901
1.091603
-1.122137
-4.778626
-2.053435
-3.122137
-3.824427
-3.152672
-4.320611
-1.083969
-0.534351
-3.374046
-2.992366
-3.748092
2.259542
-2.595420
-2.557252
-2.290076
0.099237
-0.366412
-3.221374
-2.343511
-0.541985
-2.923664
-2.305344
-7.160306
-3.160305
-2.816794
-1.259542
-5.015267
-0.076336
-3.870229
-2.694656
-3.183206
-2.557252
-7.679389
-1.091603
-1.038168
-3.748092
-0.694656
-1.839695
-5.068702
-1.480916
-0.366412
-5.717557
-2.259542
-6.267176
-1.763359
-2.015267
-2.099237
-0.938931
-2.030534
-1.312977
-7.030534
-1.328244
-0.778626
-2.748092
-2.900763
-1.564885
-1.160305
-8.274809
-0.893130
-0.328244
-0.534351
-2.396947
-5.396946
-1.404580
-1.381679
-1.564885
-2.007634
-4.557252
-4.679389
-3.687023
-2.900763
-1.832061
-3.717557
-2.465649
-4.938931
-0.465649
-4.045802
-3.725191
-3.000000
-4.320611
-2.114504
-3.396947
0.496183
-2.526718
-1.251908
-5.335878
-1.908397
-3.190840
-4.282443
-2.801527
-6.404580
-1.274809
-7.282443
-1.984733
-4.496183
-2.404580
-3.480916
-2.725191
-2.473282
0.763359
-3.625954
-2.671756
-6.480916
-3.587786
-4.488550
-4.633588
0.916031
-1.572519
-1.435115
-3.839695
-2.969466
-4.900764
-2.816794
-2.061069
-2.259542
-1.297710
-4.480916
-5.793893
-0.229008
-5.381680
-1.183206
-2.763359
-3.839695
-4.122138
0.832061
-4.473282
-0.366412
-3.893130
-3.366412
-4.580153
-1.198473
-2.847328
-1.816794
-2.916031
-3.709924
-1.709924
-2.770992
-2.427481
-3.045802
-2.564885
-8.458015
-2.236641
-5.290076
-5.938931
-5.480916
-4.389313
-9.328244
-1.450382
-4.419847
-3.938931
-7.564886
-8.435115
-5.503817
0.000000
-3.496183
-2.091603
-2.236641
1.000000
3.389313
6.190840
0.450382
4.832061
-0.267176
5.335878
1.519084
1.129771
9.221375
5.862596
3.511450
-1.412214
-0.297710
2.480916
-2.206107
0.511450
-1.053435
-1.114504
-1.534351
-0.572519
0.244275
-3.022901
-2.442748
-0.679389
0.732824
-2.916031
-1.885496
-2.297710
-3.916031
-0.488550
-3.320611
-3.832061
-4.610687
-3.625954
-9.229008
-4.656488
-2.419847
-6.328244
-3.053435
-6.748092
-8.099236
-3.343511
-6.099236
-9.954199
-7.580153
-6.290076
-4.312977
-4.893130
-5.938931
-7.694656
-1.885496
-4.862596
-5.809160
-4.312977
-2.480916
-2.763359
-4.870229
-3.961832
-3.465649
-4.160306
-5.816794
-2.709924
-0.312977
0.358779
-3.419847
2.244275
0.061069
-3.618321
-1.633588
-0.229008
0.473282
-0.595420
-2.366412
-2.923664
1.366412
-6.557252
-5.091603
-0.931298
-4.114504
-2.167939
2.541985
-3.145038
-4.786260
-0.832061
0.625954
-0.374046
1.816794
-1.931298
-0.274809
-2.702290
2.709924
-3.908397
-3.320611
-0.335878
-2.778626
-4.114504
0.633588
-2.755725
-0.061069
-1.328244
-4.557252
-0.580153
0.251908
-0.343511
0.259542
-1.000000
1.900763
-1.801527
-2.053435
-3.206107
0.290076
-1.068702
-3.832061
-5.137404
-4.427481
-2.358779
-2.824427
-0.282443
-4.656488
-4.335878
-0.305344
-1.885496
-2.297710
-7.511450
-1.473282
-2.229008
-2.610687
-4.511450
-4.396946
-4.320611
0.977099
-2.549618
-3.648855
-1.549618
-0.396947
-3.870229
-4.603054
-7.549618
-3.450382
-0.511450
-0.824427
0.145038
-2.374046
-2.465649
-1.229008
0.167939
-1.694656
-5.755725
-4.717557
-6.236641
1.290076
0.793893
-1.244275
1.061069
-3.328244
0.816794
-4.015267
-6.419847
-2.977099
-2.656489
-1.358779
0.954198
-7.793893
-3.671756
0.809160
-1.916031
-3.992366
-5.419847
0.778626
-0.114504
-2.809160
-2.427481
-5.877862
-3.931298
-2.503817
-0.778626
-3.183206
-2.015267
-2.893130
-3.122137
-1.923664
-3.984733
-1.320611
-2.740458
-2.496183
-4.717557
-7.839694
0.068702
-3.297710
-4.709924
1.267176
-3.633588
-3.358779
-2.473282
-6.931298
0.587786
-3.801527
-5.106870
-2.427481
-5.083970
-3.015267
2.687023
-6.427481
0.809160
-2.854962
-3.702290
-1.755725
-5.152672
-0.748092
-5.694656
0.503817
-6.099236
0.053435
-1.458015
-0.381679
-5.305344
-1.511450
-3.465649
-1.183206
-3.068702
-2.503817
-3.045802
1.022901
-3.877863
0.282443
-5.305344
0.435115
-1.648855
1.221374
-3.030534
0.664122
-2.442748
-5.137404
0.534351
-2.358779
-2.977099
-3.000000
-3.183206
-3.251908
1.488550
-0.267176
-5.854962
-1.465649
-5.435114
-1.267176
-7.305344
-0.664122
1.244275
-0.709924
-4.938931
1.000000
-2.175573
-3.709924
-1.099237
-4.022901
-3.274809
-7.893130
-1.503817
-3.824427
-0.511450
-1.793893
0.152672
-3.007634
-3.213740
-0.885496
-2.625954
1.099237
-6.152672
-2.694656
-2.366412
0.496183
-0.167939
-3.847328
-0.251908
-3.251908
-4.137404
-2.122137
-4.389313
-0.572519
-6.038168
-0.022901
-4.442748
-1.687023
-3.404580
-0.320611
-4.541985
-2.175573
-0.427481
-2.679389
-0.725191
-1.503817
-0.183206
-4.480916
0.419847
-2.519084
-0.045802
-3.549618
-1.099237
-3.702290
2.679389
1.595420
-2.015267
1.648855
-3.122137
-1.679389
-5.343512
0.526718
-5.687023
-1.824427
-4.488550
-3.694656
-1.328244
-1.175573
-1.778626
-4.664122
-2.923664
-5.832061
-3.984733
-0.786260
-2.305344
-5.106870
-3.312977
-2.175573
-1.274809
-1.297710
-1.557252
-3.580153
-0.633588
-4.374046
-2.045802
-3.274809
1.244275
-0.366412
-0.213740
-6.412214
-1.572519
-5.931298
-0.809160
-2.206107
-1.824427
-5.694656
0.717557
-3.664122
-2.091603
-2.687023
-1.763359
-0.870229
-4.755725
-0.900763
-2.633588
0.458015
-0.259542
-1.458015
-1.969466
-6.572519
-0.709924
-5.007634
-2.908397
1.618321
-2.641221
0.022901
-3.328244
0.297710
-3.862595
-3.717557
-2.748092
-2.213740
-3.114504
-3.366412
-1.022901
-5.160306
-1.671756
-3.076336
-2.244275
-5.198473
-3.091603
-2.931298
-1.992366
-4.847328
-2.465649
0.412214
-3.969466
-1.358779
-2.450382
-4.229008
-2.587786
-1.969466
-1.076336
-5.862596
-1.061069
0.618321
-4.099236
-3.045802
-1.381679
-0.282443
-0.351145
-2.587786
-3.709924
-3.007634
-1.259542
-0.389313
-3.862595
-2.664122
-0.458015
-0.694656
-5.992366
-2.068702
-3.038168
-4.351145
-3.885496
-3.511450
-1.404580
-4.816794
-0.900763
-3.564885
-1.488550
-0.320611
-4.526718
-1.832061
-0.129771
-1.633588
-0.480916
-6.274809
-5.961832
-2.770992
-2.160305
-1.763359
-4.526718
-5.000000
-0.473282
-2.450382
-6.488550
-2.717557
1.274809
-1.114504
-1.389313
-5.488550
-0.106870
-4.732824
0.496183
-1.923664
-3.267176
-6.404580
-2.832061
-0.946565
-3.328244
-3.908397
-0.618321
0.000000
0.335878
-2.236641
-4.374046
-2.694656
-1.595420
0.251908
-4.229008
-3.351145
0.633588
-2.022901
-0.061069
-4.656488
-1.167939
-5.809160
-3.534351
-1.465649
-2.427481
-2.183206
-6.083970
-1.564885
-1.503817
0.038168
-0.755725
-0.870229
-3.427481
-0.656489
0.572519
-5.183206
-3.748092
-3.282443
-3.954198
0.603053
-0.007634
-2.015267
1.389313
0.572519
-2.030534
-3.206107
-0.908397
-2.076336
-3.893130
-2.458015
-1.801527
-2.801527
-2.267176
-1.503817
-3.068702
-0.076336
-1.770992
-0.511450
-3.526718
-4.854962
-3.290076
-0.816794
-3.732824
-6.190840
-8.274809
-6.068702
-2.641221
-1.381679
2.030534
-4.694656
-2.992366
-1.099237
-7.213740
-5.641222
-1.236641
-0.725191
-0.931298
-1.541985
-4.465649
-2.282443
-0.679389
-3.427481
-3.610687
-0.045802
-1.992366
-0.725191
-5.320611
-2.809160
-2.618321
-3.687023
-1.038168
-1.671756
-1.671756
-1.770992
-2.625954
-4.526718
-2.099237
2.732824
-4.809160
1.404580
-3.702290
-2.770992
-0.251908
-1.488550
-2.541985
-2.251908
2.984733
0.007634
1.061069
-2.167939
-1.137405
-0.152672
-2.183206
1.740458
-1.320611
2.122137
-3.114504
0.824427
-3.007634
-0.503817
-1.564885
0.526718
-0.297710
-2.580153
-0.824427
0.061069
-1.923664
0.954198
-1.465649
-4.839694
-3.473282
-3.564885
1.351145
-1.213740
-4.206107
-2.427481
-0.717557
3.587786
0.717557
-1.755725
-5.480916
0.954198
0.519084
-1.244275
-0.992366
-1.137405
-3.045802
2.610687
1.030534
-1.946565
-3.053435
-0.709924
-5.053435
-2.618321
-3.480916
-6.396946
-1.244275
-2.503817
3.610687
-2.419847
-3.099237
0.977099
-1.877863
-5.213740
-1.946565
-3.572519
-7.129771
-0.053435
2.854962
-6.412214
0.305344
0.816794
-1.419847
-10.702291
-11.267176
3.702290
1.045802
-4.221374
-10.328244
-4.038168
4.679389
-1.603053
-12.458015
1.137405
3.549618
-8.557252
-8.335877
3.221374
-0.946565
-9.000000
-7.610687
5.160306
3.587786
-6.267176
-6.656488
1.045802
0.145038
-5.931298
-10.694656
3.320611
-3.534351
-9.664123
-1.229008
6.603054
-6.022901
-7.595420
-3.740458
2.503817
-10.007633
1.633588
-12.671756
-2.419847
2.297710
1.366412
-11.885496
-8.862596
4.625954
-0.625954
-11.038168
4.106870
-3.213740
-13.419847
-4.618320
5.053435
-2.015267
-12.480916
-0.832061
5.412214
-8.320611
-1.763359
-8.877863
1.450382
1.580153
-6.984733
-5.122138
4.099236
-6.977099
-4.305344
5.076336
0.633588
2.129771
-10.099236
-3.694656
1.137405
-12.946565
2.648855
7.145038
-11.015267
5.832061
-11.633588
2.595420
-8.427481
-6.572519
1.305344
-8.251908
4.045802
-11.725191
1.465649
-1.961832
1.267176
-0.877863
-12.435115
2.793893
-6.030534
-10.694656
8.160305
-1.984733
-9.687023
-1.335878
-10.763359
-0.854962
4.671756
-9.923664
-9.648855
0.709924
-0.809160
-9.870229
-6.916030
7.267176
3.458015
-0.206107
-11.061069
1.282443
1.748092
-7.465649
-4.709924
6.198473
-8.068703
-5.450382
-12.900764
-3.809160
4.938931
-8.877863
0.732824
-3.358779
-4.946565
5.053435
-9.206107
0.328244
-8.442748
-1.908397
-5.954198
-10.519084
3.000000
-12.595420
2.564885
-5.091603
-3.152672
2.236641
-9.160305
4.412214
-2.320611
-4.221374
-6.862596
2.335878
-11.549619
1.870229
-9.740458
0.870229
2.473282
-10.335877
3.458015
-10.610687
3.076336
-6.190840
-0.061069
-5.442748
-4.977099
-0.183206
-4.114504
2.114504
-2.465649
-3.190840
-4.091603
-6.000000
-0.114504
0.145038
-5.099236
-1.908397
-3.832061
-3.480916
-3.198473
-4.007634
-2.984733
-1.862595
-3.152672
-3.374046
0.068702
-2.664122
-4.183206
-3.641221
-6.763359
-2.786260
-4.709924
-2.664122
-3.564885
-3.458015
-3.435115
-1.396947
-3.145038
-2.106870
-2.396947
-1.946565
-3.938931
-6.770992
-0.900763
-0.526718
-5.885496
-5.755725
-2.274809
-3.954198
-2.732824
-2.854962
-2.137405
-2.992366
-1.442748
-4.297710
-1.083969
-4.175572
-5.511450
-0.923664
-3.152672
1.045802
-1.526718
-0.618321
-5.412214
-4.549618
0.251908
-2.282443
-1.305344
-1.671756
-3.297710
-5.145038
0.389313
-2.374046
-2.778626
-3.351145
-4.190840
-1.091603
-2.854962
-0.465649
-1.061069
-3.213740
1.824427
-3.305344
-1.702290
0.206107
-4.038168
1.358779
1.557252
-3.580153
-3.824427
-0.488550
-4.778626
-4.473282
-2.343511
-1.190840
-4.137404
-1.267176
-1.725191
-0.664122
0.061069
-4.312977
-6.099236
-0.083969
-3.427481
-1.167939
-5.839694
-0.160305
-2.496183
-1.442748
-0.480916
-2.732824
-0.053435
-1.557252
-1.854962
-2.083969
-2.167939
2.687023
-2.656489
-0.946565
2.908397
-3.160305
-0.839695
-2.229008
1.022901
-2.763359
-0.061069
1.839695
0.870229
-1.900763
2.610687
1.488550
1.534351
-1.328244
3.442748
-1.595420
-1.572519
-0.625954
-0.351145
1.503817
-0.068702
-0.427481
4.229008
-1.282443
3.190840
-1.732824
2.954198
-0.022901
-0.030534
0.488550
-0.122137
-2.778626
-0.267176
-1.801527
-0.770992
-0.045802
0.496183
-1.221374
-1.206107
-3.877863
-0.572519
-4.748092
-0.030534
-0.083969
-3.961832
1.419847
-5.793893
-0.656489
-1.419847
-3.251908
0.824427
-3.404580
-0.564885
-4.748092
0.412214
-3.244275
-1.000000
-3.847328
1.290076
-5.099236
-0.580153
-4.824428
-2.465649
-1.473282
-4.229008
-3.267176
-1.251908
-1.488550
-6.030534
-2.358779
-5.038168
-1.656489
-3.519084
-3.038168
-1.137405
-4.053435
0.969466
-5.137404
-1.091603
-4.290076
-5.847328
-4.442748
-6.832061
-2.839695
-6.267176
0.763359
-4.419847
-3.534351
-3.763359
-4.183206
-3.854962
-4.274809
-3.068702
-4.389313
-1.045802
-3.312977
-2.320611
-3.290076
0.709924
-5.419847
-3.793893
-3.221374
-4.908397
-3.099237
-7.038168
-1.038168
-8.175572
-5.259542
-3.900763
-3.152672
-3.007634
-6.984733
-0.381679
-6.786260
-3.702290
-5.946565
-2.877863
-6.083970
-2.603053
-5.954198
-6.396946
-8.137404
-2.343511
-2.129771
-5.358778
-2.458015
-2.839695
-5.145038
-5.709924
-6.725191
-6.961832
-0.832061
-5.312977
-3.961832
-7.351145
-3.335878
-7.366412
-0.786260
-2.015267
-8.458015
-6.488550
-5.946565
-5.557252
-3.374046
-6.717557
-6.862596
-5.954198
-4.519084
-3.236641
-7.534351
-4.183206
-3.450382
-3.183206
-1.847328
-3.351145
-6.763359
-4.450382
-5.175572
-1.061069
-3.267176
-0.007634
-5.740458
-3.511450
-7.816794
-0.145038
-4.740458
-5.458015
-3.503817
-6.160306
-1.992366
-5.122138
-2.656489
-1.587786
-1.099237
-3.931298
-1.801527
-2.862595
-1.038168
-1.916031
0.083969
-3.732824
-2.549618
-5.816794
-6.160306
-5.129771
0.923664
-1.671756
-1.465649
-4.274809
-2.572519
0.366412
-0.908397
-5.610687
-2.778626
-1.083969
-2.839695
-5.366412
-5.000000
-2.442748
-4.091603
-2.977099
-1.549618
-2.938931
-0.603053
-1.183206
-1.992366
-2.053435
-4.267176
-1.114504
-5.190840
-1.312977
-0.519084
-3.770992
0.167939
-3.519084
-1.343511
-2.847328
-2.099237
-2.076336
-3.801527
-4.557252
-2.946565
-3.045802
-3.908397
0.045802
-0.549618
-2.748092
-4.862596
-1.778626
-0.404580
-4.129771
-0.190840
-2.633588
-1.862595
-3.770992
-4.137404
-1.442748
-3.603053
-3.847328
-3.664122
-1.832061
-1.122137
-4.572519
-1.320611
-3.541985
-2.000000
-0.076336
-4.992366
-1.519084
-3.541985
-3.358779
-4.236641
-3.137405
-2.893130
-0.656489
-1.709924
-3.000000
