2.206107
3.549618
5.465649
3.687023
0.412214
3.106870
7.068702
1.977099
0.145038
5.694656
4.244275
3.038168
5.297710
-0.503817
6.572519
3.793893
2.740458
-0.267176
4.641222
4.381680
2.503817
4.977099
4.419847
4.458015
-0.992366
2.557252
4.961832
5.358778
3.961832
0.977099
1.412214
2.984733
3.450382
2.580153
1.038168
1.274809
6.167939
4.259542
2.419847
-0.816794
2.351145
0.732824
5.183206
4.290076
2.717557
3.129771
3.381679
4.244275
2.358779
5.351145
1.862595
2.221374
0.480916
2.984733
3.679389
3.511450
0.992366
0.671756
5.412214
4.931298
2.702290
4.641222
2.946565
0.969466
3.618321
3.366412
3.267176
3.687023
2.671756
2.236641
5.633588
3.450382
1.045802
1.007634
3.045802
0.473282
2.274809
1.664122
5.793893
2.877863
3.404580
1.564885
3.015267
3.916031
2.244275
-0.641221
1.503817
1.404580
4.267176
1.480916
-0.114504
-0.213740
0.244275
6.175572
1.022901
1.824427
0.854962
1.389313
3.221374
2.786260
4.534351
1.305344
3.320611
-0.687023
-0.137405
2.045802
2.709924
4.595420
4.755725
0.839695
-0.198473
0.702290
2.251908
4.396946
-0.259542
1.618321
1.786260
3.709924
-0.007634
-0.541985
1.007634
3.427481
6.442748
2.244275
5.396946
3.427481
2.351145
2.610687
1.839695
1.297710
0.480916
7.045802
3.167939
5.114504
3.755725
3.328244
2.419847
2.480916
0.687023
1.412214
2.717557
4.358778
2.671756
3.480916
2.351145
4.358778
5.748092
5.274809
4.641222
6.083970
3.221374
4.419847
1.404580
4.389313
1.206107
1.938931
2.427481
3.229008
1.106870
2.068702
1.083969
3.412214
3.167939
-0.824427
3.847328
3.145038
1.229008
2.908397
1.656489
2.274809
0.282443
3.450382
3.290076
1.931298
1.885496
4.145038
2.908397
5.038168
2.557252
4.763359
2.404580
2.206107
4.946565
4.244275
5.839694
2.709924
6.274809
6.526718
3.748092
0.992366
4.068702
5.206107
5.045802
3.145038
3.618321
4.122138
1.312977
3.633588
3.198473
2.786260
4.099236
6.030534
4.770992
4.832061
4.717557
0.992366
4.389313
4.068702
2.908397
2.343511
-0.175573
-1.450382
2.450382
3.435115
4.053435
0.671756
2.167939
2.511450
1.877863
4.091603
4.419847
0.328244
2.778626
1.335878
3.022901
3.374046
1.022901
2.145038
1.312977
1.984733
1.030534
-0.541985
0.778626
2.045802
4.656488
4.717557
2.442748
3.916031
2.778626
4.442748
2.099237
1.160305
4.343512
2.465649
5.030534
1.229008
3.320611
2.519084
3.122137
1.030534
5.679389
5.511450
4.740458
5.129771
2.641221
4.030534
4.900764
5.770992
1.702290
1.129771
1.458015
1.702290
0.274809
4.374046
2.610687
3.083969
2.885496
1.488550
5.931298
-1.923664
2.335878
1.923664
3.015267
4.870229
2.206107
0.404580
2.328244
5.061069
2.198473
4.000000
0.702290
-0.419847
5.145038
4.335878
5.404580
2.557252
1.343511
2.137405
0.343511
4.236641
6.557252
4.206107
2.167939
1.603053
3.946565
2.511450
1.297710
3.114504
3.694656
4.977099
1.427481
2.137405
1.564885
5.297710
7.206107
3.824427
3.068702
3.129771
4.259542
5.244275
4.641222
2.519084
4.282443
3.290076
5.679389
4.374046
5.396946
4.290076
4.000000
0.862595
2.366412
0.526718
1.580153
0.526718
1.000000
1.099237
3.358779
5.366412
2.122137
5.549618
3.435115
1.809160
5.549618
2.778626
1.167939
6.206107
4.259542
2.251908
5.603054
2.274809
1.328244
4.748092
1.893130
-2.190840
2.603053
2.053435
2.404580
3.786260
3.755725
5.740458
2.022901
0.488550
6.549618
3.702290
1.832061
3.297710
5.328244
4.106870
2.732824
0.404580
5.282443
2.656489
2.251908
2.152672
2.786260
7.106870
0.122137
5.167939
1.389313
3.625954
2.351145
3.206107
1.282443
4.038168
4.251908
-0.236641
4.641222
1.312977
3.664122
6.580153
1.145038
5.572519
-1.740458
2.335878
4.480916
3.702290
4.473282
-0.633588
4.671756
-0.045802
2.793893
5.511450
1.251908
-0.022901
1.022901
5.587786
3.244275
1.923664
5.396946
2.206107
5.022901
1.076336
6.877862
5.938931
5.885496
2.358779
-0.732824
2.404580
5.404580
3.442748
4.290076
3.717557
3.893130
2.419847
1.610687
1.412214
4.022901
1.595420
6.633588
4.824428
2.152672
2.145038
1.648855
4.564886
4.572519
5.312977
4.572519
2.969466
2.854962
2.572519
3.641221
1.595420
3.473282
3.977099
3.625954
4.427481
5.419847
1.748092
3.977099
3.236641
3.053435
7.152672
3.404580
6.045802
1.687023
3.938931
-2.129771
0.251908
2.404580
3.496183
3.557252
-1.526718
2.755725
1.229008
2.190840
5.969466
7.076336
3.679389
2.877863
0.732824
6.572519
2.488550
5.137404
5.076336
2.351145
-0.450382
0.083969
0.312977
5.007634
2.328244
6.801527
3.641221
3.335878
1.977099
-0.190840
5.809160
5.343512
7.824428
4.328244
6.389313
3.961832
1.412214
3.946565
3.824427
4.221374
0.625954
1.969466
2.038168
0.580153
4.671756
4.793893
7.038168
3.641221
4.022901
2.045802
4.519084
4.717557
7.129771
4.511450
3.175573
2.977099
4.419847
-1.045802
1.595420
5.007634
5.137404
5.793893
0.770992
-1.648855
5.022901
5.053435
4.770992
4.145038
-0.007634
2.366412
-2.114504
-0.534351
1.175573
2.778626
5.946565
7.305344
-3.603053
0.190840
2.236641
0.984733
5.351145
4.106870
0.625954
1.076336
4.625954
-1.167939
2.129771
1.778626
6.030534
0.244275
4.229008
0.854962
3.572519
4.229008
1.648855
4.519084
1.977099
0.114504
2.320611
2.809160
0.755725
2.022901
1.916031
1.412214
1.801527
5.221374
-0.229008
1.305344
3.320611
5.549618
3.931298
1.923664
1.572519
3.969466
1.282443
0.916031
-1.946565
2.145038
4.389313
1.366412
3.221374
2.091603
4.053435
1.236641
3.755725
5.320611
1.206107
2.709924
3.160305
-1.564885
-0.351145
0.267176
-0.977099
0.282443
1.503817
-1.114504
-0.320611
1.366412
-0.358779
-2.000000
-4.572519
-1.053435
-2.427481
-3.908397
0.045802
-4.641222
-6.541985
-1.427481
-3.511450
-0.839695
-2.343511
-1.969466
-1.839695
-1.183206
-3.946565
-1.206107
1.061069
-0.267176
-2.351145
-1.450382
-2.007634
-2.961832
3.702290
0.977099
2.206107
0.870229
-1.435115
-0.328244
1.572519
0.190840
2.847328
1.259542
2.847328
3.007634
0.816794
0.389313
2.000000
2.671756
3.198473
4.099236
1.862595
2.519084
5.618320
0.137405
1.312977
-0.938931
4.511450
1.091603
0.496183
2.671756
0.274809
0.832061
-0.954198
1.694656
0.221374
1.770992
3.717557
2.328244
2.679389
2.099237
1.412214
3.190840
1.977099
0.961832
4.526718
0.900763
2.969466
0.381679
3.488550
4.541985
4.038168
1.885496
1.351145
1.106870
2.412214
2.679389
3.931298
4.870229
-1.343511
1.015267
1.198473
-3.854962
0.221374
-0.511450
-2.213740
-0.885496
0.633588
-2.458015
2.541985
-0.450382
-5.916030
1.465649
-1.335878
2.351145
0.274809
-2.335878
-0.213740
-6.053435
2.618321
-6.229008
-3.236641
-1.290076
-5.908397
-0.778626
-1.770992
-1.007634
0.145038
-3.610687
0.183206
-3.618321
4.290076
-2.404580
1.740458
-0.992366
-1.145038
3.984733
0.572519
-0.473282
4.038168
4.473282
1.687023
0.862595
4.328244
-0.122137
4.465649
5.793893
2.297710
1.152672
4.770992
3.259542
2.648855
2.091603
5.099236
2.068702
3.580153
4.167939
3.038168
4.099236
3.984733
0.465649
4.167939
2.839695
4.656488
5.541985
0.213740
5.694656
4.267176
0.488550
3.694656
4.496183
0.328244
5.732824
2.610687
1.259542
6.679389
2.908397
0.633588
3.450382
4.541985
4.839694
1.763359
2.145038
4.763359
1.236641
0.732824
5.358778
3.893130
0.969466
4.931298
6.030534
1.603053
4.251908
1.709924
6.091603
1.977099
0.732824
4.541985
1.045802
5.740458
4.213740
0.000000
-2.656489
-0.213740
1.251908
6.503817
5.908397
7.022901
5.167939
4.916030
-2.725191
3.045802
4.595420
2.954198
6.687023
3.465649
2.549618
5.389313
-0.206107
5.122138
8.274809
2.961832
8.259542
2.030534
6.625954
3.801527
8.290076
3.763359
6.961832
4.916030
3.312977
4.190840
1.358779
1.809160
2.755725
6.664122
11.854961
3.610687
10.236641
4.595420
10.549619
4.595420
5.763359
1.129771
0.916031
6.106870
7.053435
12.946565
6.198473
6.282443
2.007634
8.503817
4.190840
2.328244
8.404580
3.450382
6.221374
5.335878
3.458015
2.427481
10.335877
3.183206
6.343512
6.419847
1.206107
4.992366
4.870229
3.465649
5.541985
2.603053
7.664122
-2.328244
1.183206
8.801527
2.503817
7.022901
6.916030
0.221374
3.106870
4.595420
6.175572
3.679389
7.389313
3.427481
2.503817
6.580153
9.862596
9.954199
8.259542
7.335878
4.694656
5.694656
2.000000
5.030534
7.625954
8.610687
4.389313
3.870229
5.244275
5.992366
2.832061
2.618321
-0.007634
0.328244
4.977099
2.725191
5.473282
9.931297
7.458015
4.740458
7.465649
1.015267
3.221374
0.091603
1.687023
0.114504
-0.045802
4.519084
3.183206
3.900763
7.816794
5.740458
6.099236
5.282443
2.519084
-0.633588
-0.244275
0.458015
1.503817
5.198473
8.870229
7.305344
6.717557
4.633588
0.717557
0.000000
1.320611
0.312977
4.038168
3.358779
4.648855
8.374045
1.969466
3.923664
4.450382
-0.061069
8.160305
1.404580
-0.030534
4.251908
-0.473282
7.183206
3.099237
-1.198473
7.190840
-2.335878
4.221374
1.198473
3.557252
3.984733
2.801527
4.129771
4.312977
1.946565
4.832061
-3.358779
4.244275
3.381679
4.221374
5.129771
1.946565
5.114504
3.862595
-0.213740
7.282443
0.984733
2.549618
5.274809
3.938931
2.183206
0.374046
7.885496
0.648855
-0.396947
4.412214
2.862595
-0.534351
9.366412
2.656489
0.511450
3.206107
7.770992
0.946565
1.083969
4.618320
7.305344
2.213740
0.389313
7.854962
7.839694
3.374046
1.992366
4.534351
5.580153
3.038168
-0.160305
4.862596
3.435115
0.053435
1.854962
-2.641221
1.114504
2.625954
0.770992
-2.099237
3.923664
2.778626
-1.236641
5.946565
-2.435115
2.221374
1.534351
-2.351145
2.656489
6.022901
4.259542
1.343511
2.496183
1.259542
-0.335878
-0.557252
2.854962
-2.442748
-2.633588
3.038168
1.389313
-4.068702
2.297710
-0.221374
-1.167939
3.610687
-1.564885
2.274809
-1.511450
3.816794
-1.167939
5.083970
0.816794
2.580153
0.786260
0.427481
5.129771
-3.389313
5.290076
-4.374046
2.603053
-0.541985
4.091603
0.000000
0.564885
-0.145038
-3.473282
3.381679
-4.229008
1.480916
-1.801527
2.000000
-1.793893
2.549618
-0.480916
-2.183206
1.625954
0.206107
-2.259542
0.839695
-4.816794
4.755725
-4.549618
1.732824
-1.923664
0.068702
-3.847328
2.778626
-4.763359
5.625954
-3.259542
3.122137
-2.580153
4.694656
1.129771
2.694656
-0.694656
1.671756
-1.236641
2.160305
3.916031
2.419847
4.274809
-2.221374
4.312977
5.320611
1.099237
6.488550
2.885496
-0.587786
5.770992
0.717557
8.114504
1.007634
6.389313
-3.526718
5.633588
-0.496183
5.045802
2.358779
5.687023
2.496183
4.770992
0.793893
4.610687
8.946565
-2.740458
1.854962
0.251908
6.305344
1.519084
5.717557
4.442748
4.900764
-1.618321
2.381679
3.038168
4.580153
3.679389
4.358778
1.122137
-0.343511
3.381679
0.267176
5.251908
-3.709924
3.786260
-0.335878
5.274809
5.572519
3.923664
2.122137
6.236641
-0.709924
7.473282
0.603053
5.328244
2.824427
4.633588
2.435115
7.404580
0.297710
7.778626
1.786260
7.519084
0.694656
7.229008
1.709924
8.160305
0.015267
3.450382
7.832061
1.083969
5.954198
1.847328
3.328244
0.274809
3.435115
6.595420
-0.992366
2.908397
4.992366
-1.145038
-0.320611
5.297710
-1.229008
0.671756
5.396946
4.877862
0.595420
-0.099237
5.824428
5.297710
0.946565
0.732824
1.572519
4.900764
9.816793
0.801527
2.412214
5.167939
4.595420
0.412214
2.206107
6.725191
-2.992366
6.374046
0.824427
1.412214
7.664122
1.824427
5.603054
4.656488
4.236641
6.007634
4.229008
-0.893130
7.160306
3.022901
9.068703
3.061069
5.709924
-1.442748
2.664122
0.083969
-0.763359
4.839694
-0.885496
7.709924
2.404580
7.244275
0.916031
2.954198
4.931298
0.259542
4.633588
4.152672
2.541985
4.580153
0.091603
4.167939
-0.992366
4.312977
0.335878
2.816794
4.748092
1.633588
4.885496
1.557252
2.916031
0.358779
6.458015
2.381679
4.114504
-0.122137
2.748092
5.404580
5.526718
8.122137
-1.969466
5.503817
0.870229
8.305344
1.534351
1.656489
6.946565
0.603053
8.603053
2.900763
2.480916
2.519084
-0.099237
7.083970
-3.198473
1.534351
5.839694
0.000000
5.297710
-1.167939
2.755725
1.748092
0.671756
0.664122
3.763359
5.992366
1.045802
6.740458
4.679389
5.129771
5.167939
1.900763
3.824427
-1.526718
5.435114
-0.381679
-0.946565
6.404580
2.366412
6.603054
0.190840
7.083970
1.442748
-0.900763
6.786260
0.320611
2.770992
3.587786
-3.267176
3.396947
4.374046
0.702290
4.679389
1.847328
3.900763
7.236641
1.175573
6.503817
-1.847328
3.969466
2.748092
3.045802
5.129771
-0.610687
5.740458
0.114504
2.854962
1.984733
1.236641
4.641222
4.587786
0.824427
5.152672
2.809160
5.190840
7.656488
2.755725
5.595420
-1.312977
4.984733
5.847328
-1.862595
2.328244
6.877862
6.145038
1.816794
2.091603
5.572519
7.618320
-1.114504
-1.106870
5.625954
6.229008
5.167939
4.732824
-0.916031
10.839695
2.198473
-1.412214
5.877862
3.465649
6.114504
5.748092
-0.236641
0.778626
5.992366
7.549618
0.786260
3.809160
4.839694
1.480916
7.893130
1.091603
-0.099237
7.778626
2.694656
6.045802
5.580153
8.725191
4.740458
1.717557
7.534351
3.251908
1.099237
9.122137
3.206107
-0.480916
5.358778
7.770992
-0.259542
3.480916
4.694656
2.740458
1.916031
4.381680
2.312977
0.099237
8.190840
2.801527
-2.145038
4.114504
-3.076336
2.809160
0.465649
-1.374046
4.702290
5.740458
4.068702
-1.259542
-2.343511
4.290076
3.671756
7.183206
0.717557
3.938931
-0.679389
5.038168
-1.717557
6.312977
7.396946
-2.099237
4.091603
7.251908
1.335878
-3.236641
7.618320
1.709924
3.465649
6.954198
-2.541985
3.549618
5.984733
-1.725191
0.740458
5.694656
1.557252
2.656489
4.900764
0.595420
3.167939
3.671756
-0.015267
7.358778
4.251908
-0.190840
6.389313
6.618320
3.664122
2.580153
3.832061
1.671756
1.030534
3.366412
4.282443
2.832061
2.648855
2.404580
6.480916
1.030534
2.801527
3.503817
6.793893
3.442748
-0.206107
4.755725
4.190840
-0.954198
5.160306
5.404580
3.083969
2.412214
0.709924
4.748092
3.335878
1.961832
-0.229008
3.145038
-1.030534
0.450382
6.190840
7.083970
0.603053
0.648855
1.450382
2.335878
7.465649
7.396946
3.534351
4.358778
2.305344
4.786260
0.221374
5.656488
1.893130
4.022901
2.335878
6.206107
1.778626
6.068702
2.664122
2.145038
7.427481
-2.244275
8.656488
2.175573
3.343511
3.175573
3.351145
3.526718
-0.366412
5.068702
4.641222
2.603053
2.480916
-2.297710
6.534351
0.923664
8.282443
2.816794
7.908397
0.786260
4.412214
6.442748
3.083969
6.732824
0.190840
2.099237
6.236641
2.236641
4.435114
2.267176
2.145038
1.595420
6.099236
1.206107
4.877862
1.083969
8.580153
-0.580153
-1.740458
4.595420
4.122138
0.465649
3.786260
3.809160
1.541985
5.450382
-2.809160
4.809160
4.068702
-1.816794
4.267176
3.778626
3.595420
2.656489
3.167939
6.274809
-0.206107
0.618321
7.045802
2.236641
7.641222
-3.557252
8.114504
0.290076
5.816794
0.221374
8.671756
6.801527
2.984733
2.580153
2.473282
7.824428
3.526718
-0.870229
5.236641
3.725191
-0.564885
-0.129771
-0.122137
5.671756
5.870229
7.786260
0.541985
0.687023
4.053435
6.534351
1.618321
2.358779
-1.076336
2.893130
6.908397
4.709924
4.488550
3.595420
-1.725191
7.519084
4.152672
4.641222
0.206107
-3.748092
-0.190840
5.625954
6.748092
3.305344
5.786260
4.267176
8.183207
6.580153
4.404580
2.709924
-1.809160
3.213740
5.786260
6.213740
4.083970
0.519084
6.648855
0.885496
4.702290
6.969466
0.954198
5.419847
1.343511
3.877863
3.030534
0.030534
4.503817
-0.389313
2.671756
1.236641
0.206107
6.381680
0.480916
5.687023
5.961832
-2.015267
3.633588
3.618321
-0.770992
4.618320
1.931298
7.824428
6.526718
2.557252
5.885496
0.633588
4.717557
2.603053
5.992366
1.580153
3.450382
3.694656
4.290076
4.229008
-0.633588
4.091603
-0.083969
6.374046
4.015267
6.587786
3.038168
5.954198
1.183206
1.221374
5.755725
3.091603
1.015267
4.312977
7.251908
2.862595
0.839695
1.709924
4.732824
6.343512
1.396947
3.053435
-2.167939
6.885496
5.450382
4.297710
2.885496
0.328244
2.786260
5.816794
3.557252
3.099237
2.267176
-0.564885
1.068702
6.442748
7.236641
2.137405
2.725191
-0.916031
4.404580
4.007634
6.137404
2.656489
0.320611
2.572519
3.557252
5.557252
6.610687
-1.717557
1.152672
0.900763
4.335878
1.992366
-2.335878
5.465649
3.946565
-2.190840
2.213740
7.679389
1.656489
7.816794
-1.717557
2.358779
4.580153
0.763359
2.465649
4.618320
0.641221
7.473282
3.610687
4.229008
-4.007634
3.007634
6.916030
2.053435
5.832061
3.320611
2.038168
2.152672
6.015267
6.122138
1.656489
4.763359
0.709924
5.954198
-0.312977
5.053435
1.404580
3.282443
5.473282
5.083970
0.961832
-0.374046
1.770992
4.732824
3.839695
3.618321
4.687023
5.007634
4.183206
2.351145
-1.045802
0.961832
8.122137
6.167939
0.091603
2.396947
4.885496
4.152672
1.656489
4.099236
5.648855
3.076336
3.160305
3.984733
5.358778
7.618320
-0.801527
3.877863
7.656488
-3.229008
4.007634
5.068702
1.763359
0.007634
5.473282
7.221374
-0.946565
-1.297710
3.412214
1.389313
-1.229008
3.541985
2.267176
-0.030534
4.297710
4.412214
2.847328
1.687023
-1.633588
4.396946
7.221374
5.954198
1.725191
0.702290
3.648855
4.412214
2.740458
0.801527
2.633588
2.290076
1.167939
3.534351
8.832061
2.572519
2.725191
1.839695
3.938931
3.267176
1.519084
5.946565
6.274809
1.122137
1.335878
3.992366
2.725191
5.045802
0.694656
3.167939
5.893130
2.938931
5.564886
2.564885
3.038168
4.259542
3.961832
-1.770992
2.816794
5.450382
5.564886
2.015267
-1.106870
1.709924
9.045801
3.984733
3.671756
2.625954
4.854962
4.900764
4.053435
5.732824
6.282443
3.091603
0.412214
-0.503817
6.312977
6.381680
4.938931
1.236641
-0.137405
9.015267
2.190840
0.603053
6.305344
4.793893
-0.931298
5.137404
2.190840
2.725191
5.656488
8.053435
2.801527
1.137405
5.625954
6.839694
-2.648855
5.549618
4.625954
1.984733
6.427481
1.381679
0.038168
4.763359
2.801527
1.068702
4.381680
-0.091603
3.656489
4.580153
0.396947
5.625954
4.038168
-2.030534
6.931298
-2.083969
5.404580
2.389313
6.916030
2.160305
4.977099
-1.648855
3.045802
7.435114
-7.312977
6.381680
3.625954
-1.106870
3.938931
3.152672
3.488550
6.648855
3.160305
0.083969
3.404580
3.335878
6.114504
-0.099237
4.267176
4.618320
0.267176
6.625954
3.091603
-0.190840
5.022901
-1.099237
4.267176
3.503817
-0.526718
1.206107
5.885496
2.259542
-1.603053
6.167939
0.129771
3.809160
5.320611
4.541985
4.076336
1.671756
1.595420
1.091603
8.862596
1.106870
7.022901
1.671756
5.725191
2.015267
8.030535
3.000000
7.412214
-1.458015
3.412214
0.564885
4.328244
0.175573
4.595420
5.496183
3.007634
4.465649
2.351145
1.213740
6.320611
2.213740
7.893130
5.595420
2.534351
10.442748
5.564886
3.053435
6.145038
5.374046
7.435114
3.656489
2.923664
8.488549
1.274809
5.244275
2.847328
2.167939
2.206107
3.221374
-1.374046
6.984733
0.198473
6.083970
4.969466
3.129771
1.274809
4.442748
-0.778626
6.335878
1.274809
2.335878
4.694656
4.748092
2.251908
5.893130
4.832061
0.305344
5.778626
-2.396947
4.175572
0.114504
5.145038
2.381679
4.114504
2.412214
4.549618
4.244275
1.129771
1.709924
3.541985
6.328244
1.587786
9.351145
-1.106870
1.641221
6.916030
4.091603
6.190840
1.480916
5.641222
2.305344
1.206107
8.251908
-0.763359
5.893130
1.595420
1.152672
6.969466
3.091603
2.122137
3.496183
2.473282
7.244275
2.419847
-0.900763
3.610687
3.450382
1.801527
3.702290
-2.625954
5.656488
3.167939
1.389313
4.839694
-0.931298
5.977099
7.099236
-2.984733
3.183206
5.824428
2.458015
5.648855
-0.236641
4.801527
0.045802
5.068702
-0.572519
5.671756
2.671756
2.702290
8.396947
2.083969
6.664122
7.671756
0.328244
7.900764
3.160305
0.847328
4.854962
1.282443
6.282443
7.236641
0.305344
4.251908
3.114504
6.213740
-0.442748
3.885496
3.099237
0.328244
4.557252
1.572519
7.496183
4.656488
-2.251908
5.526718
6.465649
-0.763359
3.160305
5.366412
-0.229008
5.870229
1.007634
2.549618
3.343511
4.618320
1.106870
3.862595
6.099236
0.946565
2.068702
4.419847
3.603053
-1.580153
2.839695
7.297710
2.656489
0.274809
0.099237
-0.167939
4.427481
5.549618
0.732824
2.854962
7.106870
1.748092
1.702290
5.900764
3.854962
3.557252
3.610687
3.717557
3.114504
5.305344
3.366412
3.259542
4.732824
5.946565
3.687023
7.381680
3.862595
-0.206107
7.221374
5.152672
-0.358779
3.145038
4.503817
5.625954
6.061069
0.511450
-0.297710
-1.038168
3.503817
5.541985
0.862595
1.679389
7.015267
4.992366
0.374046
2.183206
0.816794
5.900764
6.709924
2.076336
0.732824
-3.122137
1.145038
2.938931
3.335878
3.809160
-1.381679
4.183206
-0.045802
3.267176
5.335878
0.572519
5.572519
-1.809160
1.885496
2.893130
-0.908397
0.954198
1.564885
2.839695
10.305344
7.038168
2.427481
1.893130
-0.862595
-0.725191
0.732824
4.564886
4.450382
4.312977
5.022901
1.007634
-2.465649
4.687023
3.244275
5.450382
6.175572
5.923664
0.916031
1.931298
0.015267
3.473282
5.389313
5.335878
3.129771
6.045802
1.916031
1.343511
2.534351
-0.839695
5.229008
6.541985
1.618321
3.603053
2.977099
-1.167939
4.748092
2.931298
4.519084
6.343512
-2.969466
2.809160
4.870229
4.312977
7.000000
1.824427
3.312977
5.045802
1.564885
7.763359
-1.694656
3.580153
3.923664
3.381679
4.503817
-1.587786
3.213740
5.618320
7.748092
2.496183
7.076336
3.183206
4.167939
-1.022901
-1.847328
4.480916
3.557252
3.061069
1.038168
5.916030
4.923664
-1.083969
5.259542
8.083969
4.007634
6.221374
1.030534
4.083970
-1.778626
3.068702
0.709924
5.763359
3.732824
3.969466
0.358779
4.503817
0.770992
6.984733
-0.320611
5.763359
0.190840
4.931298
3.198473
6.145038
2.190840
2.938931
0.076336
3.030534
4.572519
5.007634
2.809160
5.946565
0.076336
0.633588
5.389313
0.885496
5.297710
1.503817
7.603054
6.923664
5.160306
4.145038
-2.732824
6.068702
6.549618
0.679389
6.839694
3.992366
0.580153
8.900764
1.488550
1.816794
6.488550
-0.022901
-1.564885
4.328244
-0.229008
7.251908
3.053435
-0.709924
6.916030
1.755725
3.801527
5.900764
2.007634
2.175573
5.297710
2.877863
4.465649
4.045802
0.045802
2.534351
4.206107
-0.809160
6.625954
2.625954
1.969466
4.251908
0.816794
4.007634
1.862595
0.847328
2.465649
8.343512
0.351145
6.480916
2.244275
4.083970
3.778626
0.916031
6.625954
3.068702
-1.923664
6.122138
5.419847
2.633588
4.916030
5.435114
-0.305344
5.671756
3.946565
0.877863
8.984733
0.595420
5.717557
1.244275
4.648855
2.916031
6.282443
4.671756
1.564885
4.160306
1.786260
5.000000
0.732824
4.549618
0.305344
6.343512
3.343511
1.297710
0.267176
0.549618
3.832061
1.145038
0.725191
5.687023
4.122138
3.786260
5.480916
-0.320611
7.145038
-3.633588
5.786260
-2.458015
4.267176
3.099237
5.251908
2.618321
6.229008
2.076336
5.297710
0.290076
4.847328
0.885496
6.618320
0.114504
4.610687
-0.664122
2.587786
4.541985
-0.679389
2.175573
2.236641
-2.145038
6.938931
-1.984733
4.549618
-0.129771
2.137405
4.083970
-0.572519
6.801527
4.435114
4.244275
2.992366
4.740458
5.954198
-1.572519
5.694656
4.885496
0.854962
6.038168
2.717557
3.412214
7.396946
0.839695
2.251908
6.458015
1.000000
8.740458
3.122137
5.725191
3.702290
0.694656
0.267176
6.320611
1.862595
2.160305
7.740458
0.038168
5.732824
0.404580
4.396946
-1.312977
1.954198
1.526718
7.083970
1.221374
7.885496
1.274809
6.274809
-1.511450
5.053435
1.221374
7.053435
-0.923664
4.870229
2.961832
3.022901
5.358778
-2.618321
4.946565
2.343511
1.923664
1.213740
-0.801527
5.656488
0.083969
2.503817
4.335878
0.534351
7.763359
2.381679
3.916031
2.290076
4.190840
4.404580
-0.740458
4.740458
-0.396947
-0.954198
4.992366
3.984733
2.198473
6.541985
8.343512
3.396947
0.190840
4.656488
6.824428
-0.977099
2.610687
9.496183
2.541985
5.908397
-0.503817
4.236641
5.870229
1.572519
4.732824
1.183206
8.908397
5.259542
0.167939
8.519084
-0.022901
1.908397
6.213740
2.923664
1.412214
4.221374
5.351145
2.374046
-0.687023
1.312977
5.961832
5.114504
3.091603
5.832061
0.603053
0.847328
5.274809
7.564886
3.488550
0.160305
3.786260
6.167939
0.213740
-0.908397
6.809160
4.412214
-2.106870
7.450382
3.083969
4.641222
3.664122
3.335878
-0.633588
4.488550
1.496183
3.725191
2.351145
9.641221
3.389313
4.847328
-2.709924
4.198473
1.244275
6.221374
4.816794
5.618320
3.312977
4.290076
-0.893130
4.038168
2.992366
7.984733
4.221374
2.816794
2.564885
8.992367
0.320611
6.007634
-0.198473
1.427481
4.992366
2.572519
5.801527
1.068702
3.396947
2.022901
6.916030
-0.458015
7.778626
1.740458
5.351145
0.152672
5.320611
3.335878
5.396946
4.610687
-0.992366
4.175572
3.641221
4.954198
0.893130
6.496183
1.503817
6.022901
3.328244
1.145038
-1.832061
4.969466
2.267176
1.839695
5.847328
-0.358779
5.488550
-0.106870
5.854962
3.702290
-1.206107
6.099236
1.977099
5.213740
8.038168
-1.961832
3.893130
2.503817
1.870229
3.000000
-0.671756
2.893130
8.297709
0.091603
2.305344
5.458015
0.839695
1.450382
5.702290
-1.725191
5.030534
1.541985
3.572519
6.145038
3.458015
3.335878
0.992366
3.992366
-1.618321
5.801527
0.900763
3.381679
4.450382
2.022901
9.274809
2.129771
0.259542
4.946565
8.534351
-1.213740
5.007634
4.977099
2.740458
1.137405
5.053435
5.900764
0.442748
4.335878
1.854962
2.312977
3.572519
4.938931
1.167939
2.572519
1.290076
-2.496183
1.458015
0.007634
2.320611
-3.053435
4.198473
-0.946565
-0.778626
-5.931298
0.465649
-7.709924
-6.015267
-6.396946
-3.893130
-6.687023
-8.511451
-7.648855
-4.587786
-5.961832
-4.938931
-5.992366
-4.694656
-2.312977
-6.541985
-7.412214
-5.251908
-3.251908
-8.007633
-2.534351
-10.877863
-4.198473
-2.916031
-3.961832
-4.343512
-5.824428
-2.763359
2.175573
-5.312977
1.198473
2.045802
3.045802
4.305344
-0.595420
-0.519084
6.541985
3.251908
0.755725
3.374046
8.213740
6.824428
10.396947
14.709924
10.847328
11.717557
12.687023
11.122137
14.053435
13.694656
13.809160
11.763359
16.534351
12.419847
12.297709
16.885496
13.694656
9.572519
14.564885
13.969465
15.450381
13.984733
11.877863
15.190840
17.465649
12.290076
11.343512
16.114504
14.816793
15.854961
15.877863
19.068703
9.786260
14.664123
17.572519
17.389313
12.190840
15.358779
11.160305
16.297710
13.045801
11.251908
5.709924
5.534351
11.435115
7.809160
10.412213
7.305344
6.992366
8.557252
1.664122
2.435115
1.206107
1.358779
1.641221
-1.053435
1.969466
-0.351145
-1.541985
-1.190840
-0.114504
-0.572519
-2.274809
-0.595420
1.641221
0.007634
-3.183206
-2.572519
-2.854962
-4.900764
-7.992366
-7.977099
-9.610687
-8.083969
-4.900764
-7.916030
-6.648855
-7.984733
-9.374045
-9.450381
-4.259542
-8.244275
-9.190840
-6.083970
-7.847328
-7.335878
-8.160305
-8.465649
-6.099236
-7.213740
-5.687023
-5.038168
-4.755725
-7.061069
-9.274809
-9.908397
-10.748092
-10.244275
-6.687023
-7.190840
-6.526718
-5.374046
-7.793893
-6.343512
-10.358779
-9.671756
-9.175572
-7.190840
-4.366412
-6.839694
-4.366412
-7.572519
-7.366412
-12.358779
-6.190840
-9.129771
-5.648855
-5.664122
-4.381680
-7.625954
-6.816794
-6.442748
-8.610687
-8.381680
-8.381680
-12.320611
-4.404580
-5.786260
-5.290076
-11.007633
-6.496183
-4.152672
-3.206107
-4.694656
-6.045802
-10.923664
-4.984733
-0.129771
-1.305344
-5.839694
-2.923664
-2.290076
-3.068702
-3.335878
-1.412214
2.641221
2.725191
6.175572
0.473282
-2.022901
3.351145
2.847328
2.000000
6.282443
2.786260
1.015267
2.419847
6.083970
6.328244
3.977099
6.358778
7.656488
6.221374
9.038168
6.961832
13.381680
11.893129
12.931297
9.328244
12.106871
14.152672
14.351145
16.587786
14.870229
15.312977
18.893129
16.503817
14.824428
11.778625
16.297710
15.152672
15.015267
14.755725
15.076336
17.190840
17.625954
17.190840
13.297709
10.343512
18.847328
14.312977
14.916031
17.106871
17.068703
17.625954
16.511450
13.351145
15.725191
13.679389
20.213741
15.732824
14.206107
14.717557
13.053435
13.832061
16.832062
16.732824
20.465649
18.893129
13.183207
15.969465
17.687023
13.702291
14.877863
17.290077
12.954199
17.236641
17.160305
15.801527
17.580153
19.725191
19.572519
16.969465
15.305344
17.305344
16.809160
16.053434
14.419847
16.656488
14.961832
15.740458
16.450382
15.954199
17.122137
19.893129
18.427481
16.312977
18.557251
16.832062
17.862595
17.053434
16.656488
19.427481
18.290077
18.969465
18.755726
16.305344
18.007633
17.740458
15.519084
18.137405
16.519083
16.938931
16.778625
17.412214
19.015266
16.374046
16.740458
19.793894
18.580153
16.091602
17.290077
19.717558
15.007633
16.587786
16.435114
17.938931
15.877863
15.916031
13.496183
13.450381
17.839695
17.801527
14.015267
16.847328
16.000000
14.709924
14.687023
12.396947
10.297709
3.740458
6.450382
4.175572
0.061069
2.167939
-2.503817
-1.793893
-5.206107
-6.106870
-5.343512
-6.206107
-8.335877
-10.305344
-12.870229
-9.083969
-6.984733
-8.763359
-6.725191
-11.236641
-9.007633
-10.145039
-11.885496
-9.793893
-8.015267
-7.137404
-7.977099
-9.030535
-8.931297
-7.030534
-4.190840
-10.816793
-7.969466
-5.435114
-9.114504
-8.206107
-10.526717
-10.770992
-10.480916
-5.137404
-3.091603
-8.297709
-5.122138
-6.916030
-9.190840
-7.786260
-8.541985
-8.198473
-10.022901
-10.251908
-8.519084
-9.709924
-7.282443
-8.290076
-6.763359
-8.358779
-5.145038
-6.870229
-6.862596
-9.213740
-10.244275
-5.625954
-8.740458
-9.229008
-7.419847
-9.816793
-11.893129
-9.083969
-7.717557
-6.503817
-4.923664
-2.511450
-10.053435
-9.992367
-6.145038
-12.549619
-7.022901
-5.282443
-5.595420
-9.274809
-10.442748
-6.534351
-5.587786
-9.870229
-9.877863
-11.206107
-9.412213
-8.694656
-6.832061
-7.900764
-10.916031
-4.656488
-8.534351
-8.412213
-10.007633
-9.931297
-9.595420
-7.977099
-7.404580
-10.648855
-7.366412
-8.557252
-7.984733
-9.007633
-10.625955
-9.702291
-6.709924
-10.587787
-7.045802
-3.954198
-4.587786
0.022901
1.198473
-0.167939
4.557252
2.709924
1.068702
3.114504
0.916031
3.526718
4.213740
5.099236
9.022901
8.412213
10.587787
8.236641
6.267176
6.587786
7.229008
7.061069
7.358778
6.564886
7.236641
8.167939
7.122138
5.809160
3.061069
6.427481
9.793893
4.389313
6.755725
10.381680
11.625955
10.015267
9.595420
8.122137
7.648855
6.877862
5.809160
9.328244
5.923664
4.755725
4.496183
4.229008
7.251908
4.465649
7.664122
5.541985
5.183206
5.618320
5.824428
4.671756
4.435114
6.694656
4.358778
2.175573
3.045802
3.198473
2.450382
1.908397
4.000000
3.885496
1.137405
3.267176
5.305344
5.656488
4.877862
2.954198
2.694656
6.267176
3.847328
5.358778
3.206107
4.572519
7.129771
4.389313
0.816794
2.427481
2.511450
4.358778
3.244275
3.244275
2.450382
3.229008
0.045802
6.694656
4.770992
1.465649
6.809160
2.770992
2.045802
0.259542
1.793893
0.984733
1.946565
2.221374
0.793893
-1.480916
1.412214
1.053435
1.885496
0.748092
-0.786260
3.511450
6.488550
5.961832
3.496183
2.511450
0.893130
1.778626
1.946565
4.740458
0.351145
2.900763
2.633588
0.427481
2.549618
1.412214
1.938931
1.290076
1.022901
0.465649
4.946565
0.625954
3.732824
3.190840
3.458015
2.000000
1.908397
3.167939
3.022901
2.114504
1.801527
0.832061
3.595420
3.129771
0.473282
6.236641
4.297710
1.480916
1.183206
1.770992
1.687023
5.335878
2.442748
1.175573
1.572519
-1.145038
3.442748
1.076336
1.374046
2.786260
2.206107
2.648855
2.923664
1.877863
3.603053
2.885496
1.297710
1.022901
2.496183
4.885496
-0.412214
-0.068702
1.809160
4.709924
0.045802
2.190840
3.511450
3.778626
1.076336
2.000000
5.145038
0.854962
0.839695
6.007634
3.053435
5.656488
4.435114
6.198473
6.106870
8.824428
4.450382
5.618320
7.366412
10.564885
7.366412
2.687023
6.450382
3.534351
4.267176
6.511450
2.557252
9.190840
5.045802
8.961832
9.152672
6.870229
6.442748
7.053435
5.877862
1.305344
2.923664
-0.022901
1.480916
5.465649
2.396947
5.450382
4.908397
3.190840
2.755725
3.534351
5.061069
8.137404
2.000000
7.450382
3.152672
4.641222
4.671756
4.335878
4.496183
8.633588
7.129771
6.923664
2.763359
6.061069
4.725191
5.290076
3.129771
6.236641
5.282443
3.351145
1.236641
2.259542
2.091603
3.664122
2.938931
5.687023
3.061069
8.068703
2.740458
5.419847
2.488550
4.816794
-3.137405
4.664122
2.969466
5.374046
-1.221374
1.824427
3.022901
1.396947
1.358779
2.526718
2.045802
1.083969
-3.022901
-0.557252
2.488550
2.396947
-1.244275
2.297710
-2.618321
-1.755725
0.061069
-2.923664
-1.801527
2.175573
-0.374046
-0.274809
-6.099236
-5.778626
-0.503817
1.366412
1.885496
-6.190840
-1.114504
0.061069
2.473282
-2.748092
-2.694656
-0.389313
0.541985
-0.633588
-6.290076
-2.885496
-1.534351
-3.114504
-1.572519
-3.900763
-3.030534
-6.236641
-3.709924
0.946565
-5.709924
-3.908397
-4.793893
-3.152672
3.083969
-3.312977
-5.549618
-3.862595
-7.053435
0.885496
-7.396946
0.572519
-0.641221
-3.893130
-2.633588
-1.564885
-2.564885
-3.458015
1.221374
-0.931298
1.526718
0.282443
-1.748092
2.503817
-2.076336
-2.816794
0.854962
2.389313
2.526718
-0.633588
3.091603
2.603053
-1.099237
1.129771
1.961832
-1.694656
0.541985
-1.938931
-0.847328
4.450382
-1.526718
-1.992366
-1.412214
-3.312977
-1.358779
-1.358779
-2.106870
-3.022901
1.916031
-1.977099
5.709924
-2.297710
2.847328
-0.366412
-4.236641
7.374046
-2.778626
1.877863
-3.106870
2.190840
-1.816794
-0.786260
-0.099237
0.618321
0.671756
-3.824427
7.114504
2.412214
-1.022901
5.145038
-0.862595
4.290076
5.106870
0.709924
1.534351
1.847328
1.587786
3.625954
0.099237
4.923664
0.702290
0.763359
4.534351
-2.801527
3.190840
3.358779
1.396947
-0.870229
0.045802
-3.099237
4.725191
-0.083969
1.923664
1.572519
2.480916
-0.793893
1.625954
-1.335878
2.793893
2.839695
-0.259542
1.526718
3.229008
2.900763
2.625954
3.091603
3.816794
-0.259542
2.114504
1.167939
4.175572
3.259542
7.587786
1.961832
2.473282
5.389313
0.969466
4.267176
0.068702
5.854962
4.328244
2.305344
1.290076
7.236641
2.022901
4.564886
4.648855
6.580153
2.557252
1.496183
5.335878
3.938931
3.839695
3.259542
3.824427
4.580153
5.770992
5.908397
4.610687
7.061069
8.458015
5.068702
6.106870
9.297709
3.946565
6.122138
7.198473
9.702291
2.900763
1.854962
3.526718
3.770992
6.778626
3.297710
4.267176
4.893130
4.709924
1.129771
3.083969
5.847328
3.396947
3.603053
5.526718
5.068702
4.312977
3.480916
6.442748
2.641221
7.213740
-0.335878
0.717557
5.450382
0.435115
3.709924
-1.312977
4.740458
-1.236641
-0.183206
2.129771
-0.480916
4.183206
2.854962
6.030534
0.435115
4.900764
0.175573
3.038168
2.022901
-0.305344
1.839695
0.755725
3.595420
-1.801527
-1.221374
-0.931298
3.770992
3.946565
1.198473
0.305344
-1.885496
1.748092
-1.671756
0.083969
3.129771
2.770992
-1.221374
2.045802
2.809160
-2.106870
5.419847
-4.190840
3.816794
-0.160305
3.564885
0.503817
0.664122
-0.679389
0.007634
-0.045802
-4.061069
3.786260
-2.656489
5.954198
-0.984733
-4.549618
5.366412
-0.312977
-0.778626
-3.320611
-3.633588
1.351145
-6.641222
-0.137405
-4.198473
-1.725191
-2.160305
-8.015267
-2.755725
-2.702290
-6.282443
-6.893130
-3.519084
-1.877863
-3.984733
-6.503817
-0.854962
-10.038168
-8.877863
-3.335878
-3.885496
-7.984733
-7.129771
-8.603053
-5.977099
-8.404580
-7.015267
-7.450382
0.977099
-9.687023
-1.137405
-2.213740
-4.541985
-2.984733
-6.900764
-3.534351
-4.496183
-8.961832
-8.198473
-5.923664
-3.809160
-6.862596
-1.847328
-9.427481
-3.244275
-10.732824
-3.526718
-4.763359
-4.290076
-6.931298
-6.435114
-3.282443
-6.259542
-1.778626
-2.694656
-2.480916
0.870229
-1.564885
-1.122137
4.519084
1.091603
5.282443
0.587786
5.755725
0.061069
-0.778626
-0.366412
-2.725191
-2.496183
2.450382
2.503817
8.122137
1.671756
4.320611
4.320611
1.770992
5.893130
2.099237
3.633588
0.519084
3.351145
6.061069
-0.893130
-0.839695
4.145038
1.908397
-0.755725
4.557252
5.732824
-1.152672
5.503817
-1.312977
2.664122
7.969466
2.977099
0.030534
5.381680
3.274809
2.305344
5.030534
2.961832
1.488550
3.183206
4.992366
-0.015267
-1.549618
3.824427
4.312977
1.213740
0.358779
3.511450
0.687023
3.045802
2.259542
1.893130
6.923664
0.717557
4.473282
7.679389
-0.732824
7.229008
1.572519
4.511450
4.648855
-1.977099
6.061069
2.564885
7.175572
1.832061
1.870229
2.229008
-1.160305
4.251908
3.290076
-0.839695
5.473282
1.702290
7.717557
3.534351
4.160306
2.961832
-2.083969
7.847328
-0.961832
4.656488
0.236641
7.801527
4.099236
3.893130
0.122137
7.938931
3.244275
8.740458
2.725191
1.282443
4.236641
-2.465649
5.977099
1.122137
3.068702
1.931298
6.251908
2.183206
4.557252
2.259542
4.496183
3.786260
10.274809
-0.137405
5.114504
1.145038
2.503817
3.419847
2.954198
7.694656
4.564886
4.183206
1.709924
7.129771
1.213740
3.328244
6.282443
2.465649
6.030534
4.679389
2.351145
6.801527
2.366412
8.045801
6.038168
6.000000
5.259542
0.694656
5.526718
6.099236
3.068702
2.045802
7.824428
3.282443
6.175572
2.458015
-0.389313
7.335878
5.847328
4.137404
4.343512
0.083969
-0.931298
3.564885
1.557252
7.435114
3.061069
1.664122
5.000000
2.374046
4.664122
7.740458
-0.358779
1.610687
6.129771
3.404580
6.618320
1.328244
1.030534
2.022901
4.076336
4.091603
5.740458
2.343511
5.992366
8.793893
-0.381679
0.587786
0.183206
1.748092
8.519084
2.160305
6.618320
5.809160
1.145038
3.061069
1.671756
-0.458015
-1.786260
0.816794
-1.832061
3.374046
6.366412
5.763359
5.496183
6.572519
-0.145038
0.259542
1.381679
0.908397
2.992366
7.320611
3.175573
4.366412
3.702290
0.847328
6.511450
8.343512
10.083969
7.129771
5.717557
7.679389
11.045801
13.458015
9.770992
13.511451
11.213740
7.221374
3.633588
10.641221
9.045801
10.938931
13.793893
8.717557
8.099236
10.977099
8.152672
8.404580
6.488550
1.312977
0.885496
0.480916
2.404580
-4.000000
-0.519084
-1.687023
2.572519
1.977099
3.839695
2.732824
-0.045802
-0.938931
-4.435114
-8.488549
-5.541985
-5.480916
-6.954198
-2.366412
-4.251908
-3.244275
-8.893129
-9.595420
-8.900764
-6.473282
-6.648855
-5.114504
-2.450382
-5.274809
-8.870229
-9.526717
-4.045802
-1.106870
-0.419847
-6.648855
-1.992366
-1.801527
-0.648855
0.961832
4.969466
3.160305
0.343511
3.221374
1.473282
7.488550
5.824428
5.603054
4.839694
4.442748
7.152672
8.183207
4.274809
5.709924
4.824428
0.526718
2.679389
6.183206
6.229008
7.725191
7.885496
3.030534
8.000000
6.931298
6.366412
4.961832
3.526718
3.053435
2.473282
1.038168
6.221374
6.305344
9.908397
5.702290
7.305344
6.267176
4.770992
2.801527
8.984733
10.076336
12.549619
9.984733
8.839695
6.923664
1.656489
1.603053
5.282443
6.129771
5.854962
5.206107
1.832061
2.106870
2.022901
7.305344
6.732824
2.526718
0.595420
0.969466
1.114504
7.198473
4.778626
2.755725
2.633588
2.625954
4.625954
4.458015
7.763359
5.045802
-0.763359
2.908397
1.984733
7.351145
6.832061
5.671756
2.053435
6.687023
4.824428
3.435115
-3.885496
2.816794
5.267176
6.251908
4.755725
-0.038168
2.152672
5.786260
1.633588
-1.496183
6.198473
5.290076
1.816794
0.396947
6.618320
7.389313
3.229008
0.251908
1.862595
8.694656
6.633588
4.229008
2.977099
10.824428
9.526717
7.099236
4.580153
10.099236
7.045802
11.450381
14.877863
10.778625
7.656488
12.412213
13.717557
13.511451
11.458015
9.679389
9.961832
5.519084
4.541985
7.572519
9.190840
10.290076
8.061069
3.938931
7.900764
5.801527
4.305344
1.564885
3.480916
8.671756
5.694656
-2.000000
4.786260
7.496183
0.847328
3.083969
5.954198
2.564885
1.320611
0.580153
4.732824
0.603053
-2.106870
0.541985
5.832061
-0.885496
-2.076336
-4.114504
2.687023
5.511450
-0.061069
-2.549618
0.694656
-4.244275
-3.809160
0.236641
3.099237
5.458015
2.572519
-0.404580
-3.312977
1.358779
-2.030534
-4.099236
-4.374046
1.274809
1.488550
4.129771
0.381679
-0.931298
0.297710
5.251908
0.358779
-0.244275
-1.618321
-1.335878
-0.068702
3.687023
-2.229008
-0.343511
-1.770992
3.679389
0.740458
-2.862595
-1.847328
-5.145038
1.748092
0.007634
-2.587786
-3.183206
-0.427481
2.305344
-6.931298
1.244275
-0.145038
-6.068702
-1.343511
0.648855
-2.770992
-1.778626
0.595420
-2.503817
-3.770992
2.045802
-1.038168
-4.534351
0.816794
1.106870
-1.496183
-1.419847
-2.244275
-1.412214
2.244275
2.496183
0.083969
2.259542
3.900763
5.419847
-3.503817
-3.320611
-3.137405
-2.564885
0.076336
2.045802
2.748092
-0.091603
-1.396947
0.580153
3.816794
2.000000
-1.648855
-3.893130
-1.755725
-3.709924
-3.290076
-2.114504
-1.129771
-1.396947
-1.465649
0.870229
4.221374
3.152672
3.832061
2.290076
-2.312977
4.480916
1.083969
1.473282
3.488550
7.664122
2.961832
5.328244
6.832061
6.290076
5.022901
2.183206
5.625954
9.755725
9.435115
11.274809
3.702290
6.206107
7.770992
10.717557
8.328244
6.526718
10.778625
13.526717
16.702290
14.145039
9.190840
5.801527
8.633588
10.274809
11.854961
11.114504
9.702291
10.938931
15.679389
15.259542
15.381680
14.114504
10.664123
7.770992
12.404580
8.854961
10.946565
12.580153
15.259542
17.183207
14.916031
11.984733
11.633588
9.702291
8.748092
10.740458
12.458015
14.954199
7.816794
5.435114
8.946565
9.335877
6.427481
7.595420
4.603054
3.099237
8.969465
5.435114
1.977099
6.267176
9.213740
3.404580
-0.145038
3.312977
7.633588
-1.328244
-1.007634
2.687023
0.458015
0.564885
4.328244
1.511450
3.167939
2.000000
-4.580153
-1.832061
-3.641221
-7.389313
-4.129771
-2.725191
-6.801527
-5.801527
-0.129771
-5.526718
-6.106870
-0.412214
-1.328244
-2.931298
-3.832061
-4.580153
-4.938931
-2.122137
-0.435115
-3.839695
-5.587786
-5.022901
-7.244275
-5.236641
-9.534351
-10.106871
-8.557252
-3.519084
-6.190840
-12.900764
-4.068702
-12.343512
-7.679389
-5.603054
-6.328244
-2.908397
-3.480916
-6.801527
-6.175572
-11.251908
0.717557
-2.770992
-8.732824
-8.847328
-9.305344
-6.015267
-2.755725
-12.076336
-5.786260
-5.603054
-6.786260
-2.167939
-7.335878
-0.229008
-5.793893
-3.870229
-2.946565
-5.496183
-4.335878
-4.687023
-4.900764
-5.015267
-10.305344
-3.961832
-6.274809
-2.045802
-4.816794
-4.740458
-5.198473
-3.137405
-0.778626
-2.977099
-5.335878
-0.488550
-7.045802
3.145038
-7.251908
1.870229
-1.267176
-1.748092
-1.641221
-0.847328
-1.473282
2.442748
-0.198473
2.083969
-0.381679
-0.549618
0.816794
-0.022901
-1.221374
-3.091603
-3.511450
0.793893
2.061069
1.091603
0.816794
0.702290
0.877863
0.320611
3.656489
-1.076336
2.923664
-0.412214
5.137404
3.702290
0.458015
2.366412
-1.229008
1.091603
4.358778
4.717557
1.870229
0.709924
2.091603
-1.076336
2.114504
4.290076
3.885496
2.122137
4.076336
1.595420
2.175573
1.946565
3.221374
5.687023
3.770992
2.190840
4.435114
1.900763
4.442748
3.160305
2.091603
6.458015
-1.480916
7.274809
-0.038168
3.709924
6.717557
-1.740458
5.625954
-0.145038
6.427481
0.610687
0.526718
5.114504
0.503817
0.076336
5.251908
5.000000
1.977099
-1.427481
1.847328
3.763359
-0.480916
5.564886
4.335878
1.297710
1.702290
2.183206
5.847328
3.374046
0.961832
1.618321
2.847328
2.458015
3.496183
2.053435
-0.679389
7.641222
3.511450
4.000000
1.328244
3.198473
-1.106870
4.114504
2.412214
3.320611
2.206107
-2.366412
3.687023
1.137405
3.381679
5.816794
2.618321
9.862596
6.038168
1.549618
0.053435
0.526718
6.229008
3.786260
0.732824
4.083970
5.564886
7.038168
1.167939
1.106870
7.114504
3.786260
1.381679
6.022901
1.801527
5.832061
5.541985
4.007634
6.671756
4.335878
5.694656
3.427481
6.427481
7.488550
2.488550
2.770992
5.503817
3.198473
3.625954
0.236641
1.450382
3.519084
6.061069
10.969465
11.488549
6.595420
7.175572
9.496183
11.343512
9.870229
10.625955
7.839694
11.190840
11.114504
13.274809
12.847328
14.931297
11.465649
13.633588
13.305344
11.725191
11.984733
13.946565
13.167939
13.083969
11.801527
15.977099
16.236641
14.984733
9.358779
8.305344
14.725191
17.587786
18.244274
15.152672
9.625955
12.526717
14.732824
15.099236
13.175572
9.793893
13.122137
15.396947
13.916031
16.106871
14.534351
15.931297
12.458015
15.282443
15.114504
15.732824
11.954199
19.496183
16.267176
14.717557
15.312977
12.633588
17.137405
13.167939
13.847328
13.366412
16.595419
11.519084
12.282443
17.564886
11.091603
15.396947
12.870229
15.404580
10.923664
18.839695
14.595420
16.198473
19.526718
10.770992
18.259542
14.129771
15.381680
13.961832
21.465649
11.786260
15.503817
16.862595
11.091603
20.351145
13.190840
17.687023
12.755725
15.312977
16.954199
8.977099
22.045801
11.229008
17.053434
10.618320
17.549618
17.206106
5.282443
22.381680
11.129771
15.801527
12.824428
19.755726
14.587787
14.717557
15.541985
12.229008
19.022902
8.603053
15.893129
10.595420
11.404580
16.381680
17.091602
13.251908
15.778625
15.511451
12.274809
17.022902
11.572519
16.244274
14.137404
19.160305
13.061069
18.114504
16.053434
16.786259
14.374045
11.412213
15.099236
12.656488
14.763359
19.381680
17.511450
16.564886
12.076336
11.068703
14.885496
16.175573
14.106871
17.335878
13.847328
15.900764
16.000000
16.687023
15.198473
13.969465
18.122137
19.076336
11.366412
12.038168
14.572519
18.419847
16.419847
19.137405
13.427481
16.885496
12.847328
16.396946
15.610687
15.503817
19.358778
16.732824
18.824427
13.824428
12.045801
12.022901
15.816793
15.412213
16.267176
13.824428
16.435114
16.122137
15.419847
14.671756
17.824427
13.458015
13.946565
17.435114
14.755725
15.748092
17.534351
18.328245
20.076336
12.992367
14.687023
13.557252
12.854961
17.374046
17.526718
18.091602
18.335878
14.381680
12.114504
13.656488
12.778625
19.450382
16.068703
16.908398
16.305344
18.137405
16.595419
13.793893
14.419847
15.977099
13.419847
15.061069
12.709924
15.877863
13.732824
12.770992
13.557252
16.000000
12.854961
16.167938
15.961832
12.702291
14.015267
16.297710
16.129770
14.068703
14.969465
16.290077
16.839695
19.030535
16.473282
17.938931
14.007633
16.076336
14.732824
14.259542
12.618320
12.633588
5.671756
13.427481
11.526717
11.374045
7.809160
10.122137
5.732824
5.312977
5.305344
1.595420
1.755725
0.198473
-2.343511
-2.175573
-3.816794
-5.572519
-8.160305
-7.396946
-4.366412
-6.916030
-9.816793
-9.511451
-6.770992
-8.106871
-3.763359
-9.480916
-9.106871
-6.015267
-8.450381
-6.862596
-6.572519
-8.244275
-11.099236
-11.099236
-12.801527
-6.931298
-7.717557
-5.396946
-6.282443
-7.839694
-8.832061
-10.206107
-10.717557
-5.213740
-8.717557
-7.977099
-6.152672
-9.450381
-5.503817
-7.473282
-3.488550
-5.106870
-8.938931
-7.122138
-8.572519
-6.580153
-4.770992
-7.145038
-8.717557
-8.580153
-10.854961
-8.778625
-11.412213
-8.099236
-9.687023
-8.618320
-10.152672
-6.244275
-7.122138
-9.389313
-6.610687
-3.687023
-4.396946
-4.427481
-5.961832
-8.938931
-9.511451
-5.587786
-10.595420
-6.503817
-6.389313
-6.610687
-9.022901
-9.145039
-10.923664
-9.175572
-7.755725
-5.908397
-9.664123
-9.770992
-5.916030
-10.564885
-6.190840
-5.534351
-8.633588
-9.374045
-6.419847
-8.740458
-6.068702
-5.656488
-6.328244
-8.564885
-9.381680
-7.206107
-5.389313
-7.824428
-5.175572
-4.541985
-3.893130
-8.106871
-5.671756
-4.167939
-6.732824
-8.580153
-7.564886
-4.992366
-6.496183
-5.473282
-8.610687
-8.038168
-5.297710
-7.725191
-4.236641
-12.045801
-7.328244
-8.312977
-7.969466
-4.847328
-10.633588
-8.412213
-11.458015
-11.488549
-8.282443
-10.442748
-9.366412
-9.625955
-9.229008
-6.106870
-8.328244
-12.183207
-9.954199
-10.969465
-11.290076
-10.122137
-9.969465
-11.328244
-11.641221
-4.824428
-10.877863
-8.633588
-10.175572
-10.374045
-6.450382
-10.900764
-5.099236
-8.389313
-9.564885
-5.938931
-2.778626
-10.061069
-4.656488
-7.770992
-5.549618
-0.778626
-5.916030
0.267176
-9.549619
-3.877863
-0.458015
-3.961832
-0.770992
-2.236641
-2.122137
2.839695
-6.633588
0.053435
-3.152672
3.328244
2.893130
1.725191
-4.145038
3.656489
2.122137
-2.496183
3.175573
3.992366
-2.160305
0.106870
2.145038
2.809160
-2.770992
-0.206107
-0.450382
4.114504
-3.053435
4.511450
-4.717557
3.809160
-4.488550
3.206107
-0.839695
2.572519
-2.793893
-6.816794
5.450382
-3.885496
0.916031
5.053435
4.473282
3.175573
0.114504
5.870229
1.801527
-0.236641
0.496183
4.572519
0.893130
1.045802
1.854962
6.320611
7.748092
7.244275
6.809160
5.442748
6.396946
5.381680
10.809160
4.297710
9.732824
3.847328
-0.335878
8.091603
6.587786
1.106870
2.671756
5.885496
4.931298
2.671756
1.282443
-1.129771
3.709924
6.916030
8.541985
2.404580
3.160305
5.862596
5.442748
5.549618
1.702290
5.633588
2.534351
5.305344
6.366412
2.244275
2.244275
1.847328
5.351145
4.893130
2.511450
-0.083969
2.404580
6.000000
4.801527
3.717557
1.664122
-3.748092
3.709924
4.923664
3.290076
1.763359
5.114504
2.564885
-1.358779
-1.984733
3.870229
4.984733
6.366412
1.625954
0.358779
0.954198
-0.068702
3.519084
4.435114
3.770992
4.908397
2.618321
2.465649
1.732824
5.389313
1.877863
4.671756
3.938931
4.167939
5.725191
0.824427
3.022901
2.969466
2.717557
6.206107
4.297710
2.465649
3.122137
4.274809
5.152672
5.496183
6.305344
7.969466
4.793893
3.442748
-0.160305
5.473282
7.290076
2.610687
1.992366
0.893130
5.091603
4.732824
5.267176
6.648855
7.206107
6.419847
4.305344
1.610687
1.625954
4.786260
2.152672
3.022901
3.633588
5.305344
2.923664
5.725191
4.541985
3.725191
4.770992
5.770992
2.221374
3.923664
4.221374
-0.908397
0.312977
2.251908
4.328244
2.183206
5.763359
3.343511
6.221374
0.526718
1.931298
2.625954
2.679389
3.213740
3.725191
3.847328
0.503817
2.709924
2.541985
0.770992
4.083970
5.328244
6.580153
-1.290076
5.824428
0.877863
0.664122
2.381679
4.038168
2.419847
3.618321
0.977099
-1.938931
6.916030
2.992366
3.358779
4.045802
-0.503817
3.274809
4.801527
3.709924
6.870229
5.854962
4.778626
3.603053
6.778626
1.938931
5.801527
5.305344
5.129771
3.465649
7.549618
0.969466
1.824427
3.335878
5.297710
2.931298
3.877863
8.198473
4.992366
8.740458
5.206107
7.152672
6.786260
4.183206
4.106870
6.221374
3.022901
-0.938931
2.656489
-0.389313
2.641221
5.259542
3.587786
5.358778
3.038168
3.122137
3.687023
4.145038
3.824427
2.908397
0.732824
3.770992
6.129771
5.083970
2.366412
3.893130
2.832061
0.755725
4.748092
0.091603
4.442748
1.587786
4.206107
5.076336
1.419847
4.458015
1.244275
8.969465
-0.694656
2.503817
1.656489
1.427481
4.473282
6.236641
0.770992
3.549618
-0.343511
2.030534
6.076336
3.564885
2.198473
2.496183
5.618320
3.809160
3.015267
4.809160
6.343512
2.374046
1.442748
4.595420
6.007634
1.969466
6.633588
-0.152672
4.175572
2.938931
2.709924
-1.541985
5.458015
1.641221
1.557252
-0.152672
2.801527
2.916031
2.816794
1.870229
3.984733
6.465649
3.664122
-0.251908
2.015267
-1.755725
4.343512
3.984733
5.877862
0.015267
4.870229
2.610687
5.564886
0.824427
4.748092
0.267176
3.351145
3.404580
2.198473
2.076336
2.595420
5.091603
4.083970
5.809160
0.244275
7.916030
4.091603
5.709924
5.702290
3.351145
3.473282
0.610687
-0.312977
2.442748
-1.183206
9.244275
2.022901
6.030534
-1.877863
0.694656
5.083970
-1.954198
5.404580
1.213740
4.267176
4.236641
0.885496
6.519084
-0.641221
2.732824
2.351145
1.870229
6.671756
0.374046
1.312977
4.648855
5.908397
0.687023
2.045802
8.129771
-2.404580
7.916030
1.389313
4.648855
8.564885
-1.053435
0.900763
3.305344
4.068702
-1.259542
4.480916
-1.412214
5.251908
-1.396947
3.900763
4.656488
3.564885
-3.603053
1.396947
-1.977099
5.549618
-0.587786
5.992366
-1.213740
6.167939
-1.343511
-2.396947
1.854962
3.618321
1.145038
0.503817
4.900764
5.106870
-1.572519
6.732824
-6.290076
4.809160
-0.549618
4.099236
6.610687
-1.061069
-2.129771
-4.358778
-1.938931
0.984733
3.320611
4.824428
4.358778
3.770992
2.015267
5.480916
0.786260
3.572519
5.290076
-1.893130
3.083969
5.358778
-3.572519
4.824428
2.206107
0.038168
0.809160
4.961832
-0.847328
2.572519
5.244275
1.206107
3.740458
-2.633588
-0.374046
3.847328
-0.480916
1.656489
4.755725
4.725191
-1.854962
-1.854962
4.908397
7.717557
4.732824
3.648855
3.320611
1.572519
4.076336
1.687023
2.557252
2.465649
5.793893
2.587786
2.175573
4.137404
3.748092
2.595420
7.076336
5.923664
3.442748
4.282443
7.114504
6.022901
7.152672
2.610687
4.114504
3.335878
5.396946
7.519084
6.038168
7.877862
1.549618
7.610687
3.763359
9.648855
6.679389
7.893130
5.916030
1.389313
7.717557
7.244275
2.473282
9.236641
0.854962
4.541985
2.969466
6.816794
5.305344
3.618321
4.236641
2.099237
7.954198
4.091603
6.564886
1.343511
4.954198
2.022901
5.396946
0.900763
5.419847
5.259542
2.145038
-3.106870
6.045802
3.061069
6.137404
2.007634
5.549618
5.793893
3.374046
2.671756
2.091603
-2.229008
2.534351
-0.244275
-3.412214
-0.396947
-5.526718
-2.068702
-0.450382
0.786260
-1.740458
0.709924
0.106870
2.671756
2.694656
-1.022901
2.366412
-4.633588
4.961832
3.206107
-0.854962
6.572519
0.847328
-0.412214
3.076336
-2.717557
5.190840
-4.801527
6.343512
-1.908397
1.671756
-1.099237
-0.312977
-1.587786
1.625954
2.114504
-1.541985
2.328244
-2.381679
2.320611
-6.793893
3.442748
7.755725
-4.595420
-1.396947
8.549619
-2.610687
0.076336
-1.396947
1.694656
2.229008
1.938931
-2.977099
2.320611
2.465649
3.832061
-0.900763
0.343511
4.961832
1.854962
0.068702
6.847328
7.801527
3.664122
-2.557252
-0.290076
3.572519
3.305344
3.908397
1.305344
-4.763359
4.877862
3.175573
5.229008
2.083969
3.580153
4.717557
4.129771
5.198473
4.190840
1.580153
4.061069
1.900763
3.145038
2.473282
1.549618
2.045802
5.908397
3.595420
3.702290
6.740458
4.618320
2.893130
1.183206
0.702290
4.931298
-0.015267
1.190840
5.244275
5.297710
3.633588
7.183206
-0.595420
2.725191
8.000000
2.160305
0.770992
8.366412
4.969466
9.000000
4.022901
0.809160
9.778625
2.961832
9.549619
-1.862595
4.175572
2.908397
-2.664122
-0.213740
-1.251908
-0.725191
2.496183
1.122137
0.725191
3.961832
2.167939
-1.725191
2.213740
0.114504
0.312977
1.114504
1.809160
3.725191
7.282443
8.099236
11.442748
10.022901
3.038168
3.351145
4.038168
8.969465
3.541985
5.312977
-2.763359
4.183206
-1.320611
3.854962
2.160305
4.916030
-2.412214
0.870229
2.648855
2.740458
7.709924
-2.007634
4.335878
1.511450
4.236641
3.091603
-0.160305
0.931298
5.015267
5.534351
-2.435115
6.030534
7.412214
2.007634
7.908397
1.931298
7.854962
3.442748
-0.885496
5.427481
6.061069
1.839695
-3.083969
6.145038
5.076336
2.045802
4.007634
5.076336
1.381679
-1.633588
3.931298
7.526718
0.725191
-1.755725
7.549618
4.213740
4.312977
-2.748092
-0.473282
7.251908
2.015267
0.473282
3.496183
1.358779
5.290076
7.198473
-0.244275
4.221374
4.519084
3.526718
6.396946
7.503817
9.221375
4.190840
5.709924
5.618320
3.832061
7.648855
9.320611
6.053435
9.511451
1.664122
6.870229
8.519084
6.190840
11.152672
4.740458
10.610687
5.564886
11.832061
7.725191
8.068703
10.969465
5.167939
7.702290
8.847328
8.458015
5.778626
11.229008
5.954198
8.854961
7.053435
-0.282443
5.671756
4.938931
7.366412
4.190840
3.503817
-0.633588
3.916031
7.648855
3.526718
6.312977
4.748092
5.664122
-0.030534
5.145038
4.427481
1.297710
7.312977
1.297710
6.564886
0.152672
6.541985
2.725191
4.511450
5.488550
4.534351
0.442748
6.145038
2.938931
6.190840
0.351145
7.740458
3.198473
2.435115
1.671756
6.053435
2.358779
9.877863
0.877863
6.595420
0.938931
4.122138
0.290076
8.091603
-0.465649
3.519084
-1.824427
6.450382
-0.526718
3.900763
-0.061069
5.702290
-1.854962
2.328244
-2.610687
6.190840
0.061069
2.358779
2.603053
-1.839695
5.885496
-3.610687
2.725191
1.816794
-1.839695
4.053435
-1.404580
3.000000
-2.251908
-1.541985
-2.587786
-1.839695
3.702290
-4.198473
3.267176
2.648855
2.183206
-2.938931
2.946565
-4.572519
0.007634
1.496183
-3.412214
5.755725
3.236641
5.221374
-0.519084
4.496183
-0.435115
-1.748092
3.946565
-2.755725
3.068702
-2.564885
3.404580
0.503817
4.167939
-1.870229
6.106870
-1.053435
0.480916
-1.870229
-1.030534
-1.000000
3.465649
-0.740458
3.748092
-1.511450
1.854962
0.374046
0.282443
5.816794
1.740458
0.572519
0.328244
8.473283
0.702290
6.022901
7.977099
1.893130
8.000000
4.702290
1.625954
6.000000
4.000000
10.076336
-0.458015
9.549619
1.664122
8.076336
3.129771
8.679389
4.625954
2.854962
6.106870
0.267176
9.366412
4.412214
7.946565
2.816794
6.419847
0.725191
5.725191
4.839694
3.664122
4.992366
6.236641
5.244275
5.198473
6.916030
7.328244
3.748092
7.664122
9.946565
5.259542
6.641222
2.618321
4.099236
5.465649
1.816794
7.465649
5.633588
5.931298
2.343511
2.122137
4.396946
4.809160
4.473282
2.290076
3.870229
2.992366
5.763359
3.519084
2.748092
0.244275
3.572519
0.923664
2.702290
3.641221
0.251908
8.221375
1.916031
5.396946
3.015267
1.480916
4.320611
3.251908
-1.000000
5.045802
4.106870
1.664122
-0.297710
2.938931
-1.603053
-0.167939
3.526718
1.183206
-2.648855
3.709924
4.106870
-0.419847
1.809160
2.885496
1.496183
-0.511450
0.877863
-0.908397
3.923664
2.519084
1.702290
0.312977
0.396947
-2.473282
-0.206107
-2.503817
1.419847
3.442748
-2.358779
4.839694
3.091603
2.488550
3.267176
2.106870
0.900763
1.931298
3.274809
5.511450
-2.419847
2.381679
-2.129771
4.343512
-0.618321
1.381679
-2.068702
0.343511
3.297710
5.908397
-1.503817
2.068702
5.572519
-0.030534
0.305344
-0.862595
5.290076
-0.633588
-0.290076
6.877862
-1.961832
-0.381679
4.580153
-2.557252
4.435114
-0.297710
-0.465649
5.022901
1.503817
0.297710
2.526718
-1.129771
0.503817
5.396946
2.000000
5.648855
6.702290
-0.244275
6.305344
-1.572519
6.946565
0.221374
5.648855
3.244275
-1.923664
4.732824
-2.732824
5.458015
0.221374
5.671756
-3.725191
3.534351
4.793893
1.587786
4.091603
-2.954198
1.511450
0.862595
-1.732824
2.435115
0.206107
1.702290
4.702290
-0.412214
0.534351
7.748092
8.503817
-2.465649
-0.068702
2.946565
0.992366
-0.129771
2.770992
-0.534351
2.244275
5.755725
2.450382
-2.358779
0.938931
0.389313
7.687023
-2.198473
0.564885
3.748092
-0.236641
2.114504
1.450382
1.572519
-1.251908
1.099237
2.541985
3.381679
3.633588
0.229008
2.282443
-0.938931
1.977099
0.442748
0.450382
3.450382
1.740458
-0.862595
-0.595420
-0.511450
2.694656
0.610687
2.206107
3.404580
-2.473282
-1.702290
-1.030534
0.854962
5.053435
-0.076336
-3.725191
1.160305
-1.030534
0.244275
5.015267
2.145038
-2.900763
3.656489
4.732824
1.610687
4.045802
4.526718
4.687023
4.068702
1.366412
8.000000
6.305344
4.732824
6.190840
3.389313
5.725191
1.503817
2.152672
2.984733
2.862595
5.832061
-0.167939
5.786260
2.900763
4.603054
3.358779
3.335878
9.511451
0.251908
6.190840
5.625954
4.961832
1.549618
3.213740
3.923664
-1.519084
3.954198
4.687023
4.076336
6.274809
2.015267
4.381680
5.343512
5.595420
0.549618
1.534351
7.572519
5.030534
-0.038168
7.198473
3.122137
3.916031
7.900764
3.465649
5.549618
4.335878
1.015267
7.221374
2.282443
1.893130
2.870229
4.862596
7.206107
1.541985
6.053435
4.091603
2.763359
8.877863
2.229008
3.671756
4.587786
1.992366
6.633588
2.480916
6.687023
-2.419847
5.190840
6.717557
2.778626
1.862595
4.396946
5.412214
2.893130
1.587786
1.465649
3.725191
4.221374
4.832061
4.419847
6.160306
0.290076
0.824427
-0.564885
2.877863
7.786260
7.206107
4.809160
5.519084
5.091603
5.328244
4.236641
-0.053435
3.740458
1.145038
1.709924
-1.610687
-0.335878
4.679389
2.839695
4.106870
-0.099237
3.099237
6.251908
4.870229
6.801527
3.335878
1.595420
-0.213740
5.610687
1.572519
3.633588
5.984733
4.442748
3.656489
-0.343511
6.580153
0.618321
1.488550
-0.473282
6.320611
1.488550
3.816794
4.564886
5.389313
1.496183
4.320611
3.877863
3.900763
4.580153
6.908397
5.847328
6.007634
1.496183
5.343512
1.564885
5.076336
5.396946
2.465649
8.068703
5.335878
8.877863
8.259542
5.809160
7.748092
5.595420
6.236641
8.877863
6.282443
5.412214
8.488549
6.381680
6.618320
9.305344
4.190840
9.885496
6.992366
7.305344
5.496183
3.564885
6.717557
8.870229
2.412214
4.687023
6.122138
4.847328
7.587786
5.839694
4.496183
6.015267
3.931298
7.992366
4.221374
7.633588
-0.106870
6.145038
3.786260
7.977099
6.671756
4.877862
7.030534
2.496183
7.946565
1.793893
5.106870
2.984733
0.702290
4.236641
5.083970
-2.290076
7.641222
-0.282443
7.893130
0.694656
4.290076
5.160306
1.503817
3.183206
0.229008
5.068702
-0.030534
6.442748
0.748092
5.038168
5.083970
2.908397
5.129771
4.885496
6.549618
2.969466
3.091603
6.343512
-3.580153
4.480916
-3.312977
3.114504
3.748092
0.381679
-1.358779
1.748092
1.580153
0.824427
5.419847
0.068702
0.938931
-3.030534
2.213740
-1.595420
3.564885
1.893130
1.328244
0.236641
-0.206107
5.274809
-3.099237
5.610687
0.030534
3.946565
1.984733
2.648855
4.832061
0.786260
1.412214
5.419847
1.267176
3.000000
4.427481
1.679389
-1.045802
-0.297710
4.381680
2.259542
2.793893
2.847328
2.984733
5.862596
0.083969
3.076336
3.923664
3.702290
3.511450
3.732824
7.832061
5.366412
4.725191
4.427481
6.206107
3.503817
-1.343511
3.015267
2.587786
3.908397
2.206107
2.068702
1.091603
1.702290
5.816794
4.122138
0.190840
4.358778
1.557252
3.145038
1.427481
4.801527
1.549618
6.931298
2.786260
4.877862
0.664122
1.366412
2.633588
3.778626
-0.480916
2.404580
6.305344
3.526718
0.274809
1.381679
-1.114504
0.755725
4.870229
2.175573
1.358779
0.679389
0.488550
1.534351
4.862596
2.839695
2.282443
0.732824
4.015267
1.297710
2.198473
4.244275
4.511450
4.755725
0.412214
1.931298
6.603054
3.152672
-2.572519
2.625954
-0.671756
0.610687
3.709924
-0.832061
5.343512
2.106870
1.488550
-6.160306
4.435114
4.183206
-3.099237
4.541985
3.900763
2.969466
1.824427
3.572519
1.145038
1.389313
3.045802
1.183206
2.488550
3.801527
2.534351
3.312977
5.267176
6.412214
9.274809
0.526718
4.076336
8.381680
2.030534
4.854962
8.229008
7.549618
3.633588
3.122137
7.648855
8.641221
10.458015
5.755725
5.625954
14.885496
12.038168
9.839695
10.625955
8.282443
7.839694
9.488549
10.198473
4.641222
6.824428
9.076336
13.656488
13.885496
12.717557
10.167939
10.038168
15.595420
9.480916
10.229008
9.740458
11.435115
10.648855
8.877863
13.641221
7.053435
7.587786
13.480916
6.511450
10.618320
8.916031
12.366412
7.625954
9.320611
7.206107
10.625955
9.114504
5.458015
4.854962
6.053435
8.702291
7.328244
4.122138
7.717557
5.610687
4.740458
5.099236
7.740458
4.534351
3.625954
3.755725
3.732824
5.099236
6.229008
5.091603
1.374046
3.916031
4.175572
4.885496
5.854962
2.358779
2.908397
2.877863
4.717557
7.648855
6.564886
-0.091603
4.099236
1.954198
1.793893
1.526718
1.320611
1.519084
0.725191
-0.938931
1.801527
0.786260
0.633588
1.977099
2.244275
0.381679
6.648855
-3.511450
3.816794
-0.190840
0.129771
-0.419847
2.900763
-1.358779
6.213740
-2.648855
1.190840
3.412214
-1.954198
5.099236
-2.167939
3.206107
1.862595
5.358778
2.648855
0.473282
3.625954
1.564885
-2.229008
6.083970
3.358779
0.687023
3.221374
-0.099237
3.022901
5.557252
1.694656
3.435115
3.045802
4.770992
2.763359
0.618321
3.274809
5.221374
2.763359
3.877863
4.381680
5.404580
4.053435
0.145038
5.793893
0.984733
4.709924
-1.725191
6.625954
0.412214
5.763359
4.977099
-1.000000
2.061069
0.687023
4.236641
3.709924
-1.656489
7.007634
0.389313
6.702290
3.984733
1.824427
0.282443
1.671756
4.000000
1.503817
4.412214
7.198473
2.496183
2.595420
6.442748
3.641221
0.908397
5.725191
4.557252
6.167939
4.534351
5.381680
7.793893
4.763359
3.923664
9.297709
8.908397
4.068702
3.732824
5.511450
0.885496
6.297710
4.251908
4.473282
6.297710
5.312977
2.320611
2.648855
4.496183
3.503817
6.618320
2.778626
2.908397
4.732824
5.343512
3.312977
4.206107
5.305344
0.954198
5.488550
3.381679
7.236641
2.145038
5.969466
6.473282
5.328244
8.877863
2.206107
6.893130
8.412213
4.625954
8.801527
5.595420
8.427481
9.938931
5.038168
9.328244
5.458015
9.007633
6.091603
8.603053
5.305344
8.992367
5.748092
8.641221
5.877862
10.312977
4.748092
4.129771
9.106871
0.793893
10.320611
1.213740
4.572519
7.137404
4.496183
9.458015
-1.312977
2.541985
14.221375
4.648855
7.389313
6.114504
6.198473
5.778626
5.641222
5.656488
5.549618
5.076336
7.641222
5.839694
7.648855
5.816794
6.099236
3.854962
3.931298
5.572519
2.366412
9.488549
8.717557
3.847328
1.068702
2.587786
3.748092
7.076336
8.213740
5.954198
4.984733
5.458015
5.862596
6.030534
5.251908
5.198473
5.045802
-0.106870
1.793893
3.564885
1.923664
-0.534351
0.496183
4.419847
-0.442748
1.236641
8.160305
5.648855
1.213740
2.442748
0.641221
2.419847
2.725191
0.022901
-0.229008
2.824427
0.893130
3.343511
1.946565
2.832061
5.366412
0.839695
-0.893130
-2.992366
0.687023
0.083969
3.893130
4.099236
1.435115
1.641221
2.465649
1.549618
0.534351
6.297710
4.526718
-0.229008
-0.366412
-0.931298
0.000000
3.862595
-0.129771
-1.641221
1.297710
2.198473
2.847328
3.511450
-1.312977
-0.893130
0.427481
1.259542
2.778626
1.396947
2.702290
0.656489
1.603053
-1.106870
0.221374
1.450382
-0.984733
-1.160305
0.038168
-0.206107
-2.908397
0.015267
1.259542
5.740458
3.251908
1.015267
-0.641221
7.290076
3.732824
0.099237
4.725191
3.274809
0.816794
0.450382
4.931298
4.267176
2.435115
0.167939
-0.419847
2.129771
3.061069
6.984733
1.335878
4.374046
1.091603
3.022901
5.099236
0.923664
0.725191
3.106870
-0.076336
3.114504
1.427481
3.801527
3.183206
-5.328244
-6.900764
2.603053
3.832061
1.618321
-5.679389
-10.549619
-4.137404
-2.335878
-0.961832
-1.595420
-6.229008
-6.610687
-5.229008
-3.977099
-2.893130
-3.633588
-4.671756
-7.106870
-9.564885
-2.480916
-2.931298
-4.152672
-4.297710
-3.274809
-5.595420
-9.625955
-8.732824
-6.541985
-2.396947
-3.480916
-3.877863
-2.549618
-0.709924
-7.381680
-1.618321
-2.900763
-3.335878
-4.839694
-2.854962
-3.748092
-3.755725
-4.419847
-4.900764
-7.038168
-1.068702
-10.458015
-0.419847
-4.824428
-12.145039
-1.725191
-6.396946
-5.572519
0.465649
-5.633588
-4.000000
-4.877862
-6.091603
-3.786260
-4.549618
0.022901
-6.022901
-0.526718
0.961832
-5.923664
0.442748
-0.931298
-5.984733
3.809160
-0.190840
-0.534351
1.198473
3.229008
1.007634
-2.832061
0.717557
0.412214
-0.137405
-0.015267
-1.251908
1.587786
2.175573
1.244275
-1.870229
0.961832
0.282443
-2.450382
5.106870
2.366412
-5.122138
0.038168
0.053435
-0.099237
-0.725191
2.244275
0.152672
-3.519084
2.320611
-4.305344
0.862595
4.893130
-0.122137
3.870229
0.778626
2.740458
2.206107
3.267176
1.725191
6.419847
2.778626
3.030534
1.541985
4.961832
7.412214
4.877862
1.137405
3.694656
5.557252
1.274809
2.282443
4.145038
1.152672
0.625954
6.366412
-1.541985
5.648855
0.519084
2.755725
1.748092
-2.122137
5.267176
2.167939
3.534351
1.954198
2.030534
3.610687
3.679389
-0.076336
0.694656
-0.503817
1.038168
1.870229
3.190840
2.748092
2.877863
4.099236
1.061069
3.732824
-0.931298
0.992366
-1.259542
0.610687
0.801527
-1.832061
3.687023
2.404580
1.671756
3.992366
3.427481
3.305344
2.473282
3.763359
1.435115
1.564885
2.015267
3.923664
2.603053
4.053435
-0.595420
-3.320611
1.786260
-0.557252
-4.404580
0.145038
4.175572
-8.022901
-1.312977
-2.610687
-9.358779
3.816794
-9.374045
-0.129771
-3.908397
-9.213740
1.893130
-3.572519
-8.320611
-7.435114
-2.740458
-4.839694
1.862595
-0.206107
1.511450
-4.748092
-5.167939
-1.206107
-2.717557
-7.458015
-6.778626
-3.282443
-2.603053
-6.251908
-4.068702
0.946565
-6.648855
-7.824428
-3.137405
-2.160305
-4.709924
-8.923664
-8.167939
-2.862595
-1.786260
-4.320611
-0.427481
-4.977099
-8.503817
-6.923664
-0.091603
-4.740458
-5.488550
-10.488549
-0.977099
-1.122137
-4.656488
-1.671756
-8.511451
-8.442748
-3.793893
-3.816794
-7.412214
-3.198473
-9.137404
-5.854962
-5.015267
-2.160305
-1.671756
-4.656488
-1.954198
-7.572519
-2.847328
-3.251908
-6.152672
-11.297709
-6.045802
-10.854961
-5.503817
-5.519084
-2.961832
-3.244275
-2.969466
-6.335878
0.488550
-4.312977
1.748092
-0.687023
1.618321
-1.389313
-0.061069
-0.572519
0.938931
0.496183
1.251908
3.312977
-2.076336
0.778626
4.511450
1.824427
3.541985
1.984733
7.549618
5.656488
9.503817
4.603054
1.725191
-0.007634
1.679389
-3.030534
2.061069
-3.251908
4.167939
0.885496
1.503817
-0.366412
4.030534
3.022901
1.862595
3.648855
6.442748
3.152672
5.213740
4.877862
4.091603
3.381679
1.832061
1.435115
-0.541985
2.038168
2.564885
4.664122
4.488550
4.099236
7.450382
2.946565
-3.129771
1.938931
4.007634
3.412214
0.221374
4.206107
8.259542
-2.526718
1.801527
1.396947
8.114504
-0.839695
8.534351
-2.106870
7.603054
-1.091603
2.488550
-0.664122
6.442748
1.549618
8.374045
1.648855
6.679389
2.320611
2.992366
7.351145
-0.954198
9.045801
-0.511450
8.038168
0.847328
7.213740
2.114504
1.519084
1.000000
0.152672
0.832061
-0.160305
4.511450
3.129771
3.183206
-0.282443
1.526718
5.816794
-0.778626
8.290076
-1.877863
4.954198
2.870229
0.198473
4.679389
7.358778
1.381679
8.694656
-1.358779
5.076336
4.206107
2.213740
6.580153
2.190840
6.419847
2.396947
9.541985
4.854962
7.167939
7.709924
2.519084
5.160306
-0.427481
4.908397
-2.022901
7.549618
3.091603
4.763359
9.885496
3.000000
10.587787
8.580153
2.900763
9.473283
7.167939
8.083969
0.641221
9.160305
3.572519
5.671756
3.984733
9.213740
3.885496
2.854962
1.816794
5.198473
6.282443
3.564885
3.603053
5.129771
0.885496
4.557252
5.664122
7.244275
3.984733
3.977099
3.893130
6.137404
2.038168
4.282443
0.137405
2.923664
5.427481
0.297710
0.389313
1.916031
3.519084
1.328244
-3.671756
2.580153
-0.221374
-2.748092
-0.022901
0.961832
-0.374046
-1.000000
-4.320611
-1.328244
1.450382
-2.236641
-2.404580
-6.038168
-0.038168
-2.832061
-4.053435
-4.488550
-5.328244
-3.801527
-0.427481
-5.877862
-4.007634
-4.839694
-2.274809
-3.236641
-4.259542
-3.526718
-4.595420
-3.206107
-2.732824
-0.801527
-3.259542
-4.603054
-1.404580
-4.595420
-1.419847
-1.687023
-0.877863
-2.847328
-1.748092
-4.267176
-3.396947
-0.832061
-0.511450
-2.167939
-0.396947
0.503817
-1.816794
-1.786260
0.488550
-1.763359
2.549618
3.091603
-0.290076
0.488550
1.847328
2.580153
2.267176
3.274809
4.847328
2.595420
1.511450
0.290076
1.015267
1.679389
1.229008
3.938931
0.923664
1.244275
-0.862595
3.801527
1.152672
3.839695
3.778626
3.961832
3.473282
2.625954
4.664122
0.870229
1.061069
3.801527
5.358778
4.816794
1.870229
1.969466
3.625954
5.641222
5.328244
4.167939
2.236641
5.511450
3.396947
2.816794
1.282443
3.404580
5.839694
4.465649
3.229008
1.480916
6.603054
5.450382
2.641221
6.404580
4.969466
4.725191
1.709924
7.549618
4.519084
4.541985
1.709924
4.015267
7.809160
3.984733
3.541985
3.587786
8.152672
8.160305
9.022901
5.870229
7.053435
6.992366
7.160306
9.412213
6.885496
6.877862
11.404580
9.694656
8.625955
9.442748
12.641221
4.511450
9.877863
14.832061
10.572519
9.465649
8.305344
8.824428
8.267176
9.496183
10.312977
12.549619
12.458015
16.961832
12.000000
10.725191
10.129771
14.473283
8.213740
6.221374
6.900764
9.458015
7.091603
10.854961
6.748092
11.022901
3.122137
6.137404
1.198473
4.717557
4.786260
8.977099
7.152672
7.045802
-0.633588
7.213740
2.572519
4.030534
-4.641222
6.587786
1.625954
2.427481
9.519084
-0.572519
7.595420
6.160306
-7.320611
7.030534
0.152672
1.900763
10.435115
-1.801527
10.465649
-1.740458
3.091603
2.572519
2.137405
4.061069
9.305344
-3.847328
7.961832
-8.030535
8.419847
-1.068702
5.938931
-1.557252
9.206107
-2.488550
1.625954
1.854962
4.366412
2.687023
4.198473
2.374046
0.580153
4.877862
2.335878
3.320611
2.366412
1.740458
1.030534
1.374046
2.564885
3.007634
4.160306
-0.687023
5.679389
0.496183
8.122137
-2.709924
3.221374
-0.335878
9.541985
-2.198473
3.557252
0.671756
1.755725
6.633588
-1.923664
9.213740
-4.755725
6.580153
-2.427481
7.641222
-6.099236
6.610687
-3.366412
6.801527
-4.274809
6.091603
0.236641
7.465649
0.717557
4.022901
2.717557
4.145038
-1.763359
8.106871
-2.206107
7.587786
2.320611
6.183206
-1.053435
3.206107
0.389313
4.992366
3.175573
5.709924
-1.832061
5.473282
1.923664
2.862595
2.465649
1.938931
2.351145
1.160305
10.793893
-3.000000
5.488550
-0.045802
5.076336
-2.473282
6.221374
0.038168
2.687023
-0.900763
6.549618
-3.007634
1.351145
-0.916031
2.755725
1.122137
0.061069
1.213740
2.793893
1.755725
1.541985
2.259542
1.175573
0.877863
-1.618321
0.488550
0.938931
6.038168
-2.381679
0.541985
0.259542
2.862595
4.832061
5.839694
2.015267
1.419847
4.534351
0.595420
2.885496
3.664122
2.183206
2.877863
0.221374
2.610687
6.824428
1.694656
2.244275
0.816794
3.664122
2.175573
1.328244
1.106870
1.038168
0.687023
5.480916
1.076336
2.083969
-2.083969
4.885496
1.938931
3.053435
4.809160
1.320611
2.076336
3.358779
2.129771
2.977099
6.503817
1.106870
3.206107
6.625954
-1.145038
1.152672
5.305344
0.717557
4.977099
3.129771
7.183206
1.335878
-0.557252
3.091603
-1.633588
4.854962
2.931298
5.938931
2.458015
3.068702
2.839695
7.190840
6.656488
2.854962
2.961832
-0.335878
3.229008
6.633588
7.587786
0.946565
7.480916
1.694656
3.732824
4.564886
3.717557
0.427481
4.167939
1.137405
0.419847
4.679389
2.969466
-1.267176
-2.259542
3.793893
7.312977
2.709924
3.015267
2.702290
5.389313
5.725191
3.511450
4.580153
5.534351
2.587786
-0.839695
1.885496
7.854962
-2.236641
6.358778
6.419847
2.030534
0.717557
1.618321
2.396947
1.389313
6.923664
1.114504
2.366412
7.396946
4.503817
5.679389
3.870229
2.694656
-0.274809
1.748092
1.045802
3.129771
6.175572
1.770992
2.893130
0.893130
4.694656
4.007634
3.938931
4.877862
1.977099
5.824428
8.274809
1.259542
-0.167939
4.396946
1.625954
4.381680
2.145038
1.816794
4.389313
9.312977
0.824427
2.022901
4.297710
4.007634
0.763359
3.770992
5.809160
-0.236641
2.282443
6.404580
1.183206
4.526718
0.786260
1.496183
1.343511
5.992366
5.603054
2.068702
0.389313
-0.290076
-1.022901
4.595420
2.656489
3.259542
2.847328
2.045802
5.465649
4.351145
3.557252
3.221374
-1.618321
2.061069
1.190840
1.824427
6.251908
4.305344
8.465649
4.648855
3.564885
1.641221
3.984733
2.236641
3.748092
2.610687
0.954198
3.076336
2.030534
2.687023
5.763359
-0.061069
2.000000
4.541985
2.190840
5.267176
1.267176
7.129771
5.381680
2.282443
4.900764
4.977099
2.625954
2.908397
5.854962
3.541985
2.992366
3.740458
2.213740
1.587786
-0.236641
4.832061
1.717557
8.404580
3.076336
4.412214
2.931298
0.954198
2.366412
1.725191
2.671756
3.488550
2.603053
5.106870
2.122137
2.183206
3.480916
7.709924
5.282443
3.954198
7.717557
0.862595
5.282443
3.854962
2.809160
6.541985
-0.274809
2.312977
1.519084
4.633588
-0.618321
0.694656
2.183206
4.870229
4.954198
3.038168
0.091603
5.374046
-0.503817
2.992366
1.480916
5.000000
6.809160
4.061069
2.748092
-0.244275
1.175573
2.328244
2.702290
4.015267
4.496183
5.190840
1.465649
3.412214
2.984733
1.007634
3.847328
2.259542
1.519084
2.709924
4.435114
4.022901
1.900763
0.442748
1.786260
1.396947
1.175573
4.809160
2.709924
5.564886
4.625954
1.916031
-0.251908
3.091603
5.022901
5.053435
1.725191
2.389313
3.435115
0.938931
3.152672
1.870229
6.152672
5.503817
7.061069
2.778626
5.740458
1.900763
0.656489
1.244275
1.083969
2.984733
1.824427
4.740458
5.183206
1.725191
5.763359
1.625954
0.839695
3.213740
3.725191
6.396946
4.755725
2.160305
4.229008
5.748092
-0.312977
3.282443
4.961832
1.206107
5.061069
4.541985
0.274809
2.671756
-1.030534
1.229008
2.206107
5.893130
-4.793893
-3.832061
-4.152672
-4.610687
-2.580153
0.603053
0.427481
-0.801527
0.633588
-6.274809
-4.419847
-1.374046
-1.068702
4.152672
0.503817
3.297710
2.931298
5.503817
2.404580
9.305344
8.633588
9.778625
8.526717
10.847328
8.687023
11.938931
15.458015
13.938931
13.229008
11.587787
11.671756
12.183207
11.465649
10.167939
4.442748
6.450382
7.213740
6.969466
-1.068702
4.022901
-1.022901
3.839695
3.770992
5.343512
5.259542
-0.274809
0.671756
3.213740
0.839695
2.961832
-0.534351
-3.022901
-1.061069
0.809160
1.618321
-2.442748
-4.442748
-5.061069
0.290076
1.526718
-1.389313
-1.374046
-3.320611
-2.862595
-0.145038
-3.435115
-2.770992
-6.557252
-0.328244
-1.648855
-1.725191
0.480916
-3.068702
0.984733
-0.816794
1.755725
0.931298
-0.832061
2.099237
4.603054
2.908397
4.488550
1.519084
4.389313
3.251908
2.442748
5.496183
6.847328
4.152672
1.145038
7.175572
3.503817
4.022901
6.404580
6.519084
4.343512
7.656488
3.648855
4.984733
7.954198
1.969466
4.595420
8.419847
4.534351
1.015267
7.167939
10.007633
4.541985
5.465649
5.465649
5.709924
3.503817
6.244275
3.786260
0.473282
3.526718
1.839695
4.687023
4.824428
3.595420
1.557252
3.122137
1.145038
4.580153
2.312977
2.984733
5.175572
0.511450
3.229008
-1.984733
-1.389313
1.778626
1.099237
-1.488550
6.404580
2.458015
3.442748
3.633588
0.396947
4.244275
-0.038168
1.274809
2.862595
2.114504
4.854962
-1.068702
2.839695
-1.786260
1.946565
-1.259542
2.671756
3.977099
2.473282
4.534351
0.381679
2.152672
2.503817
2.007634
5.122138
1.633588
2.946565
0.145038
1.900763
2.801527
7.633588
5.549618
3.801527
4.694656
0.343511
4.748092
0.267176
-1.786260
3.580153
1.969466
6.251908
5.366412
2.816794
5.251908
5.358778
1.549618
6.038168
2.557252
1.648855
4.923664
4.916030
2.862595
4.343512
5.458015
-0.549618
1.633588
2.923664
1.786260
-0.809160
4.236641
4.687023
-0.053435
0.923664
0.641221
6.916030
1.312977
5.366412
4.793893
0.083969
3.099237
2.114504
5.832061
6.648855
3.152672
2.641221
4.496183
3.496183
0.267176
3.969466
3.847328
3.007634
-1.885496
2.320611
1.374046
4.229008
4.038168
4.419847
5.160306
4.854962
0.694656
2.748092
0.900763
7.854962
3.702290
6.717557
2.358779
7.129771
5.786260
4.519084
1.145038
1.244275
2.916031
0.549618
5.900764
5.656488
5.167939
2.267176
3.183206
7.641222
5.427481
5.183206
6.587786
5.847328
3.679389
2.419847
0.839695
2.916031
3.396947
-1.122137
5.557252
0.870229
8.022901
7.496183
4.732824
4.305344
0.931298
2.877863
-0.709924
3.374046
3.358779
4.007634
4.236641
2.503817
5.419847
-0.076336
-0.671756
0.793893
3.473282
-0.503817
1.893130
2.045802
4.541985
3.503817
8.396947
3.274809
-2.137405
6.175572
4.358778
1.045802
0.076336
1.458015
2.625954
5.687023
4.381680
7.229008
0.824427
-2.564885
5.129771
2.633588
3.435115
5.778626
3.427481
3.694656
0.961832
-1.854962
2.725191
-1.480916
-0.404580
1.000000
1.328244
3.290076
8.511451
2.946565
3.687023
0.374046
-0.709924
4.770992
3.824427
-4.374046
1.022901
0.664122
3.137405
6.885496
6.137404
3.603053
2.572519
4.832061
5.648855
-0.687023
0.625954
2.351145
2.809160
7.213740
1.465649
5.938931
4.419847
4.725191
4.167939
0.946565
3.969466
-0.687023
1.007634
0.282443
5.114504
2.503817
6.458015
8.511451
1.374046
6.923664
1.404580
2.442748
-1.099237
1.580153
-2.641221
3.984733
1.328244
5.236641
5.053435
2.053435
2.297710
0.099237
-0.351145
0.824427
2.816794
0.061069
3.671756
7.839694
4.610687
6.282443
2.076336
4.236641
5.106870
1.603053
3.885496
0.625954
3.916031
5.022901
0.763359
1.290076
3.183206
5.122138
4.442748
7.404580
4.740458
3.908397
0.664122
4.458015
3.625954
1.870229
2.641221
-1.007634
3.496183
2.160305
4.038168
3.038168
3.221374
8.625955
0.129771
2.809160
0.022901
1.167939
-1.236641
1.236641
6.160306
7.603054
4.015267
0.694656
4.198473
0.641221
0.923664
-2.740458
1.564885
4.541985
6.534351
6.442748
3.870229
3.175573
6.770992
4.770992
5.358778
3.152672
0.076336
-0.946565
5.312977
4.343512
4.038168
5.832061
4.893130
6.564886
1.854962
3.167939
1.679389
1.854962
5.213740
2.702290
5.885496
3.015267
5.847328
6.213740
2.709924
-0.221374
-0.610687
4.557252
5.694656
3.381679
5.045802
2.809160
1.053435
2.053435
1.282443
4.534351
4.312977
2.877863
1.740458
-0.809160
2.954198
5.160306
7.389313
0.351145
0.557252
4.954198
2.847328
5.099236
1.290076
5.267176
2.290076
3.534351
3.122137
5.419847
4.022901
-1.175573
-0.786260
5.335878
4.923664
3.435115
-0.450382
3.641221
0.992366
6.389313
4.839694
1.290076
1.893130
0.473282
1.160305
6.618320
1.129771
0.977099
3.534351
4.343512
1.450382
3.656489
0.404580
3.664122
6.679389
3.236641
3.931298
4.244275
2.465649
2.244275
6.839694
3.740458
4.458015
5.381680
3.091603
5.702290
2.900763
2.000000
5.152672
3.511450
3.450382
2.396947
3.496183
6.038168
4.259542
2.282443
2.458015
0.671756
4.648855
2.625954
3.091603
3.244275
1.320611
-1.229008
6.480916
4.297710
2.480916
0.763359
4.053435
0.694656
3.244275
2.152672
-0.267176
3.549618
2.694656
5.244275
2.351145
2.213740
5.664122
4.473282
-1.282443
3.458015
-1.862595
0.267176
4.755725
1.526718
0.435115
5.175572
6.717557
0.435115
4.358778
2.083969
0.389313
6.725191
7.297710
2.045802
3.190840
4.511450
4.816794
6.045802
6.679389
0.984733
4.290076
7.465649
2.175573
6.770992
2.175573
5.587786
1.916031
3.801527
7.198473
6.152672
6.236641
7.389313
8.679389
2.198473
5.190840
6.282443
8.137404
5.473282
7.549618
2.610687
6.809160
3.618321
5.320611
0.732824
5.404580
4.000000
6.541985
6.992366
8.923664
5.625954
10.908397
5.847328
10.702291
6.709924
9.984733
5.412214
3.312977
7.076336
6.137404
6.419847
3.412214
8.946565
4.335878
7.167939
3.213740
3.083969
1.732824
1.610687
6.885496
6.557252
9.053435
4.091603
6.625954
6.038168
7.633588
4.190840
2.068702
6.824428
4.045802
2.595420
7.587786
3.206107
3.503817
7.541985
-1.145038
6.610687
-1.496183
4.335878
5.396946
7.503817
-0.206107
1.900763
4.702290
8.519084
5.251908
5.114504
5.015267
3.412214
-2.274809
3.259542
9.061069
4.068702
-2.122137
-1.770992
6.916030
4.068702
3.022901
-1.473282
3.732824
7.610687
-1.908397
2.877863
6.595420
2.152672
-4.335878
1.717557
5.572519
3.290076
2.465649
-0.847328
7.664122
5.778626
-2.351145
3.549618
1.839695
0.236641
-2.549618
3.076336
6.312977
1.847328
-2.000000
6.587786
6.664122
-2.778626
2.305344
-0.877863
0.809160
7.274809
1.267176
-0.832061
-2.404580
4.931298
2.503817
-3.305344
1.427481
4.106870
-1.251908
0.045802
6.648855
3.274809
0.374046
2.984733
6.541985
0.656489
0.900763
-0.396947
4.450382
6.511450
1.786260
-2.152672
6.473282
1.229008
2.007634
6.435114
1.900763
5.419847
-0.770992
1.847328
4.961832
-2.213740
1.702290
3.755725
1.503817
4.076336
1.053435
0.526718
6.366412
0.000000
7.251908
-2.091603
5.488550
2.282443
1.251908
3.595420
-1.977099
6.030534
-4.175572
3.045802
1.526718
-1.488550
4.366412
4.083970
-4.748092
1.045802
5.091603
0.114504
6.251908
1.068702
-0.717557
3.839695
4.480916
-1.465649
0.000000
7.229008
-0.030534
2.458015
-3.076336
2.091603
6.534351
-0.832061
-0.832061
7.625954
0.061069
0.412214
8.916031
-0.732824
6.832061
-1.328244
5.580153
7.801527
0.007634
6.259542
3.106870
0.526718
5.969466
2.977099
7.305344
-3.389313
5.633588
0.900763
2.702290
6.175572
-1.450382
7.366412
-0.190840
1.549618
4.809160
-4.816794
8.076336
-0.816794
6.328244
5.152672
0.206107
4.458015
0.435115
6.358778
1.396947
1.671756
4.740458
-1.633588
6.290076
-0.885496
6.015267
-2.358779
4.763359
2.244275
1.801527
3.702290
4.389313
1.000000
4.190840
3.190840
2.862595
4.793893
3.496183
3.129771
2.725191
2.580153
0.801527
0.954198
-0.923664
3.106870
2.832061
1.770992
4.496183
1.862595
0.038168
1.137405
0.488550
0.954198
4.496183
2.580153
1.488550
-0.038168
-0.870229
2.152672
-1.083969
4.641222
2.885496
2.694656
3.442748
4.931298
2.099237
2.190840
2.419847
-0.419847
3.244275
1.366412
7.129771
5.633588
2.564885
2.633588
7.770992
-0.694656
0.870229
0.786260
2.061069
7.358778
0.618321
4.221374
4.763359
2.045802
8.106871
3.770992
2.732824
7.244275
6.007634
-0.648855
4.419847
9.328244
0.694656
7.885496
5.740458
0.603053
6.419847
-0.770992
8.648855
0.015267
2.938931
9.068703
-1.236641
5.419847
5.717557
-0.412214
6.679389
6.725191
0.511450
3.763359
5.068702
-1.106870
1.633588
6.534351
2.633588
-2.862595
5.770992
0.274809
3.465649
9.564885
0.267176
5.091603
3.969466
-0.381679
6.038168
1.458015
9.328244
-1.938931
6.557252
1.641221
3.106870
7.748092
2.801527
6.564886
5.000000
5.541985
5.412214
5.748092
9.526717
5.717557
3.877863
7.694656
1.816794
13.816793
2.366412
8.213740
8.106871
3.648855
9.320611
9.229008
4.938931
9.893129
7.458015
10.190840
6.152672
11.732824
4.290076
5.381680
9.587787
4.755725
10.015267
6.633588
6.755725
7.587786
4.068702
12.274809
4.786260
8.786260
6.916030
7.229008
0.946565
10.282443
5.473282
8.633588
2.969466
9.381680
0.206107
6.526718
-0.610687
4.534351
7.251908
2.343511
7.381680
0.702290
9.770992
2.916031
7.305344
9.389313
-0.068702
5.496183
2.541985
3.450382
3.061069
1.725191
4.763359
6.564886
-1.251908
3.167939
0.526718
8.145039
0.190840
6.961832
0.404580
6.229008
-0.923664
9.824428
0.458015
-2.458015
3.778626
-1.259542
0.496183
6.305344
-0.343511
7.854962
-0.564885
3.129771
1.374046
-1.190840
6.809160
-1.900763
4.061069
-2.167939
4.702290
2.541985
2.419847
3.282443
-2.488550
1.633588
-3.251908
5.893130
-2.061069
8.870229
-2.480916
1.167939
1.335878
-3.015267
7.816794
-0.977099
2.916031
-0.213740
3.503817
-5.167939
1.816794
-2.213740
2.038168
1.580153
-3.213740
0.900763
-1.557252
4.076336
-7.000000
1.389313
-4.099236
0.664122
-3.580153
1.366412
-2.106870
1.022901
-2.114504
-0.816794
1.854962
-4.114504
1.954198
-3.366412
4.862596
-4.312977
2.961832
-2.290076
0.603053
0.137405
-1.549618
-1.480916
-1.381679
1.496183
-0.297710
-1.167939
0.366412
-3.007634
-2.320611
-0.374046
-0.778626
-3.725191
4.847328
-3.732824
0.007634
-3.274809
1.335878
1.488550
-2.839695
4.045802
-1.656489
4.885496
-3.748092
5.702290
-2.648855
4.732824
-1.862595
7.610687
-3.519084
2.908397
0.610687
4.648855
-3.145038
5.335878
0.572519
3.709924
0.167939
-2.267176
4.473282
-1.839695
5.335878
-1.129771
6.160306
0.770992
7.511450
-1.603053
5.450382
5.549618
1.618321
1.450382
1.282443
3.229008
4.458015
1.870229
1.442748
-0.885496
3.877863
4.167939
2.786260
2.801527
2.496183
3.267176
1.290076
3.160305
5.389313
3.694656
3.381679
3.977099
2.404580
1.183206
6.534351
2.381679
2.312977
6.381680
3.572519
4.099236
2.877863
3.770992
-2.885496
4.961832
1.641221
4.083970
7.061069
-0.213740
4.236641
-0.847328
7.015267
2.053435
4.618320
2.450382
3.541985
1.908397
3.419847
5.717557
4.519084
3.236641
5.862596
2.374046
4.839694
3.412214
1.137405
3.725191
5.442748
3.854962
3.412214
3.633588
4.167939
-0.671756
5.030534
2.190840
2.450382
1.656489
5.106870
2.603053
4.091603
0.007634
2.679389
3.770992
2.122137
6.587786
3.496183
4.282443
2.007634
0.648855
1.946565
