-3.083969
-0.450382
2.427481
1.496183
-0.198473
0.519084
1.633588
0.259542
1.984733
-0.671756
-0.221374
-0.145038
0.221374
-0.679389
1.625954
0.000000
2.244275
2.068702
-0.045802
0.625954
1.076336
-2.068702
-0.206107
0.312977
-2.625954
3.175573
0.160305
-0.114504
-0.435115
-2.480916
-1.564885
1.091603
2.145038
2.122137
-1.099237
0.763359
0.160305
-0.030534
0.404580
-0.396947
0.946565
-0.129771
1.381679
-1.969466
0.297710
0.809160
0.312977
1.671756
2.206107
0.381679
3.236641
1.977099
2.251908
-0.297710
-1.946565
0.656489
-1.503817
1.068702
1.312977
2.877863
3.458015
1.526718
0.351145
-1.557252
-0.320611
-1.206107
1.389313
1.610687
0.129771
-0.053435
0.488550
-0.641221
-1.160305
1.137405
0.946565
0.503817
0.671756
0.152672
0.549618
-0.854962
2.145038
-0.068702
-0.755725
1.610687
1.954198
-1.366412
1.862595
-0.175573
1.549618
0.587786
-0.648855
0.305344
-2.114504
1.946565
0.328244
-0.641221
0.839695
0.053435
2.045802
1.381679
2.160305
1.885496
0.793893
-0.366412
1.587786
1.961832
-0.671756
1.106870
0.251908
-1.916031
1.389313
-1.106870
-0.167939
0.160305
-0.938931
1.717557
2.511450
0.755725
-1.793893
0.847328
0.022901
1.381679
1.809160
-0.832061
2.916031
1.007634
-0.549618
0.809160
2.984733
-0.862595
-0.145038
0.961832
2.305344
0.954198
0.335878
1.099237
-0.435115
0.458015
-3.335878
-0.610687
0.770992
2.251908
-0.702290
0.870229
-2.473282
-0.152672
1.977099
-0.916031
2.908397
-0.061069
0.488550
-0.122137
-0.251908
1.267176
2.412214
-1.603053
0.099237
0.083969
-0.885496
-0.015267
1.618321
1.801527
-0.427481
-0.809160
1.763359
-0.732824
1.618321
-0.015267
-1.114504
-0.725191
-1.725191
-0.099237
0.961832
-0.007634
-1.083969
-0.702290
0.106870
1.007634
0.007634
0.885496
0.374046
1.877863
0.832061
2.282443
1.183206
1.664122
1.465649
0.251908
0.671756
0.404580
0.053435
-0.702290
2.801527
0.229008
-0.519084
0.801527
-1.335878
2.480916
0.580153
-0.007634
1.732824
-0.687023
0.007634
2.564885
-0.091603
-0.786260
-0.618321
1.534351
2.030534
-0.022901
1.351145
-0.206107
1.664122
1.038168
1.152672
0.931298
-0.984733
1.587786
0.267176
-0.129771
-0.450382
-1.442748
-0.557252
-1.618321
0.045802
-0.969466
-0.122137
1.328244
0.496183
0.816794
-0.083969
-1.557252
0.732824
-0.969466
0.015267
2.984733
1.007634
0.511450
0.389313
-0.427481
0.511450
-2.190840
1.732824
1.099237
-0.290076
1.091603
1.198473
-0.282443
-0.167939
-0.557252
0.954198
0.961832
1.267176
-0.145038
0.404580
1.099237
1.717557
3.427481
0.343511
1.748092
-1.106870
0.648855
0.213740
4.305344
1.824427
1.038168
-1.656489
-0.664122
-0.358779
-1.664122
0.541985
1.618321
-0.114504
-0.030534
1.244275
1.725191
-0.106870
0.709924
-1.206107
-0.458015
0.183206
-1.694656
1.580153
0.893130
-0.450382
3.198473
-2.625954
0.679389
-0.786260
2.603053
1.381679
1.389313
0.908397
-0.328244
0.900763
1.015267
0.816794
0.610687
-0.129771
1.458015
2.679389
0.000000
0.618321
-0.427481
-0.251908
3.412214
2.679389
-0.160305
2.221374
1.251908
1.732824
0.221374
0.816794
-0.480916
2.694656
0.656489
-1.229008
-0.122137
0.549618
0.641221
0.427481
1.396947
0.916031
-0.580153
-1.480916
1.633588
0.641221
-1.519084
0.450382
1.175573
2.068702
2.610687
1.129771
0.152672
2.068702
2.045802
0.793893
1.145038
1.717557
-0.931298
-0.648855
-0.824427
0.778626
-1.526718
-0.083969
-1.641221
0.526718
1.076336
0.854962
-0.160305
-0.687023
0.381679
0.992366
2.335878
0.961832
-1.832061
-0.290076
0.992366
-0.366412
-1.465649
1.633588
-0.427481
-3.282443
-0.671756
-3.702290
0.083969
-1.534351
-0.458015
2.480916
1.755725
-0.473282
0.320611
-0.083969
0.083969
0.541985
0.893130
1.114504
-1.297710
-1.648855
0.893130
1.595420
-0.015267
-1.610687
-0.312977
0.190840
-1.045802
2.282443
3.145038
-0.244275
1.320611
0.091603
2.587786
-0.129771
1.847328
1.519084
0.213740
3.351145
2.832061
0.030534
1.404580
1.404580
1.000000
1.167939
0.396947
1.152672
0.503817
-2.961832
1.106870
0.061069
0.007634
0.961832
1.236641
2.839695
-0.404580
0.488550
1.893130
0.473282
-0.267176
0.045802
2.450382
-2.709924
-1.870229
0.198473
0.229008
-1.511450
1.030534
0.572519
-0.396947
2.061069
-0.564885
-0.229008
-0.206107
2.908397
-1.625954
-0.267176
-1.442748
-1.396947
0.938931
1.679389
0.603053
1.221374
-0.404580
-0.572519
-2.312977
-0.801527
-0.396947
-2.641221
1.732824
-0.900763
3.366412
-0.122137
-0.503817
0.442748
-1.603053
-2.335878
0.984733
1.244275
-0.290076
0.022901
-2.709924
0.786260
0.816794
0.793893
-0.381679
1.137405
-1.083969
-0.335878
-0.862595
0.358779
0.564885
0.778626
-1.076336
3.358779
-0.847328
0.129771
2.175573
-1.633588
-0.122137
-1.473282
1.526718
-0.145038
1.961832
-1.236641
-0.290076
0.076336
0.801527
-1.984733
-1.656489
-2.137405
1.580153
-1.572519
-2.946565
-0.251908
0.083969
1.099237
-0.312977
-0.938931
-0.145038
-0.206107
2.786260
2.412214
1.488550
-2.358779
0.229008
1.977099
0.442748
0.129771
-0.366412
-1.396947
2.244275
-0.557252
1.603053
1.931298
1.282443
0.954198
-0.961832
0.427481
0.900763
-0.236641
-1.259542
0.221374
-1.648855
-0.290076
-1.923664
-2.183206
-0.343511
1.053435
2.114504
0.427481
2.106870
0.206107
1.099237
0.633588
2.374046
0.335878
1.129771
-1.114504
-0.870229
0.221374
-2.534351
0.251908
-1.725191
2.015267
2.961832
1.137405
1.839695
0.274809
1.282443
2.709924
-0.992366
3.206107
1.404580
1.870229
-1.152672
0.694656
1.465649
2.839695
-0.106870
0.267176
1.595420
1.717557
1.908397
0.839695
1.061069
-1.984733
1.755725
-1.740458
2.122137
0.687023
3.328244
5.221374
1.000000
3.091603
4.351145
0.015267
5.259542
-0.450382
4.129771
7.213740
6.786260
3.175573
7.564886
6.923664
4.702290
1.366412
2.351145
5.290076
1.938931
3.938931
6.396946
3.335878
4.687023
4.778626
8.229008
1.641221
4.534351
4.320611
1.320611
6.984733
4.854962
4.664122
5.488550
6.893130
5.343512
4.534351
4.465649
2.572519
3.824427
2.656489
2.961832
3.412214
1.839695
4.381680
0.595420
-0.488550
1.854962
2.557252
-1.335878
1.335878
-0.396947
-1.488550
-0.061069
1.618321
1.549618
2.045802
2.381679
3.167939
3.374046
1.503817
2.244275
4.137404
0.961832
0.030534
3.198473
3.045802
-1.198473
2.480916
2.251908
2.030534
-0.251908
3.152672
0.618321
0.267176
1.641221
3.328244
0.396947
3.671756
1.206107
1.641221
-0.854962
1.595420
0.076336
1.305344
2.641221
2.022901
3.312977
-1.091603
-0.061069
3.549618
2.793893
2.938931
1.786260
0.335878
1.832061
5.312977
3.748092
2.740458
1.229008
2.687023
1.969466
2.519084
4.900764
3.083969
4.847328
3.908397
4.587786
1.969466
6.503817
4.412214
5.129771
4.541985
4.496183
3.061069
3.877863
6.114504
5.488550
3.916031
5.480916
4.809160
8.229008
5.687023
6.404580
6.786260
4.251908
2.664122
1.709924
3.580153
3.091603
1.832061
-0.061069
2.343511
-0.274809
0.618321
2.450382
-0.007634
1.702290
1.053435
2.748092
-0.206107
1.694656
2.534351
1.595420
-1.320611
2.045802
-1.465649
0.694656
0.358779
1.160305
-1.702290
2.740458
2.244275
1.381679
0.786260
0.625954
1.137405
0.389313
1.534351
-1.396947
0.709924
-0.290076
1.045802
2.213740
-1.862595
0.183206
1.015267
0.419847
0.251908
-1.908397
-1.664122
0.167939
0.106870
1.931298
-1.900763
0.931298
0.488550
0.396947
-0.312977
1.290076
-1.541985
0.145038
-0.328244
1.488550
0.137405
1.160305
1.908397
4.648855
2.984733
4.145038
3.557252
-0.900763
0.053435
-2.297710
-2.801527
-2.641221
3.213740
-0.961832
-1.297710
-0.290076
1.877863
1.717557
4.839694
3.099237
1.923664
2.412214
-4.648855
1.267176
4.893130
3.595420
2.267176
-2.572519
-3.519084
-3.076336
-2.770992
-2.129771
1.488550
0.541985
-0.725191
1.526718
-0.251908
1.412214
-1.206107
1.198473
1.160305
-0.351145
-2.900763
-3.106870
-6.671756
-4.015267
-5.748092
0.129771
1.977099
-0.786260
-4.541985
-6.923664
-0.236641
1.061069
-2.290076
-6.167939
-9.007633
-4.992366
0.832061
-0.480916
-2.198473
-0.984733
1.862595
0.687023
-3.526718
-4.946565
-5.961832
-0.961832
2.625954
3.305344
-2.076336
-3.458015
2.526718
-0.389313
-4.404580
-6.641222
-1.229008
2.610687
1.000000
0.496183
-4.145038
-3.328244
0.053435
-2.954198
-2.603053
0.786260
-2.221374
-1.412214
-0.061069
1.419847
-2.877863
-5.694656
0.793893
-5.374046
0.648855
-6.328244
-5.122138
2.290076
3.816794
2.610687
0.175573
-1.694656
-3.297710
-0.015267
-5.763359
1.786260
4.343512
0.885496
-6.687023
-4.236641
-6.549618
0.717557
-4.977099
-5.221374
-3.641221
2.305344
0.465649
5.610687
4.641222
4.083970
3.374046
0.778626
0.412214
-1.931298
-1.816794
-5.610687
-2.389313
-3.320611
-5.396946
-3.038168
-0.366412
1.015267
1.206107
4.351145
3.488550
1.320611
-1.068702
-4.648855
-6.198473
-3.465649
-1.053435
1.427481
4.335878
3.992366
2.908397
-1.702290
-5.351145
-2.832061
-3.984733
-5.335878
-1.435115
-1.687023
2.534351
3.328244
-4.419847
3.511450
-3.160305
-2.870229
4.305344
-2.938931
1.580153
-0.389313
-4.236641
4.648855
-2.198473
-1.175573
5.564886
-3.152672
5.488550
-4.068702
1.213740
3.625954
-3.267176
3.572519
3.435115
-2.259542
2.015267
-4.786260
2.969466
-1.763359
0.244275
1.328244
-1.259542
-2.961832
2.992366
-4.175572
4.381680
-4.625954
-2.473282
0.580153
-1.030534
2.083969
-3.274809
3.992366
-0.893130
-6.603054
3.648855
1.770992
-3.778626
5.213740
0.702290
-3.893130
-1.419847
3.244275
-3.000000
-6.412214
0.099237
2.763359
-0.152672
-2.083969
2.435115
2.297710
-3.045802
-1.961832
3.137405
1.351145
-3.770992
-1.946565
3.175573
5.961832
0.664122
-3.419847
-3.038168
4.320611
4.847328
-1.961832
-2.450382
3.770992
4.167939
-5.412214
7.358778
-2.312977
5.809160
4.503817
-4.290076
3.160305
7.106870
4.687023
0.786260
7.068702
-0.244275
4.755725
2.534351
10.076336
0.419847
-0.625954
7.015267
1.854962
0.541985
3.244275
7.106870
-3.702290
5.106870
-2.916031
7.801527
-1.702290
4.496183
-1.969466
4.305344
-1.748092
7.496183
1.427481
-3.473282
7.671756
-3.549618
5.396946
-0.251908
5.274809
-2.885496
4.618320
5.503817
1.488550
2.091603
-0.610687
11.114504
-2.152672
7.167939
-2.519084
4.679389
2.458015
7.778626
5.625954
2.671756
1.419847
6.229008
1.778626
7.381680
-1.625954
8.366412
-2.801527
6.458015
1.274809
5.389313
-0.427481
7.137404
1.229008
8.381680
-2.099237
4.679389
-0.923664
2.832061
2.480916
6.839694
-1.900763
2.832061
0.916031
2.282443
3.564885
0.931298
6.083970
-4.221374
4.717557
6.358778
2.312977
1.671756
2.274809
-2.137405
4.442748
-0.809160
1.793893
1.709924
4.610687
-6.748092
4.480916
-2.984733
2.847328
-5.549618
0.404580
-4.503817
5.122138
-3.007634
4.984733
4.793893
-3.725191
7.229008
-4.839694
3.450382
-2.389313
5.916030
-2.786260
5.610687
-2.541985
-4.229008
3.923664
0.549618
0.702290
-3.297710
1.541985
-4.137404
3.824427
-3.778626
4.946565
-5.442748
4.511450
-4.923664
3.923664
1.656489
1.488550
-2.748092
4.511450
-0.938931
4.419847
-4.198473
6.328244
-5.465649
-1.648855
-3.709924
5.648855
-5.244275
4.580153
-1.946565
2.656489
-4.160306
5.801527
-4.236641
4.160306
-4.664122
-1.137405
4.404580
-3.366412
4.244275
0.274809
-0.442748
-4.083970
1.519084
-1.374046
-4.732824
0.564885
2.679389
-3.916031
-1.656489
6.244275
-5.183206
-4.198473
5.160306
2.099237
-4.236641
-1.862595
7.045802
1.541985
-5.786260
-2.564885
-3.870229
2.641221
6.267176
-2.190840
-0.496183
5.145038
-0.206107
-3.061069
0.091603
3.061069
-3.022901
3.259542
-1.083969
0.000000
4.778626
-4.419847
3.900763
-1.473282
0.114504
3.412214
0.786260
-1.007634
3.778626
-5.167939
5.908397
-4.618320
4.076336
-5.404580
3.274809
-1.335878
-1.328244
4.068702
-2.007634
6.877862
-1.824427
5.603054
-1.763359
-2.030534
3.007634
-4.450382
3.106870
-0.022901
0.572519
1.763359
-0.442748
5.671756
-1.801527
3.076336
-0.900763
-0.320611
1.557252
0.534351
3.992366
-4.625954
5.312977
-6.786260
5.671756
-3.610687
2.717557
0.832061
-0.145038
5.343512
-1.519084
4.633588
-1.503817
0.854962
-1.809160
2.748092
-5.343512
-4.328244
3.717557
-1.351145
3.732824
-1.702290
5.549618
-0.916031
0.717557
5.946565
-6.450382
2.740458
3.534351
-0.007634
4.679389
-4.458015
2.587786
-3.465649
1.061069
-4.435114
2.519084
1.580153
-2.595420
2.778626
3.076336
-0.671756
3.183206
-4.603054
4.381680
-4.000000
3.374046
-2.022901
0.053435
2.015267
-1.129771
6.496183
-4.603054
3.122137
2.763359
-3.053435
3.908397
-1.053435
-0.335878
4.610687
-4.381680
1.832061
1.374046
-4.053435
3.709924
-2.923664
-0.259542
8.083969
2.015267
0.190840
0.061069
-0.083969
6.160306
-2.160305
5.755725
-3.908397
4.244275
-5.351145
-0.893130
3.664122
-2.145038
3.290076
2.763359
-3.083969
2.961832
-1.267176
-0.572519
6.625954
-0.328244
4.137404
-6.595420
0.687023
3.885496
-3.091603
-3.114504
4.152672
3.503817
-0.091603
-4.954198
2.038168
2.053435
-1.717557
-6.908397
-0.251908
4.328244
3.496183
-4.801527
-7.404580
5.671756
-2.450382
-2.977099
-4.030534
2.450382
2.786260
6.045802
-2.412214
-3.458015
1.625954
2.122137
-3.633588
1.083969
0.099237
-3.503817
3.045802
1.076336
-5.343512
2.603053
-1.526718
1.618321
-3.030534
5.450382
-1.091603
-5.854962
6.641222
-1.679389
-1.381679
2.992366
-3.053435
-3.297710
-1.007634
7.641222
-4.450382
-2.740458
4.595420
-3.068702
0.961832
3.564885
-3.381679
-5.251908
0.969466
3.633588
-4.664122
4.068702
-2.267176
-5.061069
-5.412214
-2.175573
-2.015267
4.938931
4.015267
-3.961832
-4.801527
4.526718
-3.038168
6.038168
-3.801527
5.358778
-6.000000
3.854962
-2.534351
-1.656489
5.625954
-5.770992
-2.923664
4.824428
-1.809160
-6.893130
0.671756
-3.396947
-2.854962
3.488550
-5.664122
-0.801527
9.038168
-4.625954
-1.198473
5.893130
-4.931298
-0.076336
5.328244
-4.412214
1.145038
2.633588
-5.106870
2.160305
2.473282
-2.778626
2.893130
3.045802
2.229008
-2.458015
3.603053
2.648855
-4.152672
2.030534
4.625954
0.045802
-1.946565
-1.778626
6.305344
1.885496
-3.038168
1.000000
7.030534
1.564885
-3.290076
-1.870229
2.221374
-6.213740
1.816794
4.877862
0.740458
-4.320611
-5.129771
2.870229
0.687023
-1.496183
-4.488550
2.572519
-2.114504
-3.358779
4.480916
5.740458
1.236641
-4.435114
0.557252
3.839695
4.366412
3.305344
-4.206107
4.977099
-4.374046
1.534351
-4.335878
7.175572
-2.870229
6.595420
-3.114504
7.541985
-4.824428
3.519084
-1.198473
-3.251908
5.938931
-5.213740
2.145038
-2.503817
0.778626
0.282443
-2.061069
4.412214
-5.198473
3.076336
0.152672
-2.435115
3.274809
-4.854962
3.190840
-1.396947
5.610687
-3.847328
4.335878
-0.770992
-1.007634
2.786260
-2.793893
2.595420
-1.091603
-5.389313
4.709924
-5.282443
-0.435115
-0.122137
-3.007634
-1.488550
0.717557
-5.549618
0.625954
-1.832061
4.977099
-0.580153
-1.885496
3.984733
0.549618
-3.267176
4.167939
-1.396947
-4.732824
5.351145
-5.366412
4.839694
4.526718
-3.381679
1.564885
2.465649
-1.816794
-0.045802
4.297710
6.022901
-1.503817
-1.954198
3.503817
-2.335878
5.290076
-3.496183
3.961832
-2.000000
6.534351
-4.877862
4.603054
-2.717557
3.000000
-1.755725
1.335878
4.106870
-2.389313
-2.251908
4.160306
-0.427481
-3.564885
-3.572519
-2.839695
0.053435
5.916030
1.992366
-2.496183
-2.664122
2.358779
1.984733
-2.595420
-3.519084
-2.519084
2.648855
7.068702
3.938931
2.419847
-2.694656
-3.152672
5.122138
4.763359
0.007634
-3.549618
-4.335878
-1.145038
1.045802
3.198473
2.030534
2.160305
0.030534
3.549618
3.534351
0.931298
-4.824428
-4.595420
-2.870229
4.442748
3.580153
-1.396947
-1.862595
5.549618
-4.000000
0.648855
1.709924
-3.175573
3.839695
-4.244275
4.137404
0.145038
-4.442748
4.099236
-2.519084
2.633588
-0.442748
-4.282443
6.564886
-5.396946
1.053435
-0.900763
-5.862596
2.488550
2.404580
-2.458015
6.381680
-3.083969
3.763359
0.786260
-2.694656
3.122137
-3.900763
4.694656
-5.335878
6.725191
0.061069
0.458015
2.442748
4.519084
0.969466
-3.442748
6.854962
-4.061069
2.717557
-3.549618
4.366412
-5.839694
2.396947
1.595420
-3.595420
3.732824
2.450382
-1.366412
-2.809160
5.847328
2.328244
-4.931298
-1.641221
2.664122
2.893130
-3.396947
-0.717557
-7.274809
2.145038
5.274809
4.152672
-3.435115
-4.351145
2.374046
5.564886
1.465649
4.305344
0.488550
-3.885496
-4.076336
2.618321
5.465649
4.488550
-4.801527
-3.839695
-1.893130
2.045802
6.183206
-0.480916
-1.946565
-0.977099
1.564885
4.129771
4.000000
-1.312977
-2.320611
-2.748092
3.244275
1.244275
-3.335878
3.580153
6.725191
-5.122138
0.809160
5.870229
-3.229008
4.091603
-3.625954
-1.061069
0.893130
-3.961832
4.801527
4.900764
-2.213740
3.916031
2.664122
5.175572
-4.488550
1.351145
4.351145
-3.809160
2.412214
3.885496
-5.068702
2.641221
3.259542
2.610687
-2.893130
3.061069
-3.580153
6.641222
-4.404580
0.229008
1.061069
-0.580153
6.053435
5.709924
1.854962
-2.725191
-3.236641
2.022901
3.152672
-2.946565
-1.221374
4.458015
1.114504
0.610687
-2.687023
-4.091603
5.381680
1.618321
-5.603054
0.580153
4.839694
2.480916
-4.099236
-1.816794
1.832061
-3.801527
-3.877863
1.343511
2.465649
0.458015
-3.816794
1.740458
4.343512
-3.954198
-2.679389
5.610687
2.885496
-7.099236
-0.656489
7.320611
0.206107
-5.366412
4.022901
2.129771
-2.908397
2.404580
2.923664
-4.343512
-1.343511
3.740458
3.671756
-1.832061
-4.931298
-1.129771
6.458015
3.893130
-1.564885
-2.755725
-1.083969
5.946565
-3.007634
-5.030534
-3.679389
-4.709924
-2.923664
1.312977
7.282443
0.404580
-3.320611
-3.229008
2.381679
4.038168
-2.587786
4.404580
1.641221
-1.809160
-4.793893
-3.000000
1.564885
4.580153
-4.488550
-0.290076
7.343512
1.763359
2.351145
-1.755725
-1.152672
1.145038
1.763359
-4.251908
-4.175572
3.396947
3.580153
1.503817
-5.519084
-3.954198
5.587786
1.206107
-1.320611
-3.717557
3.908397
4.931298
5.328244
5.488550
3.114504
1.267176
-5.954198
-4.267176
-0.465649
5.000000
5.145038
-4.564886
-5.213740
6.992366
-0.664122
-5.992366
3.122137
-1.305344
-5.129771
1.259542
-0.015267
-1.885496
5.396946
1.122137
4.030534
-4.496183
3.007634
5.564886
-7.244275
4.541985
2.587786
-2.267176
3.977099
-1.145038
-2.564885
5.801527
-1.526718
-0.824427
2.435115
-4.152672
2.854962
2.778626
-5.282443
0.854962
4.229008
-6.755725
6.015267
-3.778626
4.137404
-3.450382
4.763359
-3.541985
-0.335878
-4.488550
2.137405
2.641221
-4.022901
2.595420
-1.122137
-3.396947
2.396947
2.954198
4.427481
5.343512
-0.572519
-5.007634
0.374046
5.664122
0.458015
-6.259542
1.557252
5.755725
-1.435115
6.877862
-0.793893
-1.832061
3.435115
-4.213740
-0.213740
5.900764
-3.297710
1.274809
5.587786
-0.786260
-6.015267
4.633588
-5.045802
0.725191
-2.977099
1.259542
-0.343511
1.198473
0.938931
-3.969466
4.862596
-4.251908
3.992366
-4.282443
5.152672
-2.763359
4.816794
-4.404580
4.977099
-5.595420
3.641221
-4.732824
4.412214
-3.633588
2.480916
-0.351145
0.389313
0.679389
-2.442748
-1.572519
2.954198
-5.267176
3.809160
-4.175572
-3.877863
4.335878
-1.099237
-0.954198
5.282443
0.961832
3.183206
-4.519084
5.595420
4.419847
-3.305344
5.038168
-4.603054
0.419847
0.656489
1.786260
-3.580153
6.358778
-3.839695
0.122137
5.167939
-4.274809
-1.725191
1.221374
-5.083970
2.129771
-3.954198
-2.564885
-0.022901
2.412214
-1.923664
4.740458
-0.183206
-1.580153
6.106870
-2.496183
2.954198
-1.732824
2.656489
-1.091603
3.549618
-1.343511
0.076336
3.923664
-4.000000
0.145038
-1.015267
3.099237
-3.526718
4.557252
-6.465649
-3.648855
4.992366
-3.068702
5.068702
-5.519084
2.496183
2.061069
-2.511450
5.381680
-2.984733
5.015267
-1.267176
-3.786260
2.946565
0.862595
0.007634
3.793893
-3.000000
5.045802
-0.916031
-5.793893
3.480916
-1.732824
-2.587786
3.358779
-4.618320
3.053435
1.900763
-3.206107
5.854962
-3.564885
1.763359
6.122138
-4.977099
1.083969
4.503817
-3.290076
4.305344
-3.000000
4.160306
-3.885496
4.251908
-3.816794
7.351145
0.816794
-0.129771
2.977099
-4.748092
3.190840
0.740458
-2.488550
5.221374
-1.656489
-2.396947
3.404580
-2.221374
-3.167939
5.015267
-3.679389
-0.755725
-2.587786
5.664122
-7.091603
5.648855
2.175573
-0.977099
3.145038
-4.702290
3.335878
3.022901
-6.221374
2.778626
3.366412
-3.297710
2.923664
3.229008
-5.969466
3.648855
-0.450382
1.442748
3.885496
-2.893130
-4.969466
2.221374
4.290076
-3.259542
-5.427481
5.335878
2.450382
-5.541985
-0.145038
4.450382
-0.389313
-2.679389
1.977099
-4.961832
-2.458015
5.015267
-2.015267
-0.954198
6.053435
2.893130
-3.557252
2.816794
-2.381679
3.175573
0.900763
-3.167939
-1.160305
2.343511
-1.312977
-2.267176
5.442748
0.351145
-1.099237
2.854962
-0.923664
-5.312977
0.091603
6.770992
-4.519084
-4.374046
0.564885
4.404580
7.564886
-1.473282
-3.793893
-3.832061
2.045802
5.320611
-0.854962
-4.229008
1.137405
4.832061
-1.870229
-0.992366
-5.282443
2.435115
6.114504
2.786260
-0.236641
-4.671756
-1.984733
1.038168
0.511450
5.099236
-3.969466
4.038168
-5.007634
6.152672
-0.488550
-0.519084
-1.458015
-5.022901
0.183206
4.206107
-3.854962
-4.725191
-2.664122
-1.282443
4.862596
8.167939
0.229008
-3.419847
-2.091603
-5.145038
-7.969466
2.511450
7.465649
2.839695
0.519084
-0.740458
-5.427481
-2.702290
-1.175573
1.022901
4.167939
4.389313
0.992366
-2.656489
-3.190840
-2.076336
3.236641
4.335878
3.061069
6.381680
0.068702
-4.106870
-3.106870
-2.274809
0.335878
5.610687
0.229008
-1.435115
-0.465649
-6.786260
2.732824
0.679389
-3.389313
6.610687
-5.679389
-1.221374
2.480916
-0.732824
2.740458
1.381679
-3.068702
0.961832
-1.832061
4.832061
-3.633588
2.946565
0.374046
-2.419847
4.404580
-3.541985
-1.969466
1.488550
0.618321
-1.091603
4.190840
-1.839695
5.480916
-4.969466
-5.412214
3.862595
-1.351145
2.740458
-2.511450
5.404580
3.015267
-2.419847
2.458015
5.167939
2.793893
2.725191
-3.343511
3.755725
-5.167939
2.267176
-2.832061
3.007634
-3.984733
3.740458
-2.854962
5.358778
-1.664122
6.122138
-3.961832
6.267176
-3.946565
6.160306
-1.427481
4.725191
2.694656
0.167939
-1.763359
0.778626
1.198473
1.885496
0.824427
2.458015
-1.297710
-4.351145
3.236641
-6.114504
2.526718
-3.007634
2.068702
2.167939
0.076336
1.877863
-4.549618
4.923664
2.282443
-2.969466
5.931298
1.717557
-5.145038
6.694656
-2.450382
1.862595
2.946565
-3.122137
-6.832061
4.053435
-3.877863
3.946565
0.053435
-3.534351
2.580153
0.145038
-0.885496
5.053435
-2.297710
-1.458015
3.465649
-3.717557
0.938931
2.664122
-5.175572
3.419847
2.908397
-3.755725
5.335878
-2.312977
2.099237
2.610687
-5.862596
5.656488
0.648855
1.190840
-2.259542
4.137404
-3.381679
4.297710
-2.931298
1.259542
1.801527
-3.160305
2.770992
-2.145038
-2.183206
5.618320
0.541985
-3.755725
3.274809
1.297710
-3.038168
1.748092
2.236641
-5.709924
3.129771
-0.358779
7.610687
-4.091603
2.099237
-2.511450
-2.709924
1.946565
-2.847328
2.870229
-0.458015
2.488550
-2.763359
4.671756
-4.442748
3.572519
-1.740458
2.190840
0.557252
-0.106870
-0.229008
0.908397
-4.839694
2.877863
1.267176
-0.122137
3.160305
-5.122138
7.145038
-4.328244
4.030534
-1.977099
-1.465649
-0.954198
1.038168
-2.778626
5.450382
-3.809160
3.038168
-4.541985
3.358779
-2.145038
5.534351
-3.625954
3.183206
-6.801527
1.618321
3.450382
-6.679389
2.580153
1.183206
-2.015267
4.419847
-4.877862
2.526718
-4.900764
0.236641
3.969466
-2.625954
4.694656
-1.000000
1.603053
3.725191
2.412214
1.709924
-4.312977
4.236641
-0.122137
-0.664122
4.473282
-4.946565
-0.664122
3.938931
-3.641221
0.877863
0.946565
-4.320611
4.114504
-3.213740
3.770992
-0.358779
1.351145
-5.167939
3.335878
-2.534351
-0.954198
4.038168
-2.396947
3.129771
-3.458015
5.290076
-5.007634
4.664122
-2.083969
4.603054
-3.946565
3.748092
-3.893130
6.335878
-0.045802
0.221374
-3.038168
3.496183
-3.473282
2.167939
2.465649
-2.183206
3.335878
-4.343512
4.633588
2.083969
-2.106870
-3.320611
-2.862595
4.061069
-1.969466
2.282443
-1.793893
-0.725191
6.160306
-5.618320
5.160306
-3.282443
1.854962
2.603053
-5.320611
-0.541985
-0.625954
-6.137404
3.931298
-2.297710
-2.664122
2.984733
5.900764
-2.450382
-4.137404
4.488550
4.664122
-3.465649
-0.366412
5.511450
2.496183
2.702290
-4.160306
0.839695
4.763359
-1.984733
4.992366
-5.595420
0.305344
2.267176
-3.358779
5.427481
-5.366412
-2.427481
4.114504
-2.152672
-4.221374
2.404580
5.160306
1.358779
-5.320611
-0.816794
5.610687
0.854962
-1.725191
9.564885
-2.068702
-3.160305
-2.442748
3.847328
3.633588
-6.679389
-0.015267
6.152672
0.687023
-5.557252
2.801527
1.786260
-4.954198
5.129771
-3.320611
1.404580
-0.328244
2.351145
-3.396947
3.786260
-3.259542
3.694656
-5.099236
3.610687
-2.755725
2.770992
-3.534351
2.114504
-2.396947
3.419847
1.022901
2.038168
-3.213740
1.473282
-0.587786
-0.358779
-0.664122
-1.099237
0.809160
3.000000
-2.755725
1.679389
-1.473282
3.778626
-4.755725
-2.938931
2.572519
-2.419847
5.946565
-0.809160
2.022901
-2.328244
4.099236
-5.351145
3.213740
-2.862595
6.992366
-4.725191
3.045802
0.793893
0.885496
2.488550
-4.801527
1.870229
2.740458
1.480916
-2.473282
1.679389
0.053435
1.763359
-1.587786
-0.038168
-4.145038
-0.412214
1.335878
-3.755725
4.832061
-4.465649
0.671756
-1.687023
-1.694656
4.961832
-4.625954
3.900763
-3.206107
4.625954
0.572519
-5.740458
3.160305
2.458015
-1.114504
2.450382
-4.152672
-4.816794
5.343512
-3.778626
-2.030534
5.740458
-2.717557
-2.641221
3.702290
-5.442748
4.870229
-1.221374
2.473282
3.160305
3.022901
-1.641221
-1.687023
-0.396947
-1.778626
1.343511
0.236641
-2.038168
2.236641
-1.381679
6.564886
-1.503817
1.519084
-2.053435
2.114504
2.381679
0.687023
0.687023
0.664122
-2.587786
1.030534
0.893130
-1.595420
-0.297710
1.160305
-2.770992
-1.175573
3.022901
-2.458015
1.648855
3.496183
-1.694656
2.534351
3.183206
2.992366
-2.511450
5.938931
2.877863
-0.366412
2.496183
9.290076
4.038168
5.977099
5.015267
6.748092
6.267176
6.648855
9.541985
5.312977
7.893130
5.938931
9.854961
5.648855
11.870229
5.709924
6.587786
6.816794
6.564886
9.412213
8.816793
6.320611
8.198473
4.969466
7.816794
9.702291
3.992366
6.572519
7.534351
2.343511
1.610687
0.931298
-0.129771
4.541985
3.755725
1.183206
-0.671756
-1.007634
-1.793893
-3.106870
-7.152672
-7.725191
-6.167939
-1.580153
-5.030534
-11.282443
-2.755725
-7.396946
-7.633588
-7.229008
-9.160305
-6.709924
-8.320611
-9.068703
-9.610687
-5.748092
-8.610687
-7.961832
-4.862596
-9.297709
-5.450382
-9.068703
-8.557252
-8.900764
-7.610687
-8.572519
-7.984733
-12.748092
-8.022901
-7.328244
-13.030535
-3.931298
-13.961832
-7.870229
-10.213740
-9.274809
-7.259542
-7.145038
-8.145039
-6.862596
-5.015267
-5.473282
-5.519084
-3.152672
-1.633588
-3.885496
-2.656489
-4.748092
-4.694656
-3.068702
0.251908
0.358779
2.167939
0.076336
-0.183206
0.404580
2.702290
0.244275
-2.190840
1.587786
8.778625
9.603053
9.618320
7.885496
11.442748
10.374045
6.595420
10.106871
11.343512
8.068703
9.847328
8.396947
7.229008
10.061069
8.381680
8.083969
9.480916
9.847328
6.282443
6.045802
8.946565
6.328244
7.259542
9.022901
7.290076
11.297709
12.114504
9.198473
12.816793
9.572519
13.427481
13.274809
11.137404
12.015267
6.213740
6.893130
7.183206
9.221375
12.458015
10.595420
12.312977
12.145039
12.122137
12.083969
9.519084
8.519084
7.129771
7.381680
12.213740
12.541985
11.145039
10.847328
7.290076
5.259542
8.236641
8.557252
10.328244
11.458015
9.984733
8.442748
13.893129
11.458015
10.519084
10.603053
6.183206
7.221374
8.488549
11.816793
11.167939
5.893130
4.152672
8.145039
10.618320
11.297709
6.854962
4.687023
9.396947
8.519084
4.694656
3.190840
5.473282
6.633588
2.587786
0.068702
0.488550
3.396947
5.076336
4.572519
5.480916
1.007634
4.305344
0.679389
2.923664
1.221374
3.435115
-3.053435
-0.740458
4.679389
1.519084
-2.160305
-3.114504
-0.152672
-2.534351
0.824427
-6.969466
-5.145038
-4.229008
-3.648855
-6.091603
-5.488550
-10.786260
-7.885496
-8.862596
-11.206107
-12.992367
-5.923664
-8.488549
-9.076336
-13.923664
-8.106871
-11.526717
-7.427481
-8.786260
-13.748092
-10.603053
-8.167939
-9.854961
-11.938931
-10.992367
-10.519084
-8.717557
-5.717557
-14.618320
-10.709924
-6.832061
-7.778626
-14.427481
-9.442748
-10.427481
-8.770992
-10.916031
-11.793893
-8.709924
-10.717557
-10.541985
-11.755725
-9.625955
-6.312977
-9.549619
-12.412213
-12.725191
-7.580153
-8.870229
-10.290076
-9.824428
-10.198473
-10.114504
-15.076336
-9.244275
-11.045801
-9.549619
-6.587786
-13.618320
-10.809160
-8.389313
-6.488550
-10.259542
-9.229008
-12.900764
-11.076336
-13.068703
-8.702291
-9.839695
-10.740458
-8.007633
-7.145038
-8.687023
-5.648855
-9.374045
-10.435115
-10.755725
-9.160305
-11.198473
-11.832061
-7.015267
-8.519084
-12.847328
-9.557252
-8.183207
-12.206107
-9.251908
-9.511451
-9.419847
-15.519084
-11.236641
-10.061069
-12.335877
-8.893129
-11.167939
-9.473283
-9.015267
-10.793893
-10.129771
-10.572519
-8.931297
-11.923664
-13.267176
-10.564885
-13.320611
-10.099236
-11.435115
-10.366412
-6.732824
-9.603053
-7.549618
-8.503817
-7.694656
-2.732824
-3.282443
-4.832061
1.916031
2.603053
2.969466
2.671756
4.381680
3.244275
5.900764
3.450382
1.786260
6.320611
9.358779
10.877863
10.412213
7.206107
8.351145
9.977099
11.152672
10.877863
10.076336
9.458015
10.030535
8.312977
11.587787
10.740458
12.427481
8.480916
8.717557
9.229008
13.160305
10.358779
8.748092
10.755725
14.366412
11.435115
10.740458
9.091603
11.969465
8.198473
13.396947
14.259542
5.106870
11.290076
11.541985
9.893129
10.343512
9.694656
9.526717
9.000000
7.862596
13.687023
7.328244
6.916030
11.870229
9.732824
13.503817
11.259542
9.198473
10.038168
8.526717
6.610687
11.587787
8.435115
8.167939
7.030534
7.267176
8.282443
10.274809
8.992367
12.938931
9.458015
13.755725
10.564885
8.335877
5.427481
5.709924
11.145039
8.473283
11.740458
8.267176
6.427481
13.229008
12.267176
9.374045
6.770992
6.045802
7.435114
9.259542
13.824428
9.908397
9.274809
13.992367
11.106871
11.503817
6.183206
6.213740
9.671756
11.389313
10.977099
6.160306
14.412213
11.526717
10.709924
9.282443
6.412214
9.305344
11.564885
10.167939
5.908397
8.442748
6.206107
2.251908
3.847328
1.694656
3.389313
-0.221374
-3.152672
-0.015267
-3.984733
-1.129771
-3.160305
-7.740458
-3.229008
-4.488550
-2.893130
-3.893130
-4.343512
-4.091603
-5.198473
-3.114504
-2.488550
-0.557252
-3.740458
0.541985
-2.419847
-3.854962
-4.480916
-4.213740
-4.160306
-4.015267
-5.717557
-6.251908
-1.358779
-4.114504
-2.847328
-4.503817
-1.229008
-2.732824
-3.427481
-5.847328
-4.076336
-1.786260
-1.167939
-2.251908
-0.152672
-1.916031
2.206107
-1.969466
-2.427481
-2.381679
-1.427481
2.083969
-3.702290
0.656489
-0.969466
-2.427481
-2.221374
-0.175573
-2.221374
2.358779
0.022901
-3.137405
1.778626
-2.022901
0.877863
-2.183206
-1.748092
-2.503817
-2.351145
1.160305
-3.793893
1.641221
-2.603053
-0.809160
0.557252
-1.022901
-0.152672
-2.511450
-2.030534
2.312977
1.091603
-2.511450
0.213740
-1.389313
-1.480916
-1.511450
2.374046
-1.633588
0.007634
-0.221374
4.557252
2.854962
0.389313
0.984733
-1.099237
1.183206
3.328244
0.091603
0.045802
0.992366
3.618321
-2.595420
1.335878
-0.564885
2.167939
-0.366412
0.152672
0.183206
-0.389313
2.335878
-0.175573
1.610687
0.442748
1.419847
0.534351
-2.977099
0.198473
2.145038
3.572519
-1.557252
3.358779
1.549618
2.847328
0.473282
2.022901
-1.717557
4.847328
1.961832
-1.687023
1.709924
2.793893
0.106870
-0.480916
-1.343511
-1.183206
-1.488550
-1.519084
2.343511
0.847328
2.198473
-0.473282
1.687023
2.465649
1.748092
2.587786
1.603053
1.793893
-0.427481
-0.473282
0.595420
-0.015267
3.885496
2.625954
2.427481
2.022901
-2.557252
0.000000
1.488550
2.251908
0.908397
1.305344
2.564885
3.748092
-2.763359
0.045802
0.847328
-0.412214
-0.152672
-0.793893
-0.083969
1.206107
1.854962
0.541985
-0.213740
0.076336
2.221374
-1.740458
-2.290076
-1.030534
2.320611
-2.549618
-1.221374
-4.687023
0.541985
0.183206
-1.160305
-1.824427
-6.236641
-0.045802
-3.259542
-6.641222
-2.809160
-4.320611
-2.083969
-4.564886
-0.725191
-2.282443
-0.503817
-1.946565
1.282443
-5.320611
-4.290076
-4.290076
-5.862596
-2.984733
-0.152672
-2.259542
-0.893130
1.206107
-2.854962
1.694656
3.328244
2.381679
3.557252
2.900763
4.007634
-0.206107
2.328244
-0.488550
1.877863
1.671756
5.427481
3.198473
7.358778
1.885496
2.885496
2.824427
5.290076
1.862595
4.694656
1.458015
1.030534
2.061069
1.961832
2.763359
5.175572
4.587786
4.969466
2.351145
7.725191
4.832061
5.389313
2.954198
4.473282
-2.091603
-2.824427
-0.404580
0.954198
4.595420
6.709924
2.938931
2.251908
3.992366
7.137404
3.274809
6.503817
0.755725
5.061069
2.931298
2.427481
1.274809
10.511451
6.152672
4.656488
0.297710
0.122137
4.610687
9.587787
6.099236
5.549618
-0.038168
-0.290076
2.801527
11.404580
7.969466
2.671756
3.160305
7.480916
4.389313
3.015267
4.442748
4.564886
2.274809
1.725191
3.122137
7.274809
2.870229
3.877863
3.183206
5.114504
2.618321
3.061069
8.396947
5.633588
4.068702
7.282443
5.244275
6.923664
6.709924
3.213740
5.335878
7.755725
5.580153
7.022901
4.389313
5.129771
6.931298
3.305344
5.343512
2.534351
3.931298
3.061069
1.923664
5.282443
4.587786
3.091603
2.290076
0.839695
4.450382
3.351145
1.450382
4.587786
1.839695
1.183206
2.954198
2.022901
3.213740
3.015267
2.335878
3.213740
3.061069
2.809160
2.045802
2.862595
5.274809
3.442748
1.175573
5.557252
2.954198
5.618320
2.251908
0.000000
3.091603
3.885496
0.496183
0.007634
3.786260
0.541985
-0.282443
3.297710
2.213740
2.763359
1.519084
1.274809
2.435115
3.572519
1.587786
3.488550
1.641221
1.480916
0.740458
0.427481
1.793893
0.435115
-0.335878
2.709924
2.862595
1.374046
2.122137
1.083969
1.526718
1.824427
1.412214
-1.175573
-0.885496
1.732824
2.610687
1.809160
0.213740
2.916031
1.625954
-0.320611
3.641221
-0.190840
4.374046
0.526718
0.473282
1.381679
2.488550
2.007634
4.702290
1.282443
0.175573
1.984733
2.595420
1.473282
0.610687
0.129771
1.977099
-0.786260
-0.564885
0.259542
0.687023
-0.740458
-2.793893
-0.305344
0.221374
-0.786260
-1.374046
0.534351
3.015267
0.122137
-1.519084
1.190840
0.129771
2.801527
-2.969466
-1.572519
-0.770992
0.076336
0.709924
-1.526718
-3.106870
-2.740458
-0.625954
-1.030534
-0.030534
0.877863
0.465649
-1.076336
0.786260
-1.755725
1.213740
-2.045802
-2.671756
-0.007634
-2.068702
-2.709924
-3.419847
-2.618321
-2.450382
-4.633588
-5.778626
-1.580153
-1.343511
0.473282
-0.366412
-0.465649
-2.183206
-1.267176
2.786260
-0.580153
-1.061069
-1.503817
-0.328244
-1.572519
-0.969466
0.702290
1.396947
-0.114504
1.931298
1.595420
-1.083969
3.816794
0.519084
0.557252
1.664122
-0.335878
2.847328
-1.122137
1.022901
2.893130
-0.717557
0.641221
4.320611
3.167939
0.557252
-0.175573
-0.526718
0.396947
1.877863
2.458015
1.618321
1.145038
-2.129771
3.954198
1.938931
3.022901
0.343511
4.099236
0.969466
2.267176
3.190840
-0.106870
3.465649
0.229008
3.961832
1.725191
4.320611
1.366412
2.236641
3.320611
1.297710
0.694656
0.213740
-0.763359
1.083969
3.404580
1.648855
0.259542
0.938931
0.778626
-0.541985
1.068702
-0.167939
1.625954
-0.282443
4.801527
1.442748
7.625954
6.839694
6.312977
1.824427
4.595420
10.351145
0.412214
9.458015
4.175572
8.137404
3.847328
4.259542
4.847328
6.786260
7.496183
2.076336
7.770992
6.038168
8.816793
4.679389
9.435115
2.748092
0.206107
12.900764
5.786260
3.816794
2.511450
0.832061
2.122137
2.503817
6.725191
4.290076
13.473283
2.389313
10.702291
9.137404
4.595420
13.335877
3.183206
8.473283
6.938931
3.854962
7.396946
7.419847
11.305344
1.274809
9.946565
2.702290
12.595420
2.213740
5.488550
9.702291
9.977099
8.656488
4.587786
10.206107
1.549618
10.083969
2.122137
0.664122
7.503817
1.160305
-4.381680
3.488550
-5.244275
3.641221
-2.534351
6.374046
-2.786260
-4.656488
-2.801527
-4.320611
-4.664122
-2.717557
-4.694656
2.992366
-3.167939
-0.129771
4.839694
-3.648855
3.167939
4.908397
4.961832
-6.977099
1.389313
5.000000
-2.297710
-3.083969
4.763359
1.083969
-3.198473
5.190840
-0.824427
-3.068702
7.335878
-0.847328
-1.145038
4.458015
2.824427
-4.610687
4.152672
1.954198
-3.984733
1.526718
3.671756
-3.839695
-1.480916
6.625954
-0.496183
-5.076336
4.664122
2.694656
0.618321
-5.274809
4.007634
-2.633588
0.694656
3.740458
-2.564885
4.984733
-2.854962
4.465649
7.809160
-2.732824
2.343511
-1.503817
-0.854962
2.351145
-4.511450
7.366412
-2.351145
1.267176
0.053435
-1.137405
4.641222
-3.931298
2.045802
0.488550
-0.938931
4.809160
-4.854962
3.091603
-0.480916
3.816794
-1.412214
-4.419847
5.206107
-4.106870
3.679389
-4.259542
3.786260
0.335878
0.435115
-0.770992
3.740458
-3.580153
4.557252
-1.129771
-4.083970
2.458015
-6.862596
5.694656
-1.206107
-1.290076
-0.198473
0.068702
0.931298
2.251908
2.816794
1.641221
1.015267
0.412214
1.893130
-3.114504
-3.099237
-3.229008
-3.900763
-1.458015
0.923664
4.297710
1.557252
-2.221374
1.068702
-3.068702
-2.519084
1.893130
0.442748
-0.351145
-3.442748
2.625954
0.244275
-3.916031
0.786260
1.557252
3.244275
-2.664122
0.068702
1.969466
0.038168
-1.969466
-1.717557
0.893130
-0.496183
2.442748
-2.068702
-1.748092
-1.099237
4.648855
2.267176
-2.786260
-4.877862
-2.358779
-1.206107
1.969466
0.755725
0.946565
-2.656489
-1.099237
-1.671756
2.206107
-0.885496
-1.908397
4.427481
3.404580
2.923664
-1.877863
-3.618321
-3.664122
-3.290076
1.969466
1.213740
1.877863
0.458015
3.038168
3.290076
-2.358779
-5.213740
-2.801527
-0.511450
0.877863
2.114504
1.824427
-1.022901
0.511450
-0.183206
-3.045802
-2.061069
-0.114504
-1.641221
-4.229008
-2.572519
4.931298
2.015267
4.450382
2.122137
-2.389313
-3.190840
-2.290076
-5.022901
-0.366412
6.259542
-0.160305
2.366412
-2.213740
-3.076336
0.145038
4.549618
-1.503817
-6.503817
-8.267176
-0.442748
-3.137405
-2.839695
-1.519084
-5.587786
-7.725191
-12.267176
-13.083969
-8.770992
-6.351145
-6.145038
-2.274809
0.923664
1.198473
3.297710
2.595420
1.656489
-2.091603
-2.274809
-5.114504
-3.656489
-1.198473
-4.068702
2.236641
5.534351
6.145038
6.816794
8.824428
7.267176
8.893129
8.549619
5.847328
2.419847
5.511450
4.404580
3.458015
10.816793
10.297709
8.694656
6.427481
2.519084
4.274809
8.076336
3.358779
6.480916
11.618320
8.351145
3.259542
3.465649
4.870229
9.412213
8.862596
-1.488550
2.297710
2.786260
3.725191
5.267176
8.030535
7.282443
6.503817
6.190840
6.450382
6.190840
6.229008
2.549618
2.709924
-3.381679
-0.366412
2.358779
-0.984733
-0.213740
0.122137
-2.229008
-1.748092
2.503817
2.328244
4.083970
4.702290
4.458015
2.229008
2.984733
2.129771
2.679389
-2.137405
-1.526718
-4.854962
-3.969466
-2.213740
0.900763
2.496183
2.893130
0.213740
-5.290076
-5.625954
-7.213740
-3.618321
-1.465649
2.160305
2.099237
-1.877863
-3.732824
-9.022901
-5.503817
-0.091603
2.900763
0.290076
0.206107
-5.206107
-1.030534
-1.923664
5.213740
3.618321
-1.893130
-1.862595
-2.488550
0.954198
3.366412
3.656489
1.641221
-1.061069
-1.572519
2.687023
3.114504
2.778626
1.870229
-2.625954
-0.549618
4.320611
4.450382
2.465649
-0.656489
-4.022901
4.343512
-0.061069
0.442748
-3.893130
-2.297710
4.687023
3.053435
-2.068702
-3.435115
0.076336
6.290076
-0.488550
-2.679389
1.732824
4.335878
-3.900763
-1.167939
1.374046
3.503817
-2.068702
-4.366412
1.862595
3.893130
-2.206107
-4.213740
-2.961832
2.572519
-1.076336
-6.366412
-5.488550
-4.694656
-10.847328
-4.465649
-0.435115
-5.595420
-8.641221
-6.045802
-2.877863
-4.297710
-8.290076
-1.030534
0.351145
-5.061069
-8.366412
-4.519084
1.167939
-1.816794
-4.938931
-4.030534
-2.213740
0.809160
-0.412214
-3.870229
0.648855
3.473282
2.587786
-1.328244
3.824427
0.816794
-1.106870
-2.167939
4.595420
0.045802
-3.396947
4.679389
2.824427
-0.671756
-3.419847
3.442748
5.404580
6.404580
1.190840
-0.679389
7.167939
7.473282
3.679389
-0.564885
0.061069
-1.908397
-0.305344
1.916031
5.076336
9.221375
5.770992
2.473282
-1.465649
2.068702
0.679389
-0.954198
-0.145038
1.763359
5.229008
7.083970
5.198473
-1.717557
0.977099
5.351145
6.091603
1.167939
-0.832061
0.809160
4.236641
7.702290
1.404580
-1.770992
0.328244
7.809160
6.587786
-0.335878
4.099236
-0.038168
8.427481
9.259542
3.473282
4.213740
7.778626
7.282443
0.549618
6.198473
9.328244
0.534351
5.267176
11.229008
2.580153
2.625954
9.114504
3.587786
1.511450
7.679389
6.091603
1.862595
6.557252
5.557252
0.938931
0.190840
0.106870
6.633588
5.809160
8.908397
6.801527
5.511450
7.458015
6.312977
5.076336
0.007634
1.633588
-0.068702
5.122138
3.160305
8.450381
5.946565
3.587786
5.229008
7.870229
6.885496
6.312977
0.099237
-1.374046
0.183206
-0.511450
0.862595
-2.030534
1.145038
0.641221
4.435114
5.961832
8.030535
4.633588
0.778626
-2.175573
2.091603
-2.038168
0.374046
2.244275
-2.496183
-2.557252
2.480916
1.687023
-0.809160
-3.564885
-6.908397
-5.793893
1.030534
2.061069
-1.541985
-7.580153
-9.175572
-4.244275
-0.427481
-4.106870
-6.297710
-2.358779
-1.656489
-2.022901
-4.580153
-8.809160
-8.412213
-10.389313
-8.671756
-7.595420
-10.526717
-11.442748
-10.793893
-4.931298
-5.259542
-3.534351
-5.763359
-11.274809
-12.694656
-10.893129
-11.725191
-13.045801
-8.549619
-3.725191
-2.969466
-7.427481
-14.534351
-12.198473
-12.068703
-11.007633
-11.030535
-7.450382
-3.358779
-8.404580
-12.557252
-7.076336
-2.274809
-0.137405
-4.480916
-7.755725
-3.839695
1.648855
-1.015267
-4.740458
-2.854962
2.648855
-0.824427
-3.671756
4.251908
3.389313
-0.381679
0.923664
5.877862
2.572519
1.404580
5.267176
-0.022901
8.916031
4.572519
-0.259542
12.244275
5.412214
1.740458
5.564886
9.198473
3.648855
5.061069
11.015267
5.328244
1.908397
4.977099
8.137404
8.519084
9.641221
5.351145
3.564885
10.793893
10.679389
5.832061
5.793893
8.145039
9.740458
7.381680
5.198473
2.656489
6.221374
13.923664
6.770992
5.160306
10.824428
6.633588
8.083969
9.893129
14.832061
12.312977
13.328244
12.938931
5.717557
8.587787
10.816793
6.015267
10.992367
8.274809
8.473283
10.534351
8.732824
5.656488
3.664122
13.106871
7.687023
7.328244
7.061069
8.732824
7.145038
1.938931
8.770992
5.839694
8.328244
7.854962
6.053435
0.923664
3.854962
4.824428
7.114504
9.190840
7.671756
4.770992
6.412214
5.076336
8.343512
4.709924
2.564885
5.694656
6.832061
5.091603
4.061069
4.099236
4.725191
4.992366
2.816794
2.946565
2.572519
3.145038
2.610687
5.595420
3.114504
0.175573
3.992366
4.595420
4.793893
7.427481
3.908397
6.641222
0.587786
4.251908
3.816794
3.053435
2.931298
4.366412
5.114504
0.893130
1.000000
0.580153
5.053435
2.183206
-0.038168
1.748092
-1.221374
0.992366
-1.091603
-0.251908
0.221374
-1.854962
0.167939
0.786260
0.755725
2.503817
0.000000
0.358779
-0.358779
0.061069
2.580153
-0.458015
-1.519084
2.694656
0.503817
-1.824427
0.954198
1.305344
-1.641221
1.045802
1.244275
0.076336
0.809160
1.870229
-2.083969
0.274809
-0.839695
-1.198473
-1.870229
-0.015267
0.885496
0.664122
2.778626
1.129771
0.129771
1.877863
1.587786
3.801527
2.465649
0.366412
2.198473
-1.244275
1.007634
1.167939
-1.587786
1.129771
1.511450
1.946565
-1.099237
0.908397
1.534351
0.778626
-0.473282
0.473282
-0.671756
3.175573
-0.320611
-0.908397
0.427481
0.816794
1.900763
1.648855
-1.801527
2.763359
-0.412214
2.664122
-3.419847
-1.320611
-1.450382
-1.404580
2.900763
4.450382
1.206107
4.480916
5.465649
1.297710
-5.351145
-4.343512
4.458015
2.167939
-5.091603
-1.442748
5.076336
3.870229
-4.442748
-6.671756
6.473282
-1.129771
-2.236641
4.900764
-4.908397
4.099236
-3.900763
-2.503817
4.503817
-0.671756
4.190840
2.061069
4.381680
4.442748
-1.671756
-0.274809
-0.778626
-1.412214
-0.931298
-3.045802
-0.473282
-1.557252
0.198473
0.274809
-4.717557
-2.824427
0.343511
-6.770992
-1.106870
-2.076336
-6.862596
-9.557252
-7.816794
-7.893130
-5.687023
-8.419847
-8.106871
-8.564885
-11.396947
-10.923664
-12.038168
-9.870229
-3.763359
-9.244275
-7.145038
-6.862596
-6.229008
-9.877863
-7.702290
-12.671756
-13.961832
-5.625954
-5.427481
-5.213740
-9.129771
-10.648855
-5.488550
-6.793893
-10.412213
-7.862596
-11.496183
-9.053435
-8.984733
-8.809160
-10.832061
-6.068702
-8.458015
-10.885496
-8.251908
-8.793893
-6.519084
-12.503817
-11.274809
-9.206107
-7.061069
-8.603053
-8.137404
-10.442748
-10.091603
-11.664123
-6.343512
-6.824428
-9.984733
-12.206107
-8.610687
-9.450381
-12.351145
-10.335877
-8.221375
-13.152672
-8.870229
-5.564886
-8.152672
-12.572519
-10.480916
-7.854962
-7.938931
-9.801527
-6.526718
-7.885496
-13.740458
-9.793893
-5.977099
-10.755725
-9.541985
-6.351145
-8.664123
-10.923664
-6.664122
-11.725191
-11.152672
-7.641222
-9.541985
-7.229008
-11.221375
-7.664122
-7.412214
-14.099236
-7.511450
-10.083969
-13.000000
-7.022901
-7.183206
-10.778625
-9.213740
-7.236641
-6.160306
-11.396947
-12.419847
-11.022901
-9.664123
-12.137404
-6.755725
-4.832061
-8.412213
-12.793893
-4.572519
-14.870229
-7.229008
-11.206107
-10.236641
-11.519084
-5.274809
-10.778625
-8.068703
-11.916031
-7.221374
-7.687023
-15.709924
-9.854961
-11.328244
-10.709924
-7.557252
-5.931298
-10.007633
-11.870229
-11.832061
-8.396947
-10.007633
-13.824428
-9.015267
-8.526717
-8.396947
-9.099236
-9.778625
-9.458015
-8.282443
-10.167939
-4.595420
-12.259542
-10.198473
-9.091603
-10.793893
-9.366412
-7.854962
-12.870229
-7.687023
-12.709924
-7.725191
-11.450381
-12.832061
-8.648855
-5.396946
-6.496183
-9.648855
-14.290076
-9.557252
-10.488549
-15.572519
-11.908397
-10.297709
-8.954199
-8.603053
-8.641221
-10.664123
-8.595420
-11.969465
-13.709924
-10.099236
-10.137404
-8.435115
-6.656488
-6.480916
-5.190840
-12.534351
-10.732824
-11.656488
-11.809160
-7.038168
-9.259542
-10.549619
-10.702291
-11.519084
-13.320611
-7.541985
-9.824428
-9.015267
-7.473282
-14.763359
-10.519084
-8.648855
-11.167939
-8.862596
-9.221375
-9.091603
-10.503817
-11.160305
-10.068703
-7.870229
-9.480916
-9.885496
-9.786260
-7.160306
-12.221375
-8.167939
-9.083969
-11.496183
-16.038168
-12.717557
-9.122137
-13.969465
-11.786260
-10.175572
-9.984733
-9.648855
-6.297710
-7.786260
-9.801527
-9.297709
-14.045801
-10.305344
-5.076336
-6.824428
-8.061069
-4.358778
0.389313
-2.198473
-2.809160
-1.511450
-4.870229
-1.557252
-0.541985
-0.435115
5.679389
3.229008
3.274809
4.717557
4.961832
6.206107
3.519084
7.236641
7.832061
6.832061
9.534351
4.625954
7.702290
10.053435
10.633588
7.709924
6.175572
11.145039
13.358779
12.206107
11.213740
11.557252
8.832061
6.427481
6.816794
10.625955
11.335877
13.167939
9.854961
8.671756
8.778625
7.893130
7.580153
10.320611
10.885496
11.557252
10.954199
7.206107
9.206107
10.091603
11.068703
12.931297
12.099236
8.473283
4.564886
9.832061
6.984733
8.763359
10.549619
8.137404
8.465649
7.908397
6.549618
7.305344
4.503817
7.015267
7.786260
10.778625
8.641221
4.557252
6.496183
11.870229
10.641221
12.122137
10.885496
8.717557
10.633588
6.389313
8.923664
6.114504
11.122137
7.290076
8.473283
6.374046
5.740458
9.671756
13.732824
10.954199
8.595420
6.206107
9.908397
6.145038
4.694656
9.870229
7.992366
7.862596
7.656488
10.236641
9.145039
10.244275
8.954199
6.465649
8.358779
7.694656
6.908397
5.412214
8.167939
10.259542
6.984733
9.442748
12.175572
9.801527
11.251908
11.183207
8.488549
14.977099
9.893129
11.343512
8.267176
9.893129
10.664123
8.801527
11.198473
7.549618
4.114504
12.900764
11.809160
12.068703
9.954199
5.587786
6.839694
5.435114
8.519084
9.847328
7.572519
7.900764
10.679389
14.114504
8.419847
9.305344
5.671756
3.793893
7.473282
5.839694
5.045802
10.633588
8.259542
12.343512
5.511450
8.587787
9.740458
5.007634
12.885496
8.068703
13.335877
9.755725
9.465649
8.404580
9.145039
8.893129
5.763359
3.885496
5.946565
6.312977
5.465649
6.908397
5.725191
4.648855
7.389313
7.862596
4.290076
5.114504
3.977099
4.160306
3.076336
4.213740
7.488550
4.564886
5.229008
4.526718
-0.312977
5.435114
-0.145038
-0.610687
1.328244
4.946565
3.335878
-0.870229
1.954198
5.534351
-1.213740
5.488550
-1.519084
5.000000
-4.610687
7.114504
-4.870229
7.427481
-2.083969
6.816794
0.854962
1.862595
1.618321
-3.862595
8.572519
-4.511450
2.236641
3.862595
3.328244
4.167939
0.740458
5.473282
2.030534
-2.511450
-2.832061
1.549618
-3.603053
-4.061069
-0.129771
4.984733
4.458015
1.671756
-2.213740
-2.267176
-4.717557
-0.167939
2.328244
1.893130
0.969466
-0.259542
-5.374046
4.259542
2.328244
-4.572519
-1.801527
3.312977
3.061069
-1.938931
-4.625954
-4.656488
2.198473
5.702290
2.068702
-6.396946
-0.358779
2.442748
0.832061
-3.572519
-0.824427
3.725191
-1.694656
4.038168
4.183206
2.450382
-2.236641
-0.793893
4.709924
1.389313
-1.549618
-2.687023
0.763359
3.206107
2.977099
-0.297710
-1.167939
-4.221374
2.160305
1.839695
0.435115
-1.900763
3.381679
1.435115
-1.488550
-3.282443
-1.412214
5.450382
4.053435
2.167939
-6.290076
-3.977099
-3.061069
-2.297710
0.671756
4.435114
3.274809
-0.290076
1.030534
-3.839695
1.328244
1.404580
2.633588
3.351145
1.374046
-0.633588
-3.396947
-1.931298
-3.000000
2.038168
-0.297710
0.534351
-2.129771
1.244275
-0.511450
0.183206
0.824427
-2.213740
1.870229
0.725191
-3.343511
-2.755725
-0.251908
3.763359
-0.183206
0.580153
-1.091603
-1.740458
-0.473282
1.320611
0.175573
-1.946565
1.351145
0.595420
-1.664122
-5.381680
1.557252
-1.381679
-2.870229
1.274809
-0.992366
-2.580153
-0.549618
1.221374
1.152672
-3.190840
-1.312977
0.984733
1.259542
0.480916
0.954198
1.320611
-1.641221
-1.488550
-3.259542
-0.648855
0.091603
1.847328
0.343511
-0.129771
-0.854962
-3.282443
-0.839695
1.274809
-2.030534
-0.961832
-1.549618
-3.083969
-1.007634
-0.137405
0.259542
2.244275
-1.664122
0.763359
-1.946565
-1.862595
-1.091603
0.435115
-3.801527
0.312977
-0.893130
-3.427481
-1.442748
-2.625954
1.328244
-1.282443
-3.374046
-0.946565
1.320611
-3.389313
-0.641221
1.244275
-1.160305
-3.541985
0.832061
0.564885
1.625954
2.709924
1.190840
4.519084
2.694656
1.900763
1.564885
-2.015267
1.793893
2.236641
0.641221
3.206107
2.076336
2.862595
0.526718
0.480916
0.580153
0.396947
-2.816794
0.603053
-0.770992
-1.198473
-1.671756
-1.549618
-1.618321
-2.259542
4.335878
3.167939
2.129771
-1.732824
0.198473
2.366412
0.816794
-0.351145
1.038168
-1.015267
1.305344
2.389313
0.847328
-3.068702
0.343511
-2.687023
1.770992
5.641222
4.290076
0.977099
3.312977
0.396947
-0.274809
-1.312977
0.832061
3.435115
0.045802
1.198473
-1.847328
-0.923664
5.366412
3.442748
0.389313
0.549618
-0.656489
-0.045802
-2.816794
-0.564885
-2.374046
-0.702290
2.351145
-3.603053
0.442748
-0.824427
3.213740
-0.389313
-1.213740
-2.038168
3.580153
3.175573
2.824427
-4.473282
-2.473282
1.389313
-1.862595
-1.274809
1.282443
1.312977
0.587786
0.305344
0.061069
4.152672
0.961832
-1.320611
2.633588
-2.229008
-0.549618
2.175573
1.770992
0.587786
0.679389
1.740458
0.977099
-1.862595
1.351145
-0.236641
-2.396947
0.053435
1.923664
0.702290
1.694656
0.053435
-0.488550
2.358779
-0.694656
2.442748
0.885496
0.267176
0.167939
1.847328
-2.122137
0.717557
0.916031
3.366412
-0.587786
1.603053
0.458015
0.595420
-3.045802
1.022901
1.374046
0.954198
-0.511450
-0.122137
-0.877863
-1.442748
0.977099
1.381679
1.206107
2.671756
1.854962
-0.229008
0.374046
1.961832
1.786260
-1.763359
-2.435115
-1.335878
-0.244275
-0.351145
1.503817
0.664122
2.885496
2.961832
0.679389
-0.908397
2.358779
0.824427
0.137405
-2.496183
-2.152672
-1.442748
-0.137405
0.839695
-2.106870
1.328244
1.664122
2.236641
0.832061
-0.106870
3.091603
1.709924
1.694656
2.061069
0.503817
3.312977
2.465649
-0.763359
-0.175573
1.091603
3.320611
1.160305
-0.862595
0.251908
1.282443
1.946565
0.511450
0.618321
0.480916
-0.671756
2.374046
0.587786
2.297710
1.305344
1.679389
-0.366412
-1.625954
0.679389
0.488550
-1.152672
2.183206
-1.526718
-1.717557
-0.152672
0.656489
-0.404580
2.343511
2.625954
-1.717557
-0.877863
4.358778
3.236641
2.770992
2.450382
0.549618
0.572519
2.816794
3.198473
2.893130
3.969466
1.183206
-0.480916
0.503817
-0.419847
2.343511
-1.450382
1.496183
0.000000
4.068702
3.282443
-0.312977
3.511450
2.503817
1.160305
0.847328
-0.717557
-1.000000
-0.030534
-4.885496
-2.412214
2.083969
1.977099
-0.541985
-0.435115
-4.679389
1.549618
0.312977
-2.832061
-3.091603
-3.732824
-0.465649
1.122137
-1.419847
-1.916031
-3.984733
-3.152672
-4.374046
-1.740458
-2.938931
-0.916031
-4.000000
-1.419847
-0.480916
-0.534351
-2.824427
-2.129771
-2.778626
-2.183206
-2.732824
-2.610687
-3.969466
0.297710
0.396947
-2.877863
-4.221374
-2.053435
-1.213740
2.320611
-4.625954
-1.977099
-1.656489
0.137405
0.992366
0.984733
0.847328
-3.595420
2.305344
1.015267
-0.984733
-1.076336
1.740458
0.847328
-3.519084
-1.595420
0.839695
1.885496
-1.328244
2.908397
6.839694
1.755725
-0.145038
1.824427
0.412214
2.183206
4.106870
3.267176
2.641221
0.038168
0.900763
-0.083969
2.809160
1.809160
2.465649
3.465649
3.312977
1.419847
1.038168
1.679389
2.496183
3.152672
1.259542
1.015267
2.022901
0.061069
1.374046
-0.770992
3.053435
1.641221
4.870229
2.503817
3.160305
1.381679
0.984733
2.259542
-0.145038
0.175573
3.549618
1.129771
2.206107
-2.198473
1.167939
2.160305
2.091603
-0.442748
4.480916
4.908397
-0.496183
1.725191
3.419847
3.969466
4.007634
2.694656
-0.519084
3.633588
3.030534
-0.343511
3.694656
1.488550
2.748092
5.152672
-0.900763
0.083969
1.801527
1.282443
-1.732824
-2.740458
1.778626
4.946565
0.091603
-1.167939
-4.000000
-1.801527
1.931298
1.221374
0.183206
-2.732824
1.862595
0.122137
-0.625954
2.137405
1.679389
-1.709924
1.473282
-0.465649
-1.351145
3.908397
-1.320611
2.305344
1.641221
-0.106870
1.610687
-1.709924
-1.480916
-0.061069
-0.900763
-0.251908
0.725191
-2.091603
-3.038168
2.328244
-2.274809
1.854962
-0.816794
-3.717557
-1.793893
4.000000
0.786260
-4.328244
2.717557
4.419847
7.992366
-1.045802
-1.763359
5.038168
-2.656489
6.595420
-2.610687
6.694656
2.755725
-5.740458
-1.923664
-2.488550
-2.412214
1.267176
-0.488550
-1.290076
1.083969
-1.465649
-4.236641
-4.053435
-6.076336
-4.938931
-4.358778
-3.145038
-4.137404
-0.557252
4.717557
4.129771
-0.015267
-4.725191
0.885496
-3.198473
3.977099
-2.854962
4.381680
-7.007634
4.412214
-1.473282
5.832061
3.885496
6.099236
-1.809160
4.083970
0.847328
2.053435
8.458015
-3.656489
6.603054
-2.274809
-0.358779
5.725191
0.916031
-6.366412
3.450382
2.809160
-4.396946
4.687023
1.496183
-5.389313
4.061069
-3.053435
3.114504
-2.221374
-8.083969
1.618321
1.671756
-4.328244
-5.083970
4.450382
6.809160
-3.946565
3.541985
6.458015
-0.343511
-4.977099
0.167939
4.893130
-0.343511
-5.152672
3.809160
3.618321
1.610687
-4.152672
-1.221374
5.068702
-0.274809
-4.435114
4.312977
-5.160306
2.519084
3.549618
-4.557252
-4.961832
-2.068702
-2.572519
-0.190840
1.832061
0.977099
-3.511450
-3.183206
-3.557252
-3.297710
-1.435115
-0.465649
-3.374046
-3.938931
-5.557252
-3.732824
-2.435115
-2.717557
-2.297710
-3.290076
-5.160306
-5.396946
-4.389313
-7.564886
-5.496183
-5.809160
-1.854962
-5.480916
-5.984733
-4.320611
-3.526718
-4.732824
-4.435114
-1.633588
-1.198473
-2.091603
-0.885496
-0.946565
0.908397
2.519084
0.770992
0.610687
-0.015267
0.404580
-1.290076
-0.122137
-0.641221
-0.702290
0.404580
-2.572519
-1.244275
0.183206
0.290076
1.137405
-1.877863
-1.274809
1.671756
0.534351
-2.603053
-1.404580
-1.152672
-0.282443
2.480916
0.656489
1.099237
-1.053435
-1.656489
-0.358779
1.129771
-2.763359
-0.061069
3.374046
-0.992366
-2.435115
-1.809160
3.595420
1.190840
0.740458
0.389313
1.763359
-0.229008
-1.053435
3.328244
1.236641
-0.496183
1.854962
-0.679389
-1.328244
-0.068702
-0.267176
1.748092
1.358779
1.206107
2.053435
1.908397
3.282443
2.099237
2.824427
1.587786
3.648855
4.244275
4.580153
2.847328
5.511450
2.763359
1.137405
4.755725
3.404580
0.083969
2.977099
0.290076
3.366412
0.740458
1.076336
1.358779
-1.496183
2.450382
2.435115
0.175573
0.923664
1.221374
4.893130
2.442748
4.877862
0.343511
2.656489
0.015267
2.534351
2.259542
2.221374
4.091603
0.274809
2.526718
2.236641
1.954198
2.251908
0.854962
1.389313
-0.297710
2.847328
-1.946565
0.839695
1.091603
1.190840
1.221374
2.961832
1.320611
4.152672
-0.106870
2.053435
0.473282
-0.900763
-0.389313
0.534351
-0.305344
-1.320611
1.274809
1.969466
-3.290076
-0.297710
-0.755725
-1.954198
-2.091603
-0.778626
0.541985
-1.045802
1.580153
-0.519084
-2.740458
-0.908397
-3.259542
-1.099237
-1.190840
-3.687023
-0.969466
-2.442748
-1.786260
0.595420
0.702290
-0.473282
-2.320611
-0.236641
-1.259542
0.160305
0.931298
-1.068702
0.526718
-0.572519
-0.832061
0.694656
0.900763
-1.572519
-1.595420
0.519084
-0.511450
0.832061
-1.114504
-3.824427
-3.045802
-2.358779
-2.870229
0.259542
0.740458
-0.122137
1.244275
-0.137405
2.961832
1.458015
1.671756
-1.160305
0.664122
0.351145
2.473282
0.412214
-0.274809
3.145038
-0.488550
0.213740
-3.427481
0.381679
0.687023
3.709924
1.938931
1.610687
1.824427
-0.458015
0.580153
1.038168
-0.923664
1.748092
-0.977099
0.374046
1.694656
1.946565
-0.083969
2.328244
2.656489
-0.740458
3.900763
0.885496
2.099237
4.358778
4.839694
1.908397
2.740458
0.145038
0.236641
0.778626
3.564885
-0.641221
1.969466
0.832061
1.854962
2.961832
0.083969
2.534351
0.213740
-1.503817
-0.923664
0.030534
3.557252
2.664122
2.213740
1.450382
1.167939
1.190840
2.122137
1.778626
4.725191
0.702290
-2.007634
4.389313
0.091603
4.190840
4.198473
-3.312977
2.091603
4.473282
4.000000
-2.305344
-4.847328
6.732824
-3.312977
-2.442748
2.312977
-3.450382
5.152672
-2.442748
0.290076
4.603054
0.885496
-1.732824
6.419847
3.229008
0.839695
6.931298
1.030534
6.916030
3.885496
-2.511450
7.564886
-3.648855
5.450382
-0.396947
1.740458
-0.175573
-2.541985
6.145038
-3.832061
6.076336
0.664122
7.732824
-2.267176
3.419847
4.076336
-0.854962
8.351145
-2.549618
4.236641
1.709924
-1.580153
5.442748
0.793893
-1.633588
4.679389
-1.312977
-3.106870
6.122138
3.351145
-2.152672
2.137405
5.748092
-2.503817
0.274809
5.000000
-2.251908
-0.404580
7.870229
0.389313
1.221374
2.603053
4.305344
6.450382
-3.618321
0.030534
3.480916
-0.068702
3.488550
2.793893
2.114504
1.190840
1.687023
-0.885496
4.610687
4.465649
0.244275
2.022901
-1.770992
1.480916
0.435115
-0.015267
1.992366
0.938931
2.000000
1.984733
-0.595420
4.778626
0.480916
0.793893
6.015267
-0.374046
1.412214
3.595420
1.442748
4.916030
1.351145
-2.549618
2.961832
3.022901
0.664122
6.816794
0.564885
-3.480916
4.931298
2.679389
-1.129771
2.458015
2.679389
2.175573
-1.213740
-0.572519
1.938931
-2.732824
-0.984733
1.404580
-0.625954
-1.122137
-0.343511
0.893130
2.160305
-0.870229
-0.572519
-0.435115
-4.290076
-1.549618
0.061069
-1.595420
4.954198
3.923664
0.229008
1.000000
1.534351
2.419847
-0.748092
-0.809160
1.091603
-1.297710
2.244275
0.236641
-2.488550
0.259542
0.145038
0.099237
0.312977
-0.900763
-0.847328
-1.610687
1.152672
-0.419847
-1.068702
3.320611
0.824427
1.404580
-3.160305
-1.534351
-1.824427
-2.297710
-1.893130
-2.526718
-1.954198
-0.473282
-2.885496
0.870229
-0.312977
0.473282
-0.427481
-1.648855
-0.145038
0.564885
-0.633588
-1.145038
0.961832
-1.480916
1.900763
0.541985
0.893130
-1.946565
0.977099
1.549618
-0.923664
1.694656
-0.068702
0.687023
-2.664122
2.587786
2.259542
-1.045802
-1.229008
0.335878
-2.732824
0.870229
1.122137
-0.977099
2.923664
1.839695
-0.282443
0.885496
0.129771
-1.335878
-1.083969
-1.732824
0.946565
-0.778626
1.129771
0.244275
1.221374
2.198473
1.793893
-1.717557
1.091603
-0.106870
0.908397
-0.900763
0.251908
-0.862595
0.801527
2.793893
-0.175573
-2.282443
1.740458
0.068702
0.419847
0.763359
0.389313
-1.740458
-0.251908
-0.236641
-0.435115
-0.274809
0.221374
1.312977
1.702290
-1.282443
2.450382
-0.755725
-1.595420
2.038168
1.458015
-1.625954
-1.854962
-1.816794
0.000000
-2.374046
-0.595420
-2.305344
0.526718
-2.007634
-1.732824
-4.541985
-1.603053
-2.022901
-1.740458
-4.396946
-4.450382
-3.549618
-4.748092
-0.458015
-3.458015
-4.335878
-2.297710
-5.045802
-2.236641
-1.503817
-4.076336
-3.045802
-1.709924
-3.450382
-0.969466
-0.137405
-5.435114
-2.862595
-2.427481
-2.923664
-3.450382
0.366412
-3.511450
2.679389
-1.816794
-1.251908
-2.526718
-1.343511
0.564885
1.465649
1.618321
-0.015267
-2.480916
-0.938931
0.587786
-3.305344
-2.740458
-2.625954
-0.885496
0.160305
-1.068702
-1.213740
2.114504
1.183206
-0.244275
-0.557252
-0.442748
0.045802
3.381679
-0.343511
-1.908397
-0.167939
0.381679
0.053435
0.702290
-0.633588
-1.183206
-0.748092
-2.427481
-1.000000
0.916031
-1.091603
0.068702
2.320611
-1.549618
3.419847
2.282443
2.679389
0.465649
1.221374
4.496183
0.534351
0.068702
3.442748
3.938931
0.648855
2.824427
2.625954
0.022901
-0.984733
3.412214
5.458015
4.595420
1.374046
2.984733
3.381679
1.511450
1.839695
0.664122
1.396947
-0.213740
-1.916031
2.862595
1.847328
2.061069
2.702290
-0.061069
0.938931
0.221374
2.030534
0.557252
1.648855
4.045802
1.801527
-2.038168
0.030534
0.488550
0.496183
0.083969
3.083969
1.900763
-2.580153
-2.648855
-0.931298
2.351145
1.038168
1.038168
-0.091603
1.541985
2.396947
0.984733
-1.641221
-0.312977
3.061069
3.694656
-2.343511
1.412214
-0.274809
-1.305344
-1.053435
1.770992
-2.396947
2.931298
-0.404580
1.236641
-1.244275
-0.267176
2.503817
0.145038
-2.618321
-1.335878
-1.061069
3.305344
-1.809160
1.030534
0.412214
1.809160
-1.877863
0.557252
1.000000
-0.229008
-0.992366
0.877863
-0.725191
-0.083969
-0.549618
1.015267
1.908397
0.198473
-0.488550
2.229008
2.267176
-0.893130
0.312977
-2.114504
-1.862595
1.290076
-2.702290
-1.465649
0.656489
4.038168
-1.580153
0.770992
7.251908
1.290076
-1.427481
2.595420
-0.946565
-1.099237
-0.297710
1.160305
-0.312977
0.786260
3.465649
-0.267176
-1.503817
0.244275
0.274809
-0.557252
0.824427
2.274809
-1.625954
0.801527
1.740458
2.992366
1.618321
-0.801527
0.068702
-0.916031
3.122137
-0.908397
-0.488550
2.870229
-1.648855
1.083969
-3.664122
-1.770992
-0.061069
-3.106870
-3.931298
-2.687023
-2.473282
-1.007634
-9.992367
-11.312977
-2.450382
-4.870229
-5.343512
-9.763359
-6.160306
-1.587786
0.755725
1.030534
-2.297710
-5.763359
-4.114504
-1.312977
-8.091603
-12.221375
-8.908397
-9.297709
-5.419847
-3.114504
-3.412214
-5.175572
-6.167939
-7.496183
-6.267176
-6.160306
-7.076336
-4.969466
-7.778626
-4.076336
-4.503817
-6.870229
-4.824428
-3.167939
-4.618320
-4.702290
-5.923664
-3.206107
-3.083969
-4.549618
-3.267176
-2.702290
-3.320611
-4.183206
-6.885496
-3.030534
0.427481
-2.190840
-2.633588
-3.893130
-2.343511
-2.641221
0.038168
-0.641221
-0.145038
-1.580153
-4.015267
-3.885496
-0.938931
0.549618
-2.106870
-1.984733
-4.236641
-1.015267
-1.435115
-1.503817
-3.740458
-2.381679
-0.572519
-0.900763
1.809160
-0.709924
-1.351145
-0.106870
-0.862595
-1.114504
-0.839695
1.290076
0.175573
0.557252
0.977099
0.282443
-1.396947
3.091603
0.328244
0.709924
0.534351
3.916031
1.465649
0.076336
1.877863
-0.175573
1.030534
2.267176
-0.900763
3.755725
0.549618
1.587786
0.061069
0.564885
1.496183
-0.793893
1.618321
0.343511
0.442748
1.809160
0.190840
-0.190840
3.519084
-1.099237
2.312977
4.358778
0.000000
3.465649
-0.725191
0.328244
0.641221
0.000000
0.839695
1.129771
0.167939
1.664122
-0.267176
-1.854962
0.526718
-1.190840
0.488550
-3.114504
0.938931
0.129771
-0.022901
-0.755725
2.328244
0.145038
0.839695
-3.152672
-2.183206
0.702290
-1.221374
-1.992366
-1.122137
2.793893
-1.328244
2.458015
2.290076
1.847328
-0.427481
-3.786260
3.786260
-1.709924
0.969466
0.190840
0.709924
1.809160
1.503817
2.893130
-2.167939
-0.969466
-0.198473
3.534351
0.473282
-1.351145
-0.145038
-3.251908
-1.335878
0.175573
-2.007634
-0.954198
-0.152672
0.114504
0.946565
-2.923664
-0.946565
-2.061069
-1.229008
-1.496183
-0.877863
0.770992
-0.877863
-0.274809
-0.801527
-1.763359
0.213740
1.488550
-0.488550
1.106870
-1.229008
0.824427
-0.251908
0.854962
0.167939
-0.748092
1.061069
-1.389313
-0.839695
-0.679389
-0.122137
-2.236641
-0.839695
0.045802
0.312977
-2.763359
-2.992366
-3.824427
-3.206107
-3.694656
-2.442748
-3.664122
-3.229008
-2.648855
-3.984733
-2.381679
-1.328244
-2.022901
-3.656489
-2.213740
-1.641221
-2.877863
-4.229008
-0.557252
-3.755725
-3.870229
-1.740458
-3.206107
-4.404580
-3.633588
-2.351145
-0.763359
-2.473282
-1.564885
-1.000000
-4.595420
-1.374046
-2.343511
-2.473282
-2.305344
-0.259542
-2.061069
-1.038168
-3.175573
-2.854962
-2.694656
-0.229008
-0.725191
-0.893130
1.122137
-0.282443
-2.221374
-2.832061
-1.740458
-1.572519
-0.267176
1.030534
0.190840
-0.648855
-3.427481
-0.541985
-2.740458
0.702290
1.877863
0.931298
-0.511450
-1.458015
-0.129771
1.343511
-1.992366
-3.694656
1.618321
1.488550
-2.061069
-1.091603
0.694656
1.511450
2.809160
0.106870
-3.038168
1.938931
3.190840
2.404580
3.938931
0.992366
-1.267176
1.694656
1.038168
0.053435
1.290076
0.335878
-2.618321
-0.137405
3.160305
2.000000
2.282443
2.160305
-2.007634
-0.122137
2.549618
1.664122
-1.251908
2.717557
-1.847328
1.694656
2.603053
3.229008
1.480916
3.549618
0.610687
-0.221374
1.320611
2.099237
1.022901
1.625954
1.488550
2.778626
3.534351
2.519084
2.870229
3.702290
0.473282
1.076336
3.038168
1.748092
2.687023
5.763359
1.816794
0.045802
0.618321
0.977099
0.427481
2.824427
2.236641
0.328244
0.541985
0.755725
-0.854962
3.862595
0.633588
1.618321
3.770992
3.274809
2.068702
4.725191
3.305344
-0.480916
1.877863
5.396946
2.450382
2.595420
2.328244
3.244275
1.358779
0.832061
1.961832
1.564885
3.877863
2.969466
2.793893
0.534351
-0.931298
1.389313
1.740458
2.526718
-1.862595
-0.404580
4.847328
3.938931
3.145038
9.198473
11.763359
1.534351
-2.549618
8.648855
9.351145
12.488549
0.862595
1.076336
5.732824
10.167939
10.259542
11.427481
3.618321
0.832061
-0.251908
8.076336
9.687023
10.839695
8.183207
1.061069
3.083969
9.603053
9.244275
8.526717
5.404580
10.167939
5.099236
1.274809
2.748092
5.740458
7.564886
11.870229
8.496183
12.732824
10.381680
3.816794
8.137404
10.458015
12.122137
11.022901
9.396947
11.725191
7.786260
9.213740
7.099236
3.496183
10.763359
2.458015
7.015267
12.885496
-0.030534
10.511451
10.312977
4.717557
10.793893
6.809160
7.335878
4.534351
4.633588
4.511450
4.244275
6.183206
5.564886
4.267176
6.511450
-0.977099
2.473282
3.694656
1.167939
9.549619
5.709924
3.099237
3.030534
4.167939
3.083969
3.305344
3.305344
2.404580
2.717557
1.572519
3.954198
4.396946
4.389313
5.206107
2.526718
3.167939
2.816794
1.694656
3.908397
3.236641
1.152672
4.251908
6.351145
1.778626
0.870229
3.763359
5.076336
3.450382
1.412214
0.786260
0.870229
1.022901
2.381679
4.175572
1.832061
2.763359
0.694656
-0.137405
-2.206107
3.389313
0.763359
2.816794
-1.335878
0.137405
1.641221
-3.954198
1.312977
0.549618
-1.854962
-1.541985
1.786260
2.297710
-0.725191
-0.076336
-0.343511
0.893130
0.282443
-0.320611
1.366412
3.175573
-0.839695
5.221374
-0.969466
2.465649
0.366412
2.778626
-1.129771
1.526718
0.435115
1.763359
1.099237
0.358779
-0.488550
3.900763
-0.458015
0.839695
3.213740
0.015267
1.458015
2.290076
1.458015
0.603053
3.374046
-0.763359
3.671756
-1.030534
1.839695
4.534351
1.229008
3.091603
-2.137405
1.465649
-2.160305
0.114504
-1.213740
-1.366412
-2.396947
0.152672
2.641221
3.786260
3.801527
-0.251908
3.633588
2.770992
3.610687
2.404580
4.526718
0.839695
4.274809
5.404580
4.847328
4.809160
3.961832
4.862596
6.221374
5.259542
5.053435
3.541985
8.251908
3.862595
6.038168
7.961832
6.160306
5.992366
0.870229
4.870229
12.213740
10.541985
1.977099
2.007634
13.938931
6.564886
0.603053
3.091603
11.564885
2.198473
3.679389
8.396947
9.549619
6.893130
1.748092
3.343511
9.030535
10.748092
3.679389
11.824428
2.114504
1.129771
7.175572
12.511451
11.351145
5.229008
3.862595
9.160305
13.442748
9.916031
9.885496
4.183206
3.885496
8.755725
8.679389
2.778626
8.290076
0.641221
5.045802
2.801527
12.099236
12.091603
6.389313
10.053435
4.236641
10.824428
9.938931
7.755725
2.824427
6.893130
1.633588
6.641222
4.938931
11.442748
10.305344
5.145038
4.137404
9.984733
7.877862
8.404580
3.190840
4.977099
0.091603
0.221374
-3.076336
-0.305344
0.511450
-0.236641
4.977099
-3.679389
0.625954
0.687023
0.671756
1.496183
2.007634
4.740458
3.381679
6.687023
1.083969
-1.343511
-4.221374
-1.175573
-3.328244
0.129771
-7.198473
-1.618321
-3.450382
-1.297710
-4.778626
3.725191
3.656489
3.259542
3.297710
3.755725
3.145038
3.572519
3.183206
2.732824
5.809160
-3.412214
-1.549618
-3.312977
1.160305
-2.229008
-1.335878
-0.671756
-1.061069
5.931298
-0.664122
1.526718
-1.236641
0.916031
-1.427481
0.587786
-0.206107
3.183206
0.389313
-0.893130
-4.274809
0.519084
-0.725191
1.083969
-3.106870
0.862595
0.946565
-2.870229
-1.992366
1.587786
3.030534
1.847328
-0.801527
3.618321
-0.198473
3.725191
1.664122
-4.328244
1.015267
0.900763
-1.015267
0.854962
5.732824
3.190840
-3.099237
-3.954198
-3.977099
-3.885496
-3.106870
-4.167939
0.580153
-4.488550
-1.763359
-3.832061
4.221374
-4.007634
4.954198
-6.656488
3.343511
0.290076
-5.145038
-3.015267
0.572519
-4.297710
5.885496
-4.610687
2.572519
1.053435
-4.725191
3.435115
-6.862596
5.877862
-6.145038
2.633588
-5.900764
1.702290
0.954198
-3.625954
2.427481
-7.587786
7.244275
-6.679389
3.748092
-0.358779
-4.427481
4.083970
-8.961832
5.969466
1.152672
-6.351145
8.870229
-2.183206
0.312977
-8.694656
6.633588
-8.267176
2.717557
-5.320611
3.717557
-4.610687
-2.778626
-2.328244
-1.061069
0.381679
-1.213740
-2.488550
-0.717557
-4.297710
-0.832061
-1.938931
-0.824427
1.022901
-1.603053
2.083969
2.977099
0.938931
-0.366412
-0.801527
3.717557
1.580153
0.091603
1.503817
1.900763
5.221374
-0.793893
1.175573
4.908397
0.603053
4.778626
5.610687
3.763359
6.908397
5.312977
2.740458
6.885496
6.221374
6.931298
1.908397
3.358779
6.786260
6.114504
8.572519
4.145038
3.206107
7.190840
7.778626
4.847328
4.984733
6.633588
7.900764
3.145038
3.656489
4.694656
2.717557
7.458015
4.366412
6.610687
5.404580
4.625954
4.358778
7.290076
7.618320
7.267176
5.419847
4.229008
5.076336
4.213740
9.610687
3.969466
6.312977
3.725191
1.725191
4.160306
2.709924
4.343512
4.145038
6.374046
3.526718
5.702290
-2.587786
2.885496
2.297710
0.961832
2.244275
1.091603
3.587786
-0.595420
1.290076
0.709924
1.343511
0.503817
3.267176
0.175573
1.290076
0.236641
-2.916031
1.564885
1.641221
2.748092
3.374046
0.022901
0.312977
2.809160
7.374046
-1.381679
0.916031
-0.106870
1.969466
0.656489
-3.015267
-2.152672
-0.335878
-0.320611
1.320611
-2.671756
1.114504
-0.755725
1.732824
-0.297710
-1.259542
1.587786
0.923664
2.656489
-5.793893
-1.106870
-0.229008
-2.603053
-0.977099
-0.870229
-1.503817
0.885496
-0.656489
2.503817
-0.076336
-3.030534
-1.328244
1.213740
0.832061
-1.160305
-3.038168
-1.007634
-1.374046
-0.908397
-3.374046
-2.190840
-3.664122
-5.374046
-3.015267
-2.946565
-4.442748
-5.961832
-0.961832
-5.641222
-6.282443
-8.160305
-2.832061
-5.511450
-6.366412
-3.404580
-9.717557
-4.740458
-6.984733
-8.343512
-9.236641
-9.633588
-9.503817
-4.664122
-3.610687
-4.030534
-5.908397
-8.641221
-4.427481
-3.847328
-6.404580
-6.946565
-3.229008
-3.564885
-2.160305
0.580153
-2.022901
0.801527
-3.236641
-2.526718
-6.465649
-2.122137
-3.106870
2.816794
-4.137404
1.618321
-1.511450
0.488550
-1.381679
-5.938931
-0.900763
-1.503817
1.679389
1.618321
-0.015267
2.763359
3.977099
2.580153
-0.236641
-1.496183
-0.244275
0.954198
2.435115
0.877863
2.557252
0.320611
0.160305
-3.137405
2.893130
1.175573
5.679389
-1.236641
-1.068702
2.954198
3.572519
1.435115
4.129771
-1.664122
1.000000
-0.213740
-0.725191
3.076336
-0.053435
1.206107
-0.603053
2.458015
0.809160
2.190840
3.923664
0.534351
0.870229
-0.564885
1.755725
0.297710
-0.190840
2.198473
-1.435115
-0.862595
-0.427481
2.351145
4.725191
0.312977
-4.793893
1.251908
2.412214
-2.351145
-2.152672
0.244275
3.656489
-1.259542
-0.320611
-0.129771
-0.213740
-3.618321
-0.129771
-0.603053
-3.702290
1.679389
2.221374
1.595420
-0.022901
0.893130
2.625954
1.259542
0.725191
1.625954
1.396947
-0.351145
3.572519
1.213740
-0.427481
0.564885
4.969466
1.793893
-1.961832
1.717557
2.648855
-0.335878
2.305344
2.954198
-0.778626
0.022901
2.580153
2.610687
0.519084
-0.335878
-0.595420
2.335878
2.251908
-0.755725
1.618321
2.213740
3.282443
-1.832061
0.412214
4.580153
0.221374
-1.862595
4.167939
-0.427481
-4.061069
0.419847
2.900763
-1.007634
-2.114504
4.503817
-3.938931
-2.412214
-0.290076
-1.068702
-0.786260
-1.297710
-0.106870
-0.587786
-2.938931
-0.541985
-4.229008
-2.961832
-1.595420
-1.435115
0.488550
2.877863
0.969466
-1.992366
5.114504
-2.190840
-1.083969
5.213740
5.366412
3.816794
0.725191
-0.282443
2.267176
-1.755725
0.145038
4.366412
-3.900763
-1.503817
1.160305
-0.007634
0.526718
0.396947
3.992366
-0.641221
4.198473
-1.916031
4.404580
-2.931298
0.213740
2.549618
-1.679389
1.221374
0.801527
-0.702290
-3.427481
4.167939
-2.465649
1.870229
4.877862
-4.496183
-1.297710
-0.908397
-1.992366
5.916030
-1.320611
1.198473
0.099237
1.351145
0.931298
-1.641221
1.694656
1.076336
0.778626
-0.099237
4.427481
3.656489
0.595420
3.091603
-2.916031
1.625954
-4.000000
1.610687
2.160305
2.190840
-0.465649
1.458015
-4.083970
0.488550
-2.961832
-1.488550
1.679389
2.572519
0.137405
-0.244275
0.984733
3.725191
0.198473
1.381679
0.824427
3.709924
3.053435
0.267176
0.328244
1.305344
2.603053
-0.526718
3.000000
4.335878
2.458015
-1.595420
-3.335878
0.427481
-2.076336
0.770992
4.022901
-3.251908
4.442748
-4.045802
4.404580
1.221374
2.198473
-0.862595
-0.419847
0.923664
-1.984733
1.633588
-2.687023
0.748092
-3.648855
-2.656489
-2.763359
0.931298
4.839694
-1.664122
-1.748092
-0.595420
3.343511
-3.549618
2.793893
-3.343511
-0.435115
1.992366
3.015267
-4.297710
-0.068702
-1.381679
1.419847
-1.656489
-1.442748
0.366412
0.175573
3.641221
0.763359
-0.343511
1.748092
-0.648855
-2.251908
2.809160
7.175572
-2.244275
2.648855
0.045802
-0.206107
4.206107
1.007634
-0.854962
-4.480916
2.312977
5.114504
-0.671756
0.961832
-3.519084
-4.465649
4.053435
0.954198
-0.534351
-0.152672
-1.274809
1.938931
4.274809
-1.694656
2.511450
-3.015267
-1.335878
5.251908
-1.694656
2.160305
-2.923664
6.969466
0.541985
0.748092
-1.396947
-0.923664
-3.503817
5.786260
0.610687
1.145038
1.931298
1.145038
1.045802
5.770992
-1.725191
-3.251908
1.206107
-2.748092
0.832061
-0.961832
-0.129771
0.076336
-1.183206
2.656489
2.328244
-2.419847
-1.030534
2.458015
0.160305
-1.641221
-0.786260
-0.137405
-1.702290
-1.099237
-1.816794
-1.549618
2.687023
-0.343511
-3.030534
0.488550
-1.954198
0.862595
-0.335878
-0.870229
3.358779
-0.068702
0.053435
-0.450382
-2.374046
1.259542
1.969466
-1.458015
-0.083969
2.541985
-2.541985
-0.580153
0.083969
-0.343511
5.534351
-1.656489
0.328244
0.122137
-1.877863
-0.396947
-0.877863
0.519084
-0.854962
3.786260
0.267176
-2.396947
0.954198
-4.992366
-1.213740
0.175573
0.664122
0.793893
-0.351145
1.748092
-2.480916
1.702290
2.061069
-0.755725
1.877863
-2.488550
2.320611
0.511450
-2.916031
0.183206
0.122137
1.618321
-2.305344
1.511450
0.351145
2.068702
0.587786
3.229008
-1.778626
-0.213740
2.503817
-0.564885
1.053435
-0.137405
2.335878
1.732824
0.694656
0.160305
-2.022901
2.961832
1.122137
-1.053435
-1.755725
0.541985
-1.740458
0.251908
-1.824427
2.221374
-1.145038
2.297710
-0.519084
2.267176
-0.305344
0.557252
-1.984733
-3.221374
0.083969
-0.519084
-0.030534
-1.122137
0.748092
0.061069
2.312977
0.068702
2.129771
1.099237
0.946565
0.664122
1.106870
0.343511
1.839695
-2.961832
0.519084
1.603053
0.022901
1.122137
2.854962
-4.053435
0.832061
-3.564885
2.267176
3.442748
5.633588
1.114504
3.587786
0.900763
1.305344
5.587786
4.694656
4.213740
3.961832
4.442748
0.641221
1.732824
4.488550
2.984733
4.534351
0.091603
1.763359
-1.358779
-0.923664
-2.938931
-0.076336
-6.366412
-2.824427
-8.961832
-6.694656
-5.969466
-7.244275
-9.038168
-8.167939
-8.083969
-11.458015
-6.824428
-4.328244
-2.519084
-2.648855
-8.389313
-4.419847
-6.038168
0.007634
-5.244275
-5.442748
-3.748092
1.549618
-2.801527
0.778626
2.603053
-2.282443
0.091603
2.068702
-0.335878
1.809160
5.122138
-0.809160
-1.992366
3.725191
5.732824
2.343511
1.015267
3.702290
4.641222
5.038168
5.824428
5.580153
4.282443
5.129771
4.251908
2.366412
5.244275
4.923664
4.290076
5.213740
3.419847
5.091603
-1.358779
2.839695
2.244275
2.679389
3.381679
-0.328244
0.351145
2.374046
-2.106870
-0.458015
-0.984733
-0.221374
-2.862595
-1.137405
-1.809160
1.022901
0.893130
-0.519084
2.854962
-2.000000
-0.160305
1.236641
1.045802
-2.106870
2.312977
-2.694656
-3.343511
1.664122
-1.824427
-0.900763
0.442748
-3.068702
-3.297710
-2.335878
0.595420
-3.320611
-3.328244
-0.877863
0.625954
1.633588
1.038168
-0.335878
-3.198473
-1.877863
-2.526718
-1.137405
0.190840
-2.099237
-0.137405
4.549618
-1.923664
1.206107
-1.175573
-0.061069
-0.167939
2.160305
0.862595
0.305344
-1.328244
1.694656
3.221374
-2.053435
3.106870
3.213740
3.961832
1.603053
1.900763
1.702290
-1.893130
1.206107
2.183206
-1.221374
0.877863
-3.183206
2.343511
-2.198473
2.923664
-0.671756
-0.793893
-2.931298
0.206107
-0.908397
-0.160305
0.297710
2.885496
1.022901
1.419847
-0.320611
-0.526718
0.213740
-1.473282
-1.847328
2.343511
2.038168
2.679389
1.862595
-1.320611
-0.175573
-2.984733
-2.664122
-1.534351
0.083969
1.458015
2.832061
1.022901
1.648855
-0.595420
0.099237
1.435115
1.374046
-1.381679
-0.969466
1.091603
-2.320611
-0.458015
0.519084
-2.961832
0.854962
1.526718
1.534351
0.366412
3.480916
2.152672
-0.984733
0.862595
-0.419847
4.106870
2.244275
5.000000
2.114504
-0.335878
0.908397
-0.068702
3.251908
0.709924
1.885496
-0.038168
0.679389
0.648855
1.160305
2.786260
1.206107
2.687023
-1.984733
1.732824
1.641221
-1.534351
3.122137
-1.030534
0.061069
-0.938931
-0.725191
-0.305344
-1.488550
0.687023
-0.648855
2.076336
-0.198473
2.610687
0.832061
1.305344
-0.251908
-1.664122
0.190840
-2.167939
3.854962
-2.122137
0.549618
-1.244275
-0.687023
3.633588
-1.847328
-3.282443
1.114504
-1.534351
1.610687
-0.404580
-2.114504
-1.122137
-0.320611
-1.977099
1.458015
0.450382
1.740458
1.923664
2.641221
-0.030534
-1.671756
0.091603
-1.007634
0.992366
-1.824427
1.465649
3.053435
0.091603
2.473282
-0.839695
-0.824427
-2.603053
0.908397
-2.137405
0.725191
2.183206
0.809160
1.549618
1.748092
2.267176
-3.786260
3.511450
-1.725191
2.320611
0.404580
3.305344
-0.816794
-0.656489
1.267176
2.091603
-2.580153
-1.480916
0.664122
-0.183206
-1.061069
2.465649
0.320611
1.916031
-2.534351
-2.297710
0.793893
-5.297710
0.954198
-0.732824
1.572519
-1.770992
1.893130
-1.816794
2.267176
-1.587786
-0.832061
-0.152672
2.580153
-3.335878
-0.717557
0.526718
1.114504
5.671756
-0.618321
1.519084
-0.709924
2.038168
0.755725
-1.076336
-2.122137
0.106870
-0.244275
2.702290
0.045802
-0.221374
1.412214
1.015267
1.366412
-1.557252
2.847328
-2.908397
-0.977099
0.259542
1.076336
-0.946565
1.122137
4.015267
-2.847328
3.458015
0.236641
0.931298
-2.190840
-1.374046
-1.458015
4.061069
-2.053435
3.694656
1.442748
-1.175573
0.541985
-0.015267
0.244275
0.824427
2.167939
1.099237
1.389313
5.351145
-0.496183
4.206107
0.793893
0.694656
3.206107
1.809160
3.412214
-0.694656
2.801527
2.091603
-1.099237
-2.076336
-0.274809
1.328244
0.206107
2.206107
-0.396947
2.488550
-2.694656
2.190840
-0.213740
-1.984733
1.526718
-3.213740
2.541985
-1.839695
3.839695
-0.465649
1.809160
2.297710
0.587786
1.366412
-1.114504
-0.549618
-3.503817
4.755725
-2.099237
3.152672
-0.396947
-0.580153
2.633588
-2.068702
1.862595
-2.587786
-1.007634
0.786260
1.122137
0.549618
0.015267
-1.893130
5.358778
-1.366412
4.541985
0.419847
-1.877863
-2.770992
0.717557
-0.702290
-0.893130
3.671756
-1.748092
0.786260
-0.229008
0.488550
-3.328244
-0.603053
2.954198
-1.274809
3.358779
-0.320611
1.793893
1.404580
0.580153
-1.534351
-2.847328
3.213740
3.251908
-1.503817
1.580153
0.442748
-1.213740
1.022901
0.015267
0.320611
4.129771
-0.610687
-1.259542
-1.229008
0.366412
3.122137
1.015267
-1.557252
0.083969
1.984733
2.404580
1.450382
-1.259542
2.969466
0.862595
1.847328
0.297710
1.099237
3.595420
-2.465649
-4.732824
0.015267
1.038168
0.160305
-2.854962
0.694656
-2.984733
1.297710
1.091603
-2.374046
0.175573
-1.541985
-0.297710
0.282443
-0.977099
0.450382
-0.259542
-0.816794
1.473282
-0.809160
-2.381679
1.618321
1.717557
-0.641221
-0.656489
3.145038
0.000000
-1.099237
0.847328
1.053435
-0.557252
-0.816794
0.015267
2.412214
-0.595420
1.595420
-0.175573
1.282443
0.656489
-2.488550
-0.404580
3.557252
2.671756
0.282443
1.938931
0.954198
-0.114504
-0.885496
1.221374
-1.366412
1.351145
-2.992366
1.625954
3.854962
2.603053
3.549618
2.847328
1.335878
-0.190840
0.854962
-2.374046
0.961832
0.022901
-0.938931
0.145038
-0.145038
2.824427
0.343511
-2.641221
-1.610687
-3.473282
-1.381679
1.969466
-0.358779
-0.793893
2.244275
0.000000
1.648855
-2.312977
0.450382
-1.274809
1.343511
5.106870
-0.541985
0.267176
-1.877863
-4.061069
0.610687
2.358779
0.083969
-0.030534
0.954198
-2.175573
-0.167939
1.061069
-0.053435
-2.297710
-4.580153
0.748092
-3.732824
-0.969466
-1.305344
-1.694656
-2.015267
-2.419847
-5.007634
0.938931
-1.763359
1.526718
-4.687023
0.671756
-5.618320
-1.206107
-5.114504
0.343511
-5.755725
-1.847328
-3.916031
0.648855
-4.251908
0.274809
-3.045802
1.801527
-2.633588
-0.496183
-2.732824
-5.137404
-1.045802
-3.152672
4.000000
-3.473282
2.854962
-2.977099
0.587786
-5.404580
-2.709924
-0.671756
-1.335878
1.770992
-4.175572
3.007634
-2.412214
1.984733
-1.045802
2.458015
2.473282
-0.320611
1.732824
-0.290076
-0.977099
3.343511
-3.320611
-2.900763
1.381679
-8.358779
2.374046
-4.000000
-0.244275
-1.832061
-1.679389
-3.244275
-4.664122
0.916031
4.687023
2.664122
1.404580
3.236641
0.618321
-5.740458
-2.732824
3.961832
0.404580
-7.290076
-5.587786
5.534351
5.129771
0.251908
-4.206107
2.167939
5.145038
-3.893130
-0.366412
5.160306
-0.541985
-6.274809
-5.480916
3.618321
2.473282
-6.412214
-2.938931
8.030535
6.618320
-4.938931
-3.450382
-0.137405
-6.603054
-5.213740
4.664122
8.458015
-0.465649
-3.534351
2.885496
3.793893
-4.175572
1.954198
-3.167939
1.656489
5.381680
1.519084
-5.832061
-2.106870
6.267176
0.206107
-4.816794
-0.015267
1.648855
-7.251908
-1.366412
7.786260
0.145038
-7.496183
-0.015267
8.633588
-0.511450
-3.870229
-7.160306
1.442748
6.290076
-4.045802
-2.526718
6.862596
-0.114504
-3.496183
8.633588
-3.473282
4.809160
-5.305344
-1.541985
6.641222
-6.534351
1.129771
5.251908
-0.816794
6.366412
-3.145038
-2.801527
4.595420
-5.343512
5.145038
-8.030535
6.694656
1.007634
-0.900763
5.290076
-7.603054
6.984733
-6.709924
3.992366
4.687023
-5.961832
5.038168
3.572519
-9.312977
1.358779
7.809160
3.007634
6.114504
-5.015267
-5.229008
3.770992
0.740458
-7.984733
-2.748092
9.160305
-2.580153
3.290076
-5.374046
3.259542
5.809160
-6.534351
-3.007634
8.465649
-3.572519
-4.381680
8.603053
-0.366412
7.167939
-2.198473
1.045802
3.534351
-5.198473
8.137404
-2.412214
-2.541985
7.244275
-2.824427
6.282443
-7.274809
5.244275
-2.351145
4.770992
6.893130
-6.595420
8.259542
-4.236641
-4.015267
7.717557
-7.977099
6.076336
-5.977099
4.564886
2.007634
-3.862595
6.137404
-6.381680
4.763359
-3.396947
1.297710
2.251908
-4.778626
8.221375
-4.366412
7.221374
-5.053435
7.229008
-0.083969
0.480916
1.809160
3.702290
0.007634
2.854962
2.351145
-1.503817
1.358779
3.099237
3.236641
0.801527
-1.580153
2.633588
4.297710
0.809160
-2.106870
2.183206
-2.358779
2.625954
2.435115
0.717557
0.931298
0.748092
-1.091603
1.083969
2.374046
-0.541985
1.740458
1.045802
2.862595
-0.427481
-0.648855
1.770992
1.282443
2.671756
0.702290
2.045802
1.725191
5.534351
0.557252
-0.251908
1.900763
2.603053
-1.748092
2.267176
0.656489
1.274809
-0.717557
-0.564885
2.595420
0.244275
2.290076
-0.030534
0.526718
-1.167939
-0.786260
-0.358779
-0.083969
0.885496
-0.725191
-3.267176
-2.068702
0.900763
-1.648855
0.793893
2.877863
-0.992366
0.412214
0.267176
-0.755725
-0.564885
-1.824427
1.076336
-0.038168
-1.389313
-1.603053
0.091603
0.442748
0.511450
1.519084
0.488550
1.702290
-0.328244
1.267176
-0.702290
2.045802
1.236641
0.824427
-1.167939
-1.824427
-2.778626
-1.748092
-0.038168
1.648855
0.335878
-2.534351
-0.167939
0.206107
1.236641
-1.152672
-2.106870
-3.267176
1.022901
1.396947
-0.938931
-1.816794
0.374046
-1.541985
-0.145038
-2.984733
0.000000
-2.106870
-4.748092
-3.473282
-2.900763
-3.030534
-2.938931
-3.717557
-4.320611
-2.351145
-5.137404
-4.351145
-6.389313
-0.816794
-0.862595
-4.122138
-3.122137
-3.328244
-3.167939
-4.511450
-4.213740
-5.473282
-5.137404
-6.358778
-2.427481
-5.847328
-2.587786
-0.259542
-3.404580
-1.083969
-2.931298
-3.732824
-2.595420
-2.503817
-0.557252
-1.946565
0.137405
-2.190840
-3.832061
-1.541985
-1.175573
0.160305
-1.099237
0.404580
0.244275
-0.885496
0.335878
-1.793893
1.351145
0.938931
2.297710
-0.793893
-0.450382
-2.633588
0.076336
-3.748092
0.954198
-2.083969
-0.664122
-0.198473
-0.221374
2.366412
1.106870
1.694656
1.557252
1.633588
1.343511
1.122137
-1.916031
-0.022901
1.366412
1.335878
1.435115
1.221374
1.099237
3.435115
2.320611
0.511450
1.877863
2.221374
2.610687
1.923664
1.687023
0.870229
4.709924
3.633588
0.137405
0.832061
1.045802
0.282443
1.022901
3.061069
-1.099237
4.862596
1.328244
3.297710
1.129771
0.603053
4.389313
-0.389313
3.465649
4.641222
1.908397
0.045802
-0.557252
1.587786
3.053435
4.778626
4.099236
3.206107
3.893130
2.450382
2.977099
2.091603
3.053435
2.000000
3.900763
3.297710
4.297710
3.786260
2.954198
5.908397
2.435115
4.931298
3.236641
4.610687
3.190840
4.916030
2.480916
4.519084
4.977099
4.152672
3.564885
5.061069
1.526718
3.358779
2.961832
6.610687
1.511450
4.145038
2.503817
3.519084
5.427481
5.145038
4.137404
3.175573
3.671756
3.068702
3.595420
2.801527
2.274809
1.160305
4.687023
4.748092
1.244275
3.335878
-0.549618
3.946565
1.664122
2.312977
2.030534
-0.900763
0.442748
1.725191
2.786260
1.099237
4.022901
-2.641221
1.870229
0.824427
-1.473282
1.305344
2.419847
0.244275
0.305344
2.503817
-0.114504
0.358779
0.877863
1.847328
-1.015267
-0.396947
-0.061069
-0.137405
0.656489
0.832061
-1.656489
0.137405
-1.068702
-0.511450
1.931298
1.725191
0.145038
1.625954
-0.213740
1.320611
0.839695
-0.099237
-0.221374
1.923664
-1.259542
-1.541985
3.564885
-2.938931
1.137405
1.503817
-2.045802
-1.221374
-0.816794
-0.221374
-0.396947
1.404580
0.648855
1.480916
0.381679
1.251908
-1.587786
1.015267
0.572519
-0.549618
3.000000
-1.465649
0.954198
1.740458
-2.129771
1.221374
-0.755725
1.053435
2.022901
0.160305
0.129771
-1.770992
-0.167939
1.145038
2.740458
0.152672
0.343511
1.152672
-1.343511
1.129771
0.343511
-1.328244
1.351145
-2.412214
2.061069
1.694656
-1.190840
1.351145
-1.396947
0.961832
-2.114504
-1.259542
4.511450
0.854962
0.473282
1.053435
1.633588
