-2.145038
0.778626
1.374046
2.618321
2.725191
-1.290076
0.412214
2.435115
0.633588
0.335878
0.923664
0.702290
2.366412
1.129771
0.549618
-0.343511
1.091603
1.045802
0.374046
0.839695
2.419847
0.908397
-0.549618
0.580153
-0.458015
0.450382
1.305344
-0.427481
3.587786
1.954198
-1.015267
2.091603
-2.458015
-0.427481
1.175573
0.221374
-0.427481
-3.122137
2.763359
-0.106870
0.267176
-2.908397
0.847328
0.961832
-0.045802
-1.152672
1.862595
-0.183206
0.122137
-0.244275
0.396947
-1.152672
4.427481
-0.007634
0.618321
1.290076
1.580153
0.717557
-1.106870
-2.343511
2.190840
0.916031
1.603053
-0.160305
2.213740
0.106870
-0.671756
1.664122
2.160305
2.572519
-0.625954
-1.045802
-1.526718
0.641221
-3.564885
0.305344
-0.549618
0.557252
0.671756
2.770992
2.175573
3.015267
0.549618
-1.603053
0.435115
1.938931
1.687023
-0.053435
-0.778626
-1.908397
1.717557
0.206107
0.465649
0.114504
-0.824427
1.175573
-0.038168
0.748092
0.534351
2.183206
-0.946565
0.625954
0.175573
0.709924
-2.068702
0.656489
0.045802
-1.351145
-1.923664
1.534351
0.603053
1.068702
1.305344
-1.992366
3.152672
-1.114504
-0.610687
0.381679
1.526718
-2.053435
0.648855
3.450382
0.419847
0.923664
2.770992
-3.641221
0.236641
1.419847
-0.374046
1.083969
1.061069
0.992366
1.564885
-0.496183
0.572519
-2.977099
0.534351
0.931298
-0.198473
-1.083969
-0.419847
-0.236641
0.900763
-2.938931
0.229008
-0.343511
1.251908
5.335878
-0.534351
0.679389
-1.106870
1.129771
0.083969
1.557252
1.534351
-0.312977
-0.450382
3.687023
-1.404580
-1.083969
1.496183
1.923664
1.603053
2.923664
-0.740458
1.198473
3.740458
2.320611
-1.854962
-0.167939
-0.625954
-1.725191
-3.152672
1.870229
2.488550
0.427481
2.534351
0.977099
-1.183206
-0.557252
1.312977
0.946565
2.603053
1.290076
-1.473282
3.923664
-0.343511
-2.419847
2.839695
2.809160
0.412214
-0.717557
-3.045802
2.007634
0.396947
0.648855
4.061069
-0.732824
1.183206
-0.488550
1.770992
0.717557
-1.526718
-0.824427
3.061069
0.961832
0.992366
-0.977099
2.396947
1.564885
0.847328
-1.549618
2.465649
0.122137
0.595420
2.618321
-1.106870
0.969466
1.618321
2.374046
2.167939
1.511450
0.809160
0.801527
-2.854962
1.297710
1.213740
2.175573
2.290076
1.145038
0.854962
0.496183
4.091603
1.732824
-1.519084
2.282443
0.702290
2.793893
-0.916031
2.030534
3.572519
-0.694656
1.328244
2.931298
0.961832
0.893130
2.007634
3.106870
-0.236641
-0.206107
1.251908
0.404580
2.992366
0.580153
2.603053
1.076336
0.511450
0.396947
0.221374
0.396947
3.572519
-1.832061
1.099237
1.351145
2.198473
0.198473
3.427481
0.198473
0.671756
-0.114504
-0.152672
-2.450382
1.450382
1.267176
-1.091603
-0.877863
0.221374
1.106870
2.648855
-0.465649
0.282443
0.061069
1.335878
1.725191
1.122137
-1.022901
-0.244275
-0.030534
0.022901
4.473282
0.664122
0.702290
5.083970
0.274809
0.740458
1.198473
-1.198473
-1.793893
1.549618
-2.320611
2.687023
-1.343511
1.244275
1.290076
-2.793893
0.687023
-0.221374
0.259542
1.152672
-0.007634
-0.496183
1.328244
1.984733
-0.656489
-1.267176
3.061069
0.038168
0.549618
-0.977099
0.007634
-1.480916
1.374046
1.251908
2.175573
1.694656
-0.053435
-1.038168
3.633588
0.732824
-0.038168
2.832061
1.099237
2.534351
2.618321
0.908397
0.977099
0.145038
3.488550
1.396947
0.961832
0.557252
1.000000
-2.320611
-3.160305
-0.977099
2.061069
-0.427481
-0.290076
1.564885
2.206107
-1.305344
-1.618321
0.015267
0.374046
0.022901
-3.091603
-1.801527
3.152672
1.549618
-0.984733
-2.465649
2.328244
-0.587786
2.404580
1.305344
2.496183
0.236641
-2.129771
1.587786
0.122137
-0.778626
-0.053435
0.977099
-0.465649
-0.931298
1.297710
0.778626
-1.106870
1.587786
0.236641
3.229008
1.137405
0.175573
2.297710
0.519084
2.465649
-1.816794
-0.931298
-1.022901
-1.038168
1.213740
1.221374
2.801527
1.412214
1.625954
0.938931
-0.633588
2.702290
1.190840
0.610687
1.732824
0.725191
0.473282
0.389313
2.068702
4.068702
-0.290076
3.549618
1.198473
-1.877863
1.221374
0.732824
1.549618
-0.473282
1.572519
-2.526718
3.893130
0.717557
0.236641
-0.511450
-0.564885
2.053435
2.183206
-1.236641
1.229008
3.427481
2.412214
1.488550
1.381679
-0.725191
1.824427
1.106870
-2.732824
-0.366412
-0.389313
0.984733
-0.297710
-0.977099
1.900763
1.442748
-0.030534
3.274809
1.748092
2.114504
2.664122
2.312977
-1.625954
-1.916031
-0.572519
3.305344
2.702290
4.007634
0.641221
0.954198
-0.122137
-2.625954
-1.824427
1.908397
-0.137405
2.175573
-1.854962
0.190840
-2.389313
-1.549618
2.625954
-0.076336
1.671756
0.320611
1.312977
-0.366412
-1.778626
-0.587786
0.908397
-0.770992
0.251908
-1.053435
0.229008
3.648855
-0.687023
-0.717557
2.083969
0.725191
-0.503817
2.221374
0.541985
-3.282443
1.435115
3.503817
1.320611
-1.900763
1.282443
-0.694656
0.389313
-1.618321
0.748092
2.885496
-1.503817
-0.534351
-1.656489
-0.297710
-1.083969
0.145038
3.923664
-0.335878
-0.366412
1.916031
-1.396947
3.267176
5.221374
1.083969
-3.053435
0.984733
-0.748092
0.076336
2.977099
1.870229
3.625954
0.572519
1.786260
-0.687023
-2.160305
1.435115
-0.740458
-0.610687
1.694656
0.114504
-0.244275
3.916031
-2.824427
3.396947
2.381679
1.938931
1.816794
-0.862595
0.946565
1.145038
1.396947
0.229008
-0.229008
-0.190840
0.160305
0.557252
-0.816794
2.770992
0.793893
-0.770992
2.603053
-2.427481
1.847328
0.396947
0.007634
-0.534351
2.335878
3.687023
3.458015
-0.687023
0.709924
2.167939
0.526718
0.198473
-1.251908
1.732824
1.664122
-0.396947
2.435115
0.900763
1.534351
-1.969466
0.702290
-0.152672
2.900763
0.618321
0.740458
0.030534
4.839694
0.946565
4.954198
4.809160
3.862595
6.900764
4.572519
4.648855
6.648855
8.053435
3.755725
2.076336
-2.030534
3.862595
3.511450
1.229008
-9.106871
3.511450
3.007634
3.694656
8.335877
3.969466
2.091603
5.885496
4.213740
2.931298
4.427481
6.496183
5.198473
2.557252
3.732824
4.312977
5.106870
2.549618
4.305344
2.961832
2.656489
3.488550
3.618321
2.526718
0.946565
-0.969466
1.801527
4.534351
2.114504
1.625954
-0.496183
0.458015
1.648855
1.259542
3.564885
3.595420
1.992366
4.328244
2.648855
3.908397
2.717557
2.717557
0.961832
3.183206
0.412214
4.839694
1.091603
4.007634
2.618321
0.832061
1.396947
3.946565
4.076336
4.297710
-2.106870
-0.717557
0.717557
6.908397
-0.221374
2.335878
2.870229
0.068702
2.946565
1.045802
-0.312977
3.770992
-0.221374
0.564885
-2.068702
-1.000000
1.282443
2.587786
0.534351
1.450382
0.770992
2.206107
3.877863
1.366412
-0.687023
5.000000
-0.236641
3.770992
3.503817
4.145038
1.557252
-0.450382
5.969466
5.366412
4.885496
6.221374
9.603053
3.916031
3.862595
4.488550
4.633588
4.007634
7.656488
7.725191
4.198473
7.709924
5.450382
2.778626
4.274809
3.488550
4.732824
4.183206
-2.343511
2.274809
1.931298
2.099237
0.786260
-0.068702
0.160305
0.725191
4.519084
2.083969
1.274809
-1.320611
0.007634
0.465649
0.595420
0.114504
2.305344
0.557252
-0.251908
3.061069
-1.816794
0.351145
0.251908
-0.137405
-0.679389
-1.190840
-0.374046
0.213740
3.251908
-0.183206
1.244275
-0.190840
2.488550
0.519084
0.671756
0.770992
2.091603
1.610687
-1.343511
0.496183
0.862595
0.595420
-2.557252
-2.801527
-0.709924
3.274809
0.061069
-1.725191
-0.496183
0.007634
-1.099237
-0.763359
1.847328
2.503817
-1.511450
2.519084
2.427481
-0.145038
0.496183
-0.740458
4.832061
5.053435
1.297710
1.312977
-1.152672
-1.725191
-1.374046
-1.824427
1.725191
-1.137405
-3.816794
-3.824427
-4.427481
0.954198
1.114504
4.503817
6.748092
2.198473
-0.534351
-1.900763
1.564885
4.267176
1.641221
2.740458
-4.908397
-3.519084
-4.648855
-0.458015
-1.053435
2.786260
1.206107
0.244275
-2.778626
-4.213740
-1.732824
-3.877863
1.389313
0.877863
0.961832
1.679389
-4.778626
-6.549618
-5.503817
-8.129771
-2.099237
-1.816794
1.480916
-0.679389
-4.053435
-0.870229
2.045802
-0.526718
-6.221374
-5.137404
-6.801527
-2.129771
-0.496183
0.213740
-1.519084
2.381679
-1.961832
-3.015267
-2.229008
-3.122137
-0.854962
1.122137
0.877863
-1.748092
-2.335878
-2.603053
1.053435
3.984733
-5.145038
-1.503817
0.198473
4.030534
-2.488550
-2.801527
-4.526718
-2.343511
-2.335878
-2.641221
-0.580153
3.587786
-0.335878
-2.190840
3.396947
-1.511450
-1.923664
2.083969
-6.625954
-5.297710
-2.725191
2.129771
1.145038
1.259542
1.816794
-1.206107
-6.801527
1.030534
2.717557
-2.709924
4.656488
3.396947
-2.160305
-6.473282
-0.603053
-1.786260
2.015267
-2.442748
-3.519084
2.595420
4.053435
3.641221
5.809160
6.809160
2.435115
0.328244
-4.358778
-2.366412
-1.717557
-1.603053
-6.687023
0.839695
-1.748092
0.679389
1.259542
0.259542
4.816794
4.114504
4.534351
-2.435115
-4.328244
-5.358778
-3.458015
-1.221374
-2.122137
0.755725
4.099236
4.656488
1.221374
-3.404580
-3.725191
-4.366412
-4.274809
-3.152672
-2.992366
0.832061
2.160305
5.358778
3.061069
-5.839694
4.305344
-1.908397
1.977099
4.244275
-3.022901
0.954198
-3.908397
-2.641221
7.748092
-3.106870
1.709924
2.946565
-3.832061
5.938931
-6.816794
3.908397
2.190840
-4.061069
5.297710
-4.198473
0.129771
0.770992
-7.358778
4.145038
-4.923664
1.633588
-2.709924
-6.183206
-0.053435
0.290076
-3.007634
5.175572
-7.236641
1.145038
-0.251908
3.145038
-0.961832
-1.603053
6.129771
-4.061069
0.305344
4.213740
-3.641221
-2.694656
7.549618
-0.076336
-2.366412
2.732824
1.511450
-4.114504
-5.625954
5.900764
-1.480916
-6.526718
-1.610687
5.282443
1.068702
-3.534351
4.839694
2.328244
0.519084
-5.763359
1.083969
7.641222
1.916031
-3.114504
1.893130
4.206107
5.587786
0.755725
-0.992366
-1.267176
4.725191
0.106870
-3.748092
6.458015
-4.526718
6.755725
-1.145038
-1.954198
5.832061
4.312977
0.351145
0.832061
7.160306
5.778626
-2.389313
-1.824427
5.114504
8.038168
-2.343511
1.038168
5.236641
-1.282443
7.267176
2.183206
1.076336
-6.992366
4.488550
1.900763
-0.122137
5.083970
1.519084
3.694656
-1.381679
6.068702
-3.167939
-1.213740
4.022901
-1.984733
4.900764
-0.839695
6.801527
-1.702290
7.725191
-0.045802
7.458015
6.099236
-2.167939
5.404580
1.274809
6.190840
-1.213740
8.862596
-1.832061
7.793893
-0.694656
-3.053435
7.938931
0.038168
6.549618
3.496183
2.839695
8.824428
-2.396947
5.511450
0.152672
7.053435
-1.106870
7.251908
-0.557252
6.992366
4.480916
7.480916
-4.190840
4.778626
-2.358779
6.015267
0.183206
1.297710
-2.427481
4.328244
-2.816794
5.732824
1.167939
-2.549618
4.488550
2.702290
-6.488550
3.656489
-2.419847
2.694656
3.129771
-5.442748
5.068702
-4.778626
6.419847
-1.389313
3.099237
-5.450382
5.229008
-3.312977
5.877862
-2.381679
3.045802
0.778626
0.633588
1.908397
0.022901
0.213740
0.526718
2.106870
1.335878
-4.335878
3.519084
-4.259542
6.641222
2.221374
-0.534351
3.664122
0.587786
1.404580
0.511450
-0.396947
2.114504
0.091603
3.305344
-0.564885
-1.618321
-5.145038
1.832061
-3.114504
5.374046
-3.229008
4.190840
-2.610687
-2.770992
-3.908397
-0.862595
1.549618
-3.183206
-0.267176
3.847328
-2.526718
5.961832
-6.847328
3.793893
-5.480916
3.374046
-0.328244
-1.549618
4.091603
-4.587786
4.427481
-3.190840
-1.511450
5.854962
7.702290
-2.938931
-5.664122
4.320611
5.465649
-5.320611
5.519084
2.000000
-4.786260
1.931298
0.229008
-4.175572
4.732824
7.732824
3.114504
-1.351145
2.236641
8.206107
-2.282443
-4.984733
-3.618321
0.129771
2.984733
3.931298
-1.740458
-0.137405
4.465649
-1.328244
-3.786260
6.442748
-3.442748
-0.221374
3.938931
-4.908397
0.931298
-1.389313
-1.137405
5.633588
-5.748092
4.679389
2.908397
-5.259542
6.099236
1.030534
1.221374
0.038168
-2.236641
1.809160
-0.908397
4.015267
-6.038168
3.320611
-4.755725
5.534351
-2.160305
3.389313
-2.778626
-3.122137
0.045802
0.335878
-2.206107
6.984733
-2.587786
3.778626
-2.541985
4.595420
-4.847328
3.389313
-5.603054
3.885496
-7.045802
3.809160
-0.259542
0.816794
0.564885
-1.259542
0.801527
-2.496183
6.702290
-3.465649
6.358778
-1.328244
-1.427481
2.740458
-5.519084
2.908397
-4.450382
1.328244
-1.732824
-5.961832
5.740458
-2.229008
5.564886
2.435115
-2.709924
4.099236
-3.335878
5.633588
-2.274809
-0.770992
8.770992
-2.580153
3.015267
-0.465649
3.656489
0.068702
-1.473282
1.435115
-4.267176
9.435115
3.206107
-2.664122
4.145038
-2.305344
4.076336
-4.000000
5.732824
-6.106870
2.366412
-4.038168
-3.412214
5.862596
-5.251908
3.900763
-3.702290
7.541985
-2.122137
2.458015
4.526718
-2.877863
7.732824
-0.458015
-2.725191
7.114504
-3.801527
2.641221
3.877863
-4.694656
4.870229
-0.572519
4.931298
4.687023
-3.931298
6.175572
-3.068702
6.854962
-2.610687
1.587786
2.229008
1.755725
6.206107
-3.557252
-0.816794
5.022901
-1.755725
4.206107
1.488550
-4.152672
6.480916
1.908397
4.389313
-1.824427
-7.480916
6.351145
0.015267
-4.290076
1.732824
3.282443
-1.465649
-7.603054
0.076336
6.480916
-1.610687
-5.015267
-2.625954
6.328244
5.694656
0.541985
-4.465649
-1.480916
-1.450382
-8.503817
-3.076336
2.885496
5.778626
6.099236
-3.389313
-7.122138
-4.251908
4.000000
-2.847328
-1.992366
4.763359
-4.755725
-0.839695
4.267176
-7.267176
-1.984733
3.068702
-2.877863
-2.992366
2.419847
1.641221
-4.450382
2.732824
0.778626
-4.648855
4.977099
2.290076
-4.816794
-3.343511
7.343512
3.725191
-5.511450
0.221374
1.801527
-1.488550
9.175572
-1.442748
1.450382
-2.106870
9.435115
-3.519084
0.511450
0.801527
-7.625954
-2.694656
1.580153
2.694656
4.442748
-1.603053
0.893130
-2.137405
-0.832061
4.305344
3.396947
1.847328
-8.274809
-0.557252
-2.427481
-1.274809
-4.206107
4.702290
-0.534351
-2.450382
-0.198473
-0.557252
-2.709924
-1.274809
3.564885
-1.755725
4.198473
-1.679389
-4.916030
3.450382
-1.740458
-4.007634
2.419847
-0.496183
-1.229008
2.175573
-0.213740
-2.702290
4.244275
-5.312977
-2.847328
6.221374
0.038168
-0.625954
4.786260
3.145038
-3.206107
3.404580
1.351145
-2.106870
1.511450
5.427481
1.068702
-4.183206
0.175573
1.938931
7.343512
-3.870229
-4.076336
4.587786
0.946565
-0.343511
-2.549618
4.641222
-1.832061
-2.206107
5.007634
5.122138
-3.900763
-3.442748
4.595420
1.488550
-5.793893
-1.297710
1.984733
-4.000000
-2.618321
3.755725
6.816794
2.366412
-4.114504
1.656489
5.167939
-0.450382
2.465649
-2.282443
2.702290
1.145038
0.106870
-1.679389
-1.160305
0.030534
3.664122
-0.358779
-1.488550
-0.229008
-1.641221
5.954198
-4.007634
2.687023
0.961832
-2.809160
4.702290
-4.335878
1.396947
-3.633588
3.687023
2.603053
-3.755725
3.083969
-1.900763
6.175572
-3.694656
-5.229008
8.870229
0.534351
2.992366
-5.213740
4.366412
-7.412214
3.549618
-4.641222
-2.396947
4.580153
-3.702290
-0.175573
0.068702
-3.030534
3.114504
-1.305344
6.129771
7.190840
-0.541985
-2.030534
4.053435
5.244275
3.038168
-3.793893
2.442748
1.969466
-5.885496
1.694656
3.671756
-6.931298
1.305344
-0.893130
0.870229
3.992366
-0.541985
0.595420
5.160306
0.389313
-3.671756
5.022901
-0.832061
3.427481
-4.908397
0.297710
1.954198
0.412214
3.908397
-7.198473
2.778626
-4.885496
2.045802
3.587786
0.404580
3.587786
7.587786
-0.015267
-4.885496
6.099236
2.633588
-6.603054
-3.183206
4.977099
1.755725
-4.427481
-3.229008
-4.969466
3.175573
5.770992
-0.916031
-4.801527
-4.374046
5.526718
3.625954
0.366412
-3.167939
-0.557252
0.702290
6.061069
7.969466
5.030534
-4.770992
0.129771
5.465649
5.740458
3.732824
-0.709924
-4.328244
-3.229008
-4.664122
7.152672
5.847328
-2.244275
-0.778626
-0.236641
0.595420
2.045802
-2.145038
-5.389313
-2.091603
5.564886
-0.595420
-3.190840
2.374046
0.854962
-1.755725
4.748092
-2.526718
2.595420
0.099237
-3.259542
1.793893
-3.625954
4.427481
0.961832
-6.122138
4.549618
-4.541985
2.259542
-1.022901
-4.427481
4.473282
0.045802
-3.885496
4.305344
-6.984733
4.610687
0.473282
-1.732824
6.847328
-6.770992
7.083970
-0.679389
1.465649
-2.007634
0.770992
4.748092
-0.022901
4.755725
-2.824427
7.801527
-0.854962
-0.564885
2.595420
1.427481
-1.870229
1.557252
-4.053435
3.389313
-4.290076
0.312977
5.160306
-1.251908
-4.748092
1.068702
6.137404
-5.206107
-2.221374
3.526718
2.229008
-1.801527
-2.885496
-2.000000
-2.473282
6.305344
4.687023
-4.954198
-6.938931
1.595420
6.465649
0.496183
-3.267176
-1.610687
-4.038168
-2.114504
0.190840
6.977099
4.526718
-2.694656
-4.740458
-0.206107
3.625954
6.541985
1.725191
-3.832061
-5.694656
3.778626
5.229008
8.022901
-0.160305
-3.389313
-5.870229
-1.137405
6.946565
0.106870
-1.580153
2.893130
-3.351145
-1.282443
3.641221
-1.229008
-2.213740
-1.282443
-2.992366
3.938931
-2.732824
-0.809160
3.412214
-1.206107
-1.938931
7.954198
-1.297710
0.183206
-4.007634
6.045802
-0.488550
0.877863
3.992366
-2.839695
-5.877862
7.068702
0.656489
0.709924
-0.694656
-0.091603
-0.862595
3.900763
-1.793893
1.221374
-6.946565
4.435114
1.938931
6.564886
-1.381679
-3.893130
3.923664
3.335878
-2.923664
-1.145038
6.534351
1.458015
-4.198473
-5.053435
-5.488550
2.145038
3.305344
-5.160306
-3.251908
3.290076
5.564886
-0.374046
-2.541985
5.412214
3.679389
-5.167939
-2.870229
5.244275
1.541985
-2.595420
0.587786
3.534351
-0.748092
-0.305344
2.625954
4.358778
-1.412214
-1.419847
4.625954
2.503817
-4.404580
3.282443
4.236641
-3.122137
4.290076
7.145038
-0.076336
-4.992366
7.145038
5.656488
-3.786260
-1.770992
0.221374
5.068702
3.740458
-0.297710
-3.931298
2.198473
2.129771
0.992366
-6.358778
-4.038168
3.916031
-0.458015
-0.778626
4.679389
0.419847
-4.007634
-1.900763
4.748092
7.091603
-1.572519
-3.969466
2.274809
-2.183206
-1.053435
-0.297710
-7.083970
4.175572
-1.335878
-6.625954
2.114504
1.694656
4.778626
-3.015267
-1.679389
3.427481
3.007634
-3.862595
-3.656489
1.404580
8.458015
-0.305344
-4.648855
-0.946565
1.694656
5.862596
-1.236641
-6.274809
-0.763359
5.961832
0.000000
-3.954198
5.015267
-0.442748
-0.954198
-1.458015
3.755725
5.786260
2.213740
-5.870229
-0.389313
-0.595420
4.870229
-4.969466
-0.694656
7.381680
-1.282443
-0.671756
3.442748
-7.801527
3.381679
0.335878
7.427481
2.183206
-3.679389
4.473282
-1.358779
1.068702
2.587786
-4.503817
0.358779
2.381679
-5.122138
0.015267
0.847328
-2.557252
5.328244
0.045802
-5.816794
4.900764
-3.694656
-1.702290
2.755725
-3.045802
-0.534351
2.511450
-3.022901
4.335878
-4.839694
3.007634
1.007634
-0.732824
-3.885496
1.526718
5.992366
-1.854962
0.000000
1.961832
-3.396947
-1.694656
0.687023
2.068702
-1.580153
4.587786
0.404580
-7.557252
4.259542
0.580153
-2.595420
-2.312977
0.435115
-0.938931
1.190840
4.725191
-1.961832
2.305344
1.709924
0.183206
3.839695
3.267176
-4.755725
1.916031
3.618321
-3.435115
1.244275
2.519084
-4.282443
2.183206
-1.977099
2.496183
-2.717557
5.305344
-0.335878
1.076336
1.709924
-1.114504
1.595420
0.656489
-2.740458
1.236641
-3.236641
2.374046
-2.541985
1.358779
-0.419847
0.549618
2.442748
-4.030534
4.824428
-4.641222
3.572519
-5.068702
-6.106870
6.572519
-1.305344
-1.946565
1.671756
-0.549618
3.213740
3.885496
-4.022901
-1.671756
-3.480916
6.320611
4.229008
-2.198473
4.267176
0.213740
3.748092
2.694656
-3.679389
5.916030
1.053435
-4.122138
-1.145038
0.893130
-7.312977
5.305344
-1.297710
-3.694656
3.725191
-3.000000
7.190840
-2.190840
-0.335878
-4.580153
5.053435
-1.267176
-0.442748
5.969466
-2.938931
2.702290
-1.648855
4.473282
-4.862596
4.007634
-3.580153
7.595420
-6.145038
4.458015
-5.694656
4.015267
-4.251908
1.900763
2.129771
1.183206
2.160305
-1.068702
2.709924
-2.259542
1.916031
5.534351
0.610687
7.564886
-3.679389
1.664122
2.656489
-3.923664
5.969466
-4.167939
2.244275
-0.022901
-5.320611
5.748092
-1.335878
-2.748092
3.885496
-3.229008
-2.114504
5.091603
-2.961832
2.679389
-3.488550
-3.587786
4.152672
-0.381679
1.160305
0.450382
-3.000000
6.992366
-0.580153
1.145038
6.427481
-0.106870
4.725191
-1.358779
1.206107
-0.916031
4.343512
3.610687
-0.732824
5.190840
-1.076336
2.381679
4.709924
-2.671756
4.595420
-1.877863
0.625954
0.938931
-7.106870
5.221374
-1.229008
-4.022901
3.206107
5.000000
-5.068702
-0.091603
0.854962
0.236641
-1.519084
4.450382
-3.755725
1.946565
0.801527
-5.992366
5.687023
-3.694656
-0.916031
3.801527
-1.839695
-1.893130
5.290076
-3.183206
2.038168
4.122138
-2.732824
5.893130
1.763359
-1.755725
1.854962
3.076336
0.335878
-2.610687
1.778626
7.580153
-4.106870
0.687023
4.267176
-1.687023
-2.137405
3.801527
-2.687023
-0.526718
7.557252
-0.519084
-6.931298
4.099236
4.534351
-5.358778
-1.526718
6.022901
4.396946
3.961832
-3.366412
-3.236641
5.335878
0.893130
-6.656488
3.595420
3.190840
1.122137
3.908397
5.221374
-2.251908
-0.022901
7.862596
-0.022901
0.862595
3.847328
2.114504
0.068702
3.000000
-5.297710
-2.748092
2.801527
1.496183
-0.580153
-4.793893
0.641221
5.458015
1.885496
-6.206107
1.412214
1.259542
7.251908
0.618321
-0.824427
-2.282443
0.167939
0.053435
4.740458
0.206107
3.786260
-2.145038
-1.618321
-1.206107
1.908397
-3.748092
-4.053435
2.473282
-0.427481
-7.015267
5.801527
-1.793893
-3.519084
-1.992366
4.167939
6.007634
-0.740458
-1.312977
-0.305344
-4.717557
-0.480916
1.320611
4.229008
6.022901
0.916031
-5.015267
-2.748092
-1.770992
3.473282
2.938931
5.641222
3.435115
-1.465649
-1.480916
-4.320611
1.259542
4.366412
6.381680
-3.427481
2.534351
-2.473282
-7.671756
-3.396947
-1.435115
3.748092
6.854962
3.900763
-0.595420
-2.251908
-3.129771
-1.900763
3.786260
-5.045802
-0.946565
1.824427
-3.854962
4.977099
-5.160306
1.137405
4.839694
-1.648855
3.129771
-2.396947
0.954198
1.557252
-3.877863
4.122138
-4.908397
1.564885
1.511450
-3.954198
6.625954
-1.335878
3.969466
-5.358778
6.992366
-3.633588
3.580153
1.778626
-1.076336
1.832061
1.526718
-5.404580
-2.038168
1.984733
9.801527
-3.496183
2.229008
8.198473
-2.022901
6.343512
-5.114504
6.664122
-3.412214
4.541985
-5.061069
5.312977
-4.213740
5.000000
-2.709924
5.603054
-4.190840
3.083969
-3.610687
0.931298
3.290076
0.236641
3.656489
-5.007634
-1.396947
5.007634
-8.374045
6.885496
-2.778626
4.816794
-4.519084
6.580153
-1.992366
1.770992
-3.809160
1.091603
4.030534
-4.099236
7.839694
-3.221374
6.618320
-3.366412
0.091603
0.198473
-4.465649
3.137405
4.442748
-5.343512
1.229008
1.725191
-2.908397
3.351145
-1.541985
-2.557252
3.793893
-0.274809
-7.038168
6.793893
-4.091603
-2.152672
4.007634
-6.091603
4.480916
2.198473
-3.015267
4.236641
-3.564885
-1.954198
3.938931
-1.580153
-0.129771
6.992366
-3.458015
0.167939
3.824427
-5.839694
2.320611
0.770992
-1.427481
4.030534
-5.534351
-6.206107
2.320611
-2.122137
1.755725
4.557252
-1.511450
5.786260
-3.770992
2.190840
4.465649
-1.908397
3.259542
4.496183
-4.992366
0.503817
4.778626
-7.969466
-0.763359
5.824428
-3.664122
-1.152672
5.664122
-3.022901
5.908397
-8.068703
5.374046
-5.122138
3.702290
-0.671756
6.870229
-0.854962
4.572519
-4.015267
3.183206
-0.816794
2.343511
-1.641221
4.992366
-2.870229
4.465649
-4.641222
1.244275
-3.938931
5.511450
-5.648855
3.458015
-1.343511
6.465649
-5.496183
3.229008
-4.679389
-0.557252
-1.587786
5.328244
-4.740458
4.992366
-3.374046
4.511450
-2.625954
3.580153
-3.274809
1.923664
-2.488550
5.992366
-4.229008
5.061069
-2.030534
-4.931298
8.755725
-1.221374
-1.625954
5.671756
-4.404580
2.625954
-2.908397
0.687023
2.137405
-4.885496
3.045802
-4.320611
-1.045802
1.847328
-6.641222
-4.183206
-1.213740
1.893130
-0.900763
0.503817
2.351145
-7.099236
6.557252
3.190840
-4.938931
4.793893
1.190840
-2.526718
2.748092
-4.015267
0.106870
0.832061
-3.312977
4.328244
-2.603053
-4.717557
2.091603
1.450382
-4.992366
7.908397
-3.290076
5.587786
-2.946565
5.419847
-3.603053
1.244275
-5.893130
4.541985
-2.076336
6.053435
-3.419847
5.305344
-1.465649
2.183206
-3.282443
3.900763
-4.923664
3.870229
-6.282443
5.984733
-0.068702
-3.900763
5.091603
-4.022901
5.442748
-3.244275
4.320611
-0.061069
-2.938931
5.343512
-7.870229
3.885496
1.419847
-0.740458
6.374046
-4.068702
3.000000
-2.267176
-4.374046
4.969466
-2.160305
0.343511
4.068702
-6.267176
4.671756
6.312977
-1.587786
-3.984733
3.022901
2.030534
-3.106870
-2.007634
2.114504
1.786260
-4.236641
-2.885496
-2.106870
4.809160
4.641222
-2.549618
-5.114504
-1.732824
4.534351
-2.183206
-4.015267
-2.984733
-5.259542
2.076336
1.595420
-0.526718
0.274809
3.381679
3.870229
-3.610687
0.305344
2.801527
4.335878
-5.923664
0.427481
2.770992
-5.854962
-6.633588
3.786260
1.862595
-6.458015
0.328244
6.435114
5.335878
-0.877863
-1.099237
5.519084
-2.893130
-3.496183
3.931298
-1.503817
-5.076336
4.824428
-0.541985
1.664122
0.297710
-0.137405
3.816794
-0.129771
4.870229
-7.198473
4.206107
-1.610687
3.267176
-6.824428
4.358778
-4.755725
6.641222
-3.877863
4.946565
-4.587786
5.900764
-4.671756
5.427481
-3.312977
4.641222
0.251908
5.198473
-5.984733
2.778626
-2.450382
4.206107
-6.435114
5.221374
-4.328244
3.458015
-2.572519
1.083969
0.091603
1.297710
2.229008
-2.374046
4.358778
-5.099236
0.541985
-3.961832
6.328244
-1.816794
3.671756
2.633588
-3.755725
2.664122
-5.267176
3.251908
-5.282443
3.885496
0.427481
4.358778
-1.854962
3.519084
-6.274809
1.473282
2.885496
-1.885496
3.916031
-6.000000
5.267176
-0.236641
1.725191
-1.282443
-3.297710
2.931298
-2.740458
-2.984733
4.458015
-3.435115
-2.862595
7.290076
-4.175572
5.854962
3.099237
-1.938931
2.076336
0.419847
-4.832061
5.526718
-5.679389
-2.000000
4.297710
-6.496183
6.954198
2.969466
-6.366412
-0.221374
0.244275
-4.885496
2.412214
-2.015267
-0.389313
0.969466
0.190840
2.687023
0.183206
0.160305
0.587786
3.664122
0.633588
4.068702
-4.274809
3.809160
-2.641221
1.839695
0.770992
2.122137
-2.770992
4.465649
-1.572519
-0.618321
0.122137
-1.190840
-3.221374
2.465649
-1.992366
0.374046
1.938931
1.328244
3.190840
-0.259542
8.381680
-1.206107
5.190840
7.122138
9.183207
3.206107
8.419847
7.175572
2.839695
10.305344
4.175572
8.580153
7.427481
5.259542
8.694656
8.778625
1.900763
12.282443
7.610687
7.984733
9.335877
2.625954
8.526717
10.893129
4.671756
6.938931
7.458015
5.221374
8.900764
1.854962
5.007634
6.152672
-1.106870
6.267176
4.114504
-2.328244
4.129771
1.679389
-2.679389
2.671756
-0.305344
-3.076336
-3.442748
-5.038168
-4.244275
-5.854962
-4.000000
-11.381680
-6.351145
-5.938931
-5.702290
-5.335878
-5.213740
-5.099236
-8.381680
-7.763359
-4.717557
-9.549619
-6.641222
-4.900764
-3.717557
-7.374046
-7.877862
-12.099236
-10.854961
-4.045802
-9.038168
-10.732824
-9.305344
-12.893129
-8.687023
-10.015267
-7.015267
-9.908397
-6.274809
-9.610687
-8.755725
-11.572519
-9.763359
-12.053435
-5.885496
-10.679389
-8.396947
-7.694656
-7.854962
-6.885496
-9.679389
-6.083970
-3.022901
-2.687023
-2.603053
-3.335878
-4.870229
-2.656489
0.068702
1.114504
1.824427
-0.473282
1.778626
5.610687
7.816794
5.305344
-1.488550
6.053435
8.877863
6.167939
5.427481
11.366412
11.061069
7.618320
11.664123
12.526717
8.709924
11.114504
10.297709
10.152672
11.229008
10.351145
10.022901
7.458015
10.580153
6.259542
7.183206
11.824428
8.190840
7.381680
10.351145
7.038168
7.969466
9.687023
10.114504
12.251908
12.694656
10.022901
11.000000
10.007633
12.480916
11.328244
9.992367
9.190840
6.580153
8.206107
12.000000
10.450381
10.824428
9.282443
10.145039
6.038168
7.847328
7.633588
10.022901
11.595420
12.671756
10.442748
10.366412
11.381680
8.839695
5.297710
8.312977
6.206107
11.320611
10.893129
8.786260
11.106871
10.473283
9.541985
10.206107
5.977099
8.572519
3.885496
12.145039
10.748092
8.427481
9.091603
7.312977
8.793893
10.160305
7.259542
6.984733
5.786260
8.022901
10.198473
6.305344
6.038168
5.938931
2.068702
2.656489
0.618321
3.175573
3.877863
4.160306
5.732824
5.549618
3.969466
0.290076
0.145038
-0.977099
4.091603
0.183206
1.114504
0.458015
6.641222
3.267176
-5.641222
-2.076336
-3.748092
-0.702290
-4.374046
-5.213740
-3.167939
-2.442748
-10.732824
-10.160305
-7.893130
-5.763359
-7.045802
-8.740458
-12.839695
-8.343512
-9.320611
-10.725191
-13.763359
-8.625955
-12.030535
-9.274809
-14.603053
-9.534351
-13.267176
-6.496183
-8.969465
-8.923664
-20.206106
-6.328244
-8.694656
-11.793893
-12.816793
-10.625955
-10.839695
-3.793893
-11.122137
-9.854961
-10.022901
-8.557252
-10.328244
-10.053435
-12.625955
-8.603053
-6.900764
-12.282443
-11.465649
-10.351145
-10.045801
-11.343512
-10.427481
-7.282443
-8.740458
-8.977099
-8.984733
-12.183207
-5.488550
-12.221375
-8.801527
-10.740458
-10.358779
-12.389313
-11.847328
-10.145039
-9.610687
-7.992366
-12.129771
-13.862596
-12.137404
-7.717557
-8.671756
-9.992367
-6.381680
-9.809160
-11.374045
-12.297709
-11.809160
-8.045801
-10.458015
-11.732824
-12.824428
-4.793893
-7.190840
-10.587787
-6.618320
-10.022901
-9.435115
-8.206107
-10.923664
-10.038168
-11.709924
-8.435115
-9.000000
-13.251908
-10.259542
-7.938931
-10.854961
-8.404580
-7.801527
-11.877863
-15.175572
-10.000000
-15.007633
-12.305344
-10.526717
-12.709924
-13.435115
-8.496183
-15.145039
-13.526717
-13.091603
-9.687023
-12.389313
-10.053435
-10.312977
-6.832061
-7.908397
-7.442748
-4.198473
-6.839694
-0.816794
3.595420
1.900763
-0.221374
3.061069
-1.969466
5.580153
3.664122
11.809160
10.328244
12.229008
10.206107
9.854961
7.068702
12.083969
7.900764
10.908397
11.335877
5.885496
8.358779
11.053435
11.106871
10.480916
8.832061
11.320611
5.793893
9.068703
11.282443
11.236641
7.664122
10.839695
12.480916
8.511451
10.839695
9.251908
7.038168
7.687023
9.854961
13.824428
10.694656
10.648855
13.412213
10.687023
6.541985
8.328244
7.274809
10.229008
9.816793
11.374045
16.648855
7.091603
10.488549
12.679389
10.015267
13.961832
10.549619
12.503817
9.633588
6.984733
5.213740
10.015267
10.519084
8.732824
11.274809
10.343512
7.137404
9.984733
11.725191
10.366412
7.702290
13.053435
8.015267
9.297709
11.633588
6.900764
14.511451
10.793893
10.885496
11.610687
4.427481
13.755725
10.984733
7.083970
7.847328
12.053435
9.618320
8.969465
10.442748
7.931298
7.335878
12.824428
10.114504
9.030535
9.152672
9.389313
12.931297
10.083969
7.053435
12.618320
11.274809
10.053435
9.610687
10.076336
8.893129
13.091603
8.717557
9.709924
8.595420
6.061069
1.694656
-2.183206
-0.290076
2.931298
4.267176
1.671756
-0.755725
-2.358779
-2.679389
-0.694656
0.396947
-4.877862
-0.641221
-0.923664
-5.145038
-4.557252
-7.229008
-4.320611
-4.931298
-2.526718
-4.969466
-0.297710
-3.625954
-3.679389
-6.839694
-2.061069
-3.549618
-3.404580
-6.000000
-4.832061
-4.549618
1.221374
-1.206107
-5.190840
-1.572519
-5.748092
-1.251908
-4.839694
-4.839694
-0.503817
1.725191
-2.297710
2.007634
-1.419847
-2.366412
-1.969466
0.946565
-3.618321
-1.129771
0.908397
-1.053435
-0.091603
-2.152672
0.519084
-3.305344
-1.534351
-1.870229
2.404580
-2.114504
0.511450
1.061069
-0.038168
0.244275
2.068702
-2.519084
0.748092
-0.221374
-7.488550
0.290076
-0.183206
0.198473
-1.671756
1.366412
2.343511
0.725191
-0.778626
-0.641221
-1.236641
3.755725
0.404580
2.083969
1.633588
2.099237
1.770992
-0.335878
3.145038
0.633588
1.793893
0.610687
1.000000
1.343511
0.175573
1.007634
1.610687
1.954198
2.427481
-1.290076
3.030534
1.465649
6.106870
2.862595
-1.938931
-0.068702
1.832061
-2.106870
-0.473282
1.580153
0.862595
1.946565
1.473282
-2.625954
1.427481
-2.755725
3.885496
0.106870
0.824427
2.816794
-0.190840
-0.198473
2.099237
5.419847
3.389313
-1.572519
-1.412214
1.618321
3.297710
1.343511
-3.282443
-0.610687
1.977099
-1.213740
2.038168
-0.328244
2.061069
-2.679389
1.961832
1.083969
0.786260
1.183206
-2.931298
1.396947
1.786260
0.801527
1.687023
5.061069
3.099237
2.778626
1.587786
0.580153
-0.511450
-0.305344
2.068702
2.709924
5.259542
3.022901
4.068702
1.404580
3.099237
2.809160
5.541985
5.809160
0.106870
2.183206
-0.503817
-1.206107
4.557252
-1.503817
1.717557
1.870229
2.587786
0.519084
-0.916031
-0.091603
-4.152672
1.557252
1.572519
-0.282443
-1.748092
-0.916031
3.076336
-4.351145
-3.977099
-4.992366
3.778626
-1.755725
-0.045802
3.274809
-0.694656
-4.358778
-8.427481
-2.404580
-3.732824
-1.900763
-5.251908
1.274809
-4.755725
2.931298
-4.541985
-1.145038
-4.335878
-0.145038
-0.312977
-4.717557
-4.564886
-5.198473
-7.839694
-2.442748
-0.755725
-3.908397
-5.358778
-3.259542
-2.015267
-6.480916
-5.564886
-0.534351
-1.763359
-2.404580
-1.740458
-5.503817
1.503817
-1.511450
1.709924
0.282443
4.053435
0.503817
2.969466
1.221374
-1.633588
0.351145
2.129771
0.198473
-2.175573
-2.717557
-5.343512
-0.603053
-3.847328
-1.839695
-2.450382
2.282443
3.267176
3.022901
3.618321
4.328244
7.328244
0.809160
2.290076
4.664122
6.328244
3.648855
5.496183
5.106870
6.305344
6.267176
4.251908
5.488550
6.603054
8.068703
6.068702
4.893130
10.839695
7.946565
7.511450
2.572519
1.480916
1.618321
1.694656
9.969465
10.053435
2.847328
-0.198473
1.389313
1.358779
8.641221
8.007633
5.625954
4.709924
6.664122
6.854962
5.427481
3.404580
3.061069
5.763359
2.366412
3.603053
3.038168
3.984733
4.900764
5.351145
5.824428
3.824427
5.274809
5.610687
8.129771
4.916030
2.198473
3.496183
7.091603
8.748092
3.335878
4.893130
5.938931
2.824427
8.572519
10.068703
7.595420
9.167939
6.328244
5.648855
3.122137
7.312977
6.572519
4.511450
2.992366
3.809160
3.061069
2.770992
-1.526718
1.549618
1.854962
1.839695
0.748092
6.015267
0.412214
5.404580
4.786260
0.213740
4.274809
1.671756
3.595420
3.786260
-0.045802
1.900763
2.816794
4.778626
2.381679
3.755725
5.595420
0.595420
1.725191
0.954198
1.053435
2.427481
4.717557
3.572519
0.175573
3.122137
2.351145
2.381679
2.282443
5.832061
-1.419847
6.458015
3.740458
2.030534
2.236641
1.503817
3.007634
2.389313
5.709924
3.053435
2.435115
1.167939
2.839695
1.633588
3.725191
-3.137405
4.671756
-1.748092
1.419847
3.625954
2.335878
2.587786
3.671756
0.381679
-3.091603
3.022901
2.465649
2.893130
-0.801527
1.282443
2.671756
-1.709924
8.557252
2.229008
2.824427
2.435115
5.648855
4.770992
6.221374
4.328244
4.984733
2.954198
3.061069
1.160305
0.106870
-1.137405
-0.671756
-1.664122
-1.618321
-1.160305
2.656489
0.137405
-1.389313
-0.213740
1.702290
1.809160
0.442748
2.015267
-0.213740
-0.977099
-2.618321
0.114504
0.648855
-2.267176
-1.572519
-4.221374
-2.977099
1.198473
1.007634
1.488550
2.374046
-4.694656
-1.381679
-0.068702
-1.404580
-2.213740
0.839695
1.282443
-1.938931
-1.709924
-0.595420
-4.595420
1.007634
-1.801527
-3.725191
-0.900763
-1.167939
-0.534351
-0.748092
-5.099236
0.145038
-3.854962
-3.442748
-1.954198
-2.167939
-1.687023
2.816794
2.137405
1.022901
-0.519084
1.458015
-0.236641
-0.641221
2.198473
-1.328244
0.022901
-1.564885
4.083970
3.259542
-1.229008
0.145038
0.435115
2.473282
1.053435
-1.442748
0.992366
-2.793893
-0.358779
3.671756
1.274809
-0.435115
0.358779
-1.038168
1.106870
1.885496
1.458015
-0.099237
-2.374046
0.961832
3.664122
-0.259542
2.770992
2.122137
0.022901
0.335878
2.167939
0.946565
1.404580
1.587786
3.854962
1.320611
3.244275
1.587786
3.625954
1.587786
1.923664
3.267176
1.969466
-0.419847
1.862595
1.992366
1.732824
-0.587786
0.374046
1.839695
-0.916031
3.412214
-0.236641
0.442748
0.938931
2.305344
0.328244
-2.877863
4.992366
1.419847
0.992366
1.015267
1.496183
-1.366412
0.870229
7.473282
3.839695
5.671756
1.893130
12.641221
0.137405
6.099236
9.618320
0.618321
10.824428
0.893130
-0.595420
12.160305
1.053435
8.709924
5.328244
9.748092
4.198473
8.572519
5.442748
3.267176
3.908397
8.480916
1.450382
-0.511450
6.053435
2.213740
5.992366
7.702290
2.152672
5.114504
7.801527
3.496183
9.519084
4.732824
11.190840
4.694656
3.793893
10.580153
2.534351
7.167939
1.786260
13.458015
6.091603
11.854961
8.458015
4.259542
9.297709
4.167939
12.129771
3.709924
11.786260
3.152672
6.618320
5.954198
3.603053
11.312977
0.664122
5.702290
3.198473
7.534351
-2.007634
2.885496
0.488550
-5.534351
-7.007634
2.877863
-2.206107
-4.145038
-7.450382
-5.045802
-4.938931
0.488550
0.412214
0.328244
-5.351145
8.244275
2.839695
-2.725191
5.129771
-2.297710
-3.114504
-0.687023
8.213740
-0.549618
-5.442748
5.824428
1.198473
-7.015267
1.610687
4.595420
-5.122138
5.435114
-0.893130
-2.641221
2.503817
1.854962
-1.244275
0.664122
5.893130
-2.381679
0.923664
6.648855
0.122137
-7.129771
4.114504
1.725191
-1.267176
3.267176
5.320611
-4.854962
-3.854962
-1.030534
1.305344
-5.320611
4.282443
-1.900763
7.633588
0.335878
-2.061069
1.694656
3.022901
-6.007634
5.564886
-2.320611
4.396946
-0.167939
0.717557
3.557252
-3.694656
8.992367
-4.229008
4.442748
1.137405
1.282443
3.664122
-4.877862
2.175573
2.832061
-2.282443
6.274809
6.473282
-3.435115
3.358779
-3.328244
2.694656
2.908397
3.687023
-0.137405
0.099237
5.396946
4.458015
-4.030534
5.389313
3.213740
-1.633588
6.000000
-4.603054
4.923664
1.419847
3.213740
-2.251908
0.213740
-0.946565
2.816794
2.358779
2.679389
4.282443
-0.083969
4.442748
3.213740
-1.007634
-3.122137
-2.946565
-2.259542
2.786260
-2.282443
-2.167939
0.503817
-0.786260
-3.480916
-0.633588
-2.755725
1.076336
0.557252
0.954198
-2.885496
-1.572519
1.854962
1.404580
-2.091603
3.671756
1.068702
0.106870
-3.816794
0.916031
2.824427
3.114504
-2.847328
0.320611
3.030534
5.748092
3.961832
-2.183206
-3.977099
3.328244
0.274809
-0.900763
-3.061069
-2.755725
-2.526718
-3.068702
1.190840
2.045802
0.374046
-2.183206
1.931298
2.389313
1.526718
-0.755725
-3.076336
1.916031
5.206107
2.312977
-2.145038
-2.694656
-2.580153
-3.206107
2.877863
2.503817
0.000000
-0.839695
7.000000
2.221374
-5.068702
0.503817
1.274809
-3.877863
-0.839695
1.564885
5.091603
-1.206107
-2.893130
-2.091603
-2.351145
-4.030534
-5.297710
-4.694656
-2.076336
-3.519084
3.969466
0.534351
4.114504
3.946565
-0.106870
-2.824427
1.916031
-1.007634
-1.015267
3.618321
2.503817
4.618320
3.732824
-4.824428
-6.083970
-4.007634
1.267176
0.290076
-7.198473
-6.259542
-4.320611
-5.297710
-2.732824
0.244275
-5.175572
-7.954198
-8.190840
-11.137404
-12.061069
-8.114504
-6.198473
-4.297710
-5.122138
-1.900763
6.305344
3.221374
1.564885
-1.580153
-0.961832
-5.091603
-6.679389
2.404580
-2.977099
1.839695
2.290076
6.435114
0.801527
5.251908
4.427481
4.847328
1.595420
1.129771
6.778626
9.763359
7.854962
12.664123
9.969465
5.152672
3.091603
5.160306
6.839694
2.977099
4.946565
9.442748
10.717557
6.511450
5.137404
7.511450
9.503817
10.320611
7.038168
3.687023
7.305344
4.541985
8.763359
7.557252
8.648855
7.305344
4.358778
4.610687
2.244275
3.633588
6.000000
3.572519
3.824427
3.083969
5.740458
4.236641
2.496183
-0.389313
5.610687
-4.076336
-2.618321
-1.396947
-0.595420
-2.954198
-0.664122
4.335878
1.091603
8.000000
2.167939
5.290076
5.137404
1.725191
1.022901
-7.000000
-5.213740
-5.526718
-0.022901
2.312977
-0.038168
-1.099237
-3.389313
-7.343512
-8.160305
-2.809160
-2.259542
2.854962
0.274809
-2.450382
-3.740458
-6.916030
-5.984733
1.412214
3.702290
4.702290
-0.152672
-3.977099
-4.832061
0.839695
5.427481
1.450382
-1.511450
-3.244275
0.687023
1.366412
4.473282
3.137405
3.572519
-3.763359
-0.480916
-3.969466
2.366412
3.526718
0.916031
-3.603053
2.145038
1.053435
6.763359
3.221374
-2.038168
3.854962
4.221374
2.877863
-2.267176
-5.000000
-2.366412
1.000000
6.160306
0.312977
-1.900763
1.488550
2.877863
-0.870229
-1.312977
3.396947
1.885496
-0.526718
-2.015267
4.435114
-1.160305
-3.801527
-4.175572
0.007634
4.824428
-4.312977
-4.687023
2.427481
2.870229
-2.816794
-6.297710
-5.190840
-7.167939
-11.458015
-1.916031
-4.038168
-8.068703
-9.931297
-8.610687
-0.854962
-7.083970
-5.603054
-0.885496
-2.801527
-6.557252
-7.007634
-2.877863
0.244275
-5.358778
-7.190840
-6.946565
-2.328244
4.145038
0.503817
-4.832061
0.267176
1.404580
-6.580153
-3.358779
3.335878
4.366412
-4.824428
0.374046
3.328244
-1.404580
-1.137405
5.824428
1.435115
0.656489
-0.198473
3.679389
7.274809
4.519084
-2.152672
3.236641
2.770992
6.152672
1.061069
-1.404580
3.694656
-0.778626
-2.083969
2.503817
3.847328
7.274809
3.786260
6.564886
7.908397
5.167939
1.679389
3.305344
6.000000
4.106870
6.244275
1.099237
-1.664122
4.114504
6.709924
3.763359
-2.641221
2.160305
1.725191
5.816794
5.564886
-0.030534
-0.893130
3.412214
6.312977
5.106870
1.343511
8.694656
0.419847
7.167939
4.251908
-0.366412
6.351145
7.572519
4.152672
0.862595
10.389313
3.664122
2.099237
6.916030
5.893130
0.274809
5.305344
5.908397
-2.549618
4.221374
6.007634
3.496183
7.702290
6.076336
0.725191
-1.244275
1.053435
3.839695
7.900764
9.381680
6.648855
3.923664
8.854961
3.343511
3.694656
-0.992366
0.503817
1.068702
5.015267
7.595420
9.183207
1.702290
6.396946
6.793893
10.076336
5.022901
2.832061
1.007634
-0.954198
-0.328244
0.709924
1.541985
1.282443
2.984733
-1.236641
2.770992
7.770992
7.587786
2.160305
-0.297710
0.893130
1.732824
-3.007634
-0.427481
-3.274809
-3.564885
-2.984733
-9.465649
0.503817
-0.816794
1.824427
1.557252
-5.549618
-5.435114
-3.267176
-2.786260
0.687023
-6.725191
-8.427481
-8.198473
-0.664122
0.412214
-9.625955
-6.083970
-5.572519
-0.977099
-1.267176
-3.389313
-5.809160
-10.251908
-11.236641
-8.969465
-10.412213
-9.625955
-11.572519
-8.068703
-7.038168
-7.183206
-9.366412
-10.748092
-11.419847
-7.641222
-11.015267
-9.709924
-2.709924
-3.000000
-7.572519
-14.381680
-12.000000
-12.015267
-10.129771
-13.465649
-12.236641
-11.351145
-6.694656
-5.236641
-6.534351
-7.343512
-6.534351
-4.320611
-0.358779
-8.870229
-4.786260
0.984733
5.419847
0.091603
-4.824428
5.290076
2.877863
-2.656489
-1.366412
9.839695
4.587786
-3.503817
2.923664
6.030534
-0.167939
0.221374
1.297710
0.641221
3.885496
4.564886
3.083969
9.801527
7.473282
4.839694
5.282443
5.305344
6.908397
8.412213
8.007633
5.480916
5.572519
2.038168
3.954198
9.946565
5.618320
4.885496
6.694656
8.854961
7.801527
4.610687
7.137404
3.648855
10.473283
11.106871
4.839694
0.213740
10.320611
7.801527
3.335878
8.992367
4.526718
6.236641
9.480916
8.122137
14.389313
10.343512
14.595420
9.480916
9.503817
13.015267
5.366412
11.297709
9.122137
3.480916
10.717557
10.435115
6.137404
8.595420
12.282443
6.488550
10.213740
6.450382
5.801527
8.328244
5.938931
8.335877
5.473282
7.282443
8.664123
5.183206
1.083969
2.931298
5.702290
7.587786
3.236641
4.625954
3.335878
8.870229
5.519084
5.503817
5.847328
3.267176
4.564886
5.419847
6.343512
3.519084
2.114504
6.503817
2.519084
5.022901
5.862596
3.480916
7.458015
2.045802
5.076336
2.809160
0.297710
4.465649
2.267176
2.557252
7.000000
2.099237
5.022901
1.961832
5.984733
-0.824427
1.748092
2.679389
-0.137405
2.030534
1.702290
2.404580
1.473282
5.068702
-2.290076
2.045802
2.190840
1.511450
1.450382
0.534351
3.862595
1.809160
0.396947
5.809160
-2.541985
-0.488550
-0.328244
-3.564885
5.038168
1.473282
-4.374046
1.412214
-6.015267
-0.297710
-0.061069
-4.000000
1.496183
0.984733
-1.931298
1.572519
-1.633588
2.916031
1.366412
-2.175573
1.450382
-1.610687
0.274809
-1.358779
1.755725
3.679389
1.862595
1.083969
1.458015
2.786260
3.816794
2.458015
4.793893
3.984733
-0.564885
-0.503817
-0.938931
2.435115
0.557252
3.748092
4.786260
0.480916
0.106870
1.755725
2.396947
-1.549618
-0.458015
-0.679389
1.885496
1.725191
-1.099237
-1.946565
1.480916
0.442748
2.557252
4.557252
0.900763
3.290076
2.564885
0.244275
2.259542
2.694656
1.351145
-0.969466
-0.061069
1.862595
4.183206
2.870229
1.343511
0.427481
-1.534351
2.816794
4.496183
-2.137405
-8.488549
-0.145038
6.877862
1.374046
-4.221374
3.160305
7.129771
0.114504
-5.038168
4.045802
2.923664
-8.137404
3.183206
-8.694656
4.755725
-6.122138
5.496183
-0.824427
-6.106870
1.053435
-0.885496
-0.748092
-3.503817
-0.122137
-0.068702
-3.503817
0.519084
2.816794
1.625954
6.145038
-0.419847
4.908397
-2.885496
-2.045802
-1.282443
-1.244275
-4.198473
-4.053435
-5.175572
-8.717557
-6.824428
-11.427481
-11.877863
-12.213740
-9.167939
-14.412213
-10.366412
-8.206107
-12.091603
-13.740458
-11.480916
-10.839695
-11.595420
-6.610687
-8.748092
-7.778626
-11.183207
-7.404580
-8.351145
-12.473283
-9.374045
-3.419847
-7.251908
-8.862596
-8.450381
-7.198473
-3.297710
-10.106871
-9.824428
-9.244275
-10.305344
-10.488549
-14.442748
-12.320611
-6.671756
-8.419847
-13.465649
-9.427481
-5.442748
-5.916030
-11.175572
-11.870229
-11.190840
-7.664122
-8.977099
-9.633588
-7.274809
-5.877862
-11.610687
-8.167939
-8.351145
-14.206107
-8.740458
-7.267176
-5.671756
-9.824428
-10.030535
-5.946565
-11.137404
-9.854961
-8.374045
-8.839695
-9.770992
-5.854962
-8.053435
-6.763359
-11.656488
-10.984733
-7.938931
-17.007633
-10.068703
-10.122137
-10.679389
-12.183207
-6.549618
-9.427481
-11.564885
-5.778626
-4.450382
-9.351145
-6.312977
-7.847328
-7.603054
-13.076336
-9.297709
-8.793893
-7.900764
-7.908397
-8.343512
-13.137404
-10.885496
-8.145039
-6.282443
-12.977099
-9.137404
-3.656489
-8.396947
-13.167939
-7.198473
-9.412213
-13.564885
-1.740458
-13.007633
-10.030535
-8.137404
-7.992366
-9.656488
-8.366412
-10.580153
-4.145038
-13.038168
-5.496183
-12.473283
-6.419847
-6.793893
-10.679389
-7.305344
-12.374045
-4.801527
-14.725191
-6.885496
-7.870229
-6.763359
-12.305344
-11.122137
-9.709924
-13.824428
-10.908397
-9.137404
-8.541985
-10.305344
-7.175572
-7.488550
-8.931297
-8.977099
-9.328244
-12.923664
-7.603054
-8.587787
-12.000000
-17.145039
-7.793893
-10.931297
-6.290076
-13.503817
-11.076336
-7.442748
-10.206107
-8.465649
-10.335877
-9.854961
-10.083969
-11.977099
-4.618320
-12.702291
-15.458015
-7.480916
-7.732824
-8.160305
-12.511451
-5.580153
-8.564885
-8.061069
-5.664122
-11.893129
-8.748092
-11.404580
-9.061069
-13.893129
-15.748092
-9.251908
-8.748092
-3.435115
-7.145038
-9.625955
-4.862596
-13.549619
-10.549619
-9.145039
-6.053435
-4.847328
-10.641221
-12.511451
-15.564885
-14.343512
-10.625955
-8.038168
-12.648855
-9.045801
-9.816793
-11.175572
-14.076336
-12.389313
-7.122138
-11.366412
-11.053435
-12.541985
-7.824428
-8.221375
-12.938931
-12.396947
-7.152672
-11.015267
-4.969466
-9.480916
-8.152672
-7.343512
-9.832061
-8.221375
-9.580153
-10.587787
-9.030535
-10.862596
-7.694656
-7.885496
-6.152672
-8.809160
-5.801527
-9.656488
-10.938931
-11.694656
-10.099236
-11.572519
-9.206107
-1.458015
0.358779
-5.083970
1.030534
-3.480916
-0.259542
0.801527
-1.832061
8.473283
6.900764
9.633588
7.877862
9.320611
8.564885
9.847328
7.389313
8.687023
11.343512
16.068703
12.977099
11.534351
7.595420
5.625954
8.122137
8.053435
17.557251
12.740458
10.511451
14.328244
8.473283
7.015267
7.229008
10.488549
11.618320
5.183206
9.541985
8.183207
10.969465
9.091603
6.557252
13.320611
13.068703
8.824428
5.770992
8.045801
8.343512
9.938931
6.595420
14.083969
11.282443
10.938931
10.076336
8.557252
9.679389
10.320611
9.801527
10.312977
6.251908
9.511451
6.954198
8.908397
10.137404
7.465649
5.122138
9.816793
10.244275
10.648855
7.045802
6.267176
9.206107
7.625954
13.786260
10.633588
6.251908
10.129771
5.091603
11.351145
11.488549
12.900764
5.465649
5.488550
8.954199
9.862596
12.488549
9.114504
7.305344
4.465649
9.442748
10.389313
7.366412
8.183207
10.068703
9.618320
11.038168
12.595420
9.335877
9.404580
13.190840
14.312977
9.488549
12.229008
11.290076
12.641221
9.664123
8.534351
9.633588
5.610687
3.152672
11.458015
8.809160
6.358778
8.381680
9.114504
10.137404
6.732824
6.618320
10.862596
8.908397
11.694656
7.213740
7.419847
11.564885
7.641222
10.694656
8.106871
9.381680
8.045801
7.122138
11.572519
5.488550
12.885496
11.404580
9.053435
9.351145
10.122137
8.473283
5.679389
4.496183
10.343512
8.519084
13.122137
10.511451
6.885496
9.160305
4.931298
8.770992
8.732824
11.648855
9.580153
13.419847
12.923664
7.412214
9.122137
12.603053
3.465649
7.030534
4.801527
9.801527
8.045801
3.175573
8.396947
6.297710
8.000000
6.480916
8.755725
6.083970
8.183207
3.992366
5.404580
4.358778
5.351145
2.465649
1.946565
5.786260
4.122138
5.221374
3.465649
8.305344
-0.694656
3.458015
4.404580
-0.045802
-1.335878
5.832061
4.587786
0.877863
-0.954198
5.748092
0.404580
2.122137
1.549618
2.587786
-0.961832
5.725191
-1.992366
8.152672
-1.412214
10.007633
0.694656
7.496183
-2.198473
2.366412
4.160306
-1.442748
7.068702
7.564886
4.519084
6.282443
-3.251908
0.847328
3.618321
4.251908
-4.358778
-0.938931
0.473282
-3.419847
-3.114504
2.396947
1.259542
2.206107
1.793893
-6.458015
4.557252
1.549618
1.374046
-1.229008
-1.488550
-6.389313
-3.664122
-0.709924
5.030534
0.473282
-0.938931
-2.885496
0.839695
3.931298
0.526718
-5.916030
-5.984733
-2.435115
5.625954
-0.778626
-2.305344
-0.862595
2.595420
3.358779
-0.442748
-1.328244
1.274809
-3.908397
1.778626
3.244275
-3.671756
-3.755725
0.824427
4.320611
-0.145038
-1.160305
-1.282443
-2.137405
4.816794
4.870229
0.854962
-5.122138
0.572519
2.740458
4.000000
0.618321
1.458015
4.900764
0.763359
0.473282
-0.961832
-3.213740
0.358779
6.877862
-0.053435
-1.129771
-1.480916
2.519084
3.061069
-0.274809
0.893130
-1.740458
0.511450
0.603053
2.595420
1.282443
1.206107
0.000000
-2.603053
-0.473282
-0.847328
-1.022901
2.114504
-3.625954
-1.648855
-4.000000
-1.389313
0.435115
-1.557252
-1.480916
-1.061069
-0.213740
1.419847
-1.702290
-4.106870
0.030534
-1.923664
-1.183206
-3.671756
-2.610687
-0.351145
-1.366412
1.664122
-1.458015
-1.931298
-1.847328
-0.435115
-0.503817
-1.557252
-3.916031
3.725191
2.786260
1.557252
2.343511
-2.000000
-1.938931
-1.145038
1.625954
-1.656489
-0.618321
2.900763
-0.656489
2.366412
2.328244
-1.908397
0.244275
0.564885
1.427481
-0.572519
0.030534
4.022901
-0.274809
0.137405
-1.450382
-0.167939
-3.312977
1.007634
-1.435115
-0.198473
-1.175573
-0.259542
-1.854962
-2.328244
5.229008
0.511450
0.335878
0.992366
-3.267176
-0.809160
-0.992366
2.114504
-1.160305
-2.282443
1.122137
-4.198473
-0.480916
0.015267
-0.916031
-3.961832
-1.717557
-4.725191
-6.282443
-3.045802
-1.625954
0.190840
0.740458
-1.229008
-4.404580
-5.213740
-1.404580
0.351145
0.519084
-0.297710
3.404580
1.198473
3.206107
2.007634
0.961832
-0.938931
-0.480916
-2.305344
-0.992366
-0.022901
-1.007634
2.015267
1.824427
-0.961832
1.572519
-1.038168
-1.511450
1.465649
-3.625954
-5.412214
1.404580
2.839695
-1.122137
1.030534
1.122137
0.870229
-2.267176
2.740458
1.633588
-0.213740
2.259542
-0.015267
-1.702290
1.519084
0.900763
-1.702290
-4.022901
-2.633588
-0.671756
-0.832061
3.114504
1.931298
2.671756
2.198473
3.564885
0.458015
-0.068702
-5.068702
0.564885
1.045802
-0.557252
1.053435
1.221374
-0.305344
1.549618
-0.625954
-0.778626
-3.015267
-1.748092
2.290076
1.809160
0.007634
0.992366
3.480916
2.480916
-2.335878
-0.923664
1.664122
0.885496
-1.519084
-2.496183
1.290076
-0.015267
0.587786
0.519084
0.320611
4.893130
-1.389313
-0.549618
4.328244
-1.099237
-0.694656
1.129771
-3.793893
3.183206
-1.076336
1.091603
-2.809160
3.229008
-0.053435
-0.641221
-1.648855
-4.893130
-0.381679
0.549618
4.496183
1.572519
0.732824
-1.748092
1.167939
-0.931298
1.137405
-0.755725
0.068702
0.351145
-0.427481
-2.954198
-0.572519
2.641221
0.801527
-1.404580
1.396947
1.694656
0.839695
-0.725191
-2.473282
0.740458
1.099237
1.549618
0.801527
-0.503817
-1.068702
0.290076
3.893130
0.267176
1.114504
1.763359
-0.152672
1.274809
2.213740
-0.503817
-0.328244
0.038168
2.496183
2.427481
0.519084
1.450382
0.480916
2.847328
1.000000
0.274809
-0.610687
-1.015267
-1.244275
0.374046
0.030534
2.435115
0.862595
4.557252
1.541985
2.793893
1.801527
-3.519084
0.541985
1.679389
-0.847328
1.274809
3.007634
0.793893
-1.137405
1.725191
0.488550
0.839695
-1.458015
2.038168
-0.167939
1.557252
0.465649
2.450382
3.580153
0.885496
0.900763
3.893130
2.320611
1.167939
1.450382
3.625954
0.244275
-2.145038
-1.625954
-0.610687
-0.167939
0.305344
3.679389
-1.229008
4.893130
0.709924
0.832061
1.366412
2.305344
1.473282
2.351145
2.320611
-1.404580
2.648855
1.740458
-0.610687
1.755725
-0.038168
1.000000
1.358779
-1.129771
-0.259542
0.007634
1.687023
-0.534351
1.503817
5.862596
2.679389
0.732824
-0.969466
-0.786260
0.801527
2.557252
3.625954
3.946565
-1.374046
-0.083969
-0.671756
0.442748
-0.229008
1.167939
0.396947
0.969466
0.748092
2.221374
-3.694656
-0.564885
1.328244
-1.251908
0.320611
2.366412
4.809160
-2.259542
-1.748092
-2.068702
-1.595420
-3.534351
-1.404580
1.030534
-2.244275
0.267176
-0.099237
-2.122137
-1.633588
-1.427481
2.083969
-2.198473
-0.954198
-1.389313
-3.183206
-1.282443
-2.870229
-1.503817
-1.961832
-5.206107
0.717557
-2.106870
-3.557252
-4.633588
-4.343512
-2.709924
-2.007634
-2.083969
0.671756
-5.320611
-1.343511
0.603053
-0.946565
-2.961832
-2.694656
0.610687
0.824427
-5.534351
-2.099237
-0.687023
-1.175573
-1.076336
-2.961832
1.908397
1.732824
-0.740458
0.839695
-0.832061
-1.091603
-0.893130
-1.152672
0.954198
3.824427
2.961832
0.114504
2.038168
0.503817
3.595420
-0.045802
3.099237
0.832061
-1.129771
2.083969
5.206107
-0.419847
5.381680
4.389313
3.129771
0.870229
0.099237
4.450382
5.183206
5.709924
2.786260
3.603053
3.748092
3.809160
-1.809160
1.763359
5.320611
2.732824
1.870229
0.603053
1.274809
1.748092
4.259542
0.213740
2.587786
3.351145
1.022901
1.793893
1.427481
-0.763359
2.709924
-0.221374
5.923664
-3.183206
0.954198
2.251908
2.992366
2.351145
3.099237
1.175573
1.198473
1.984733
1.694656
1.251908
6.687023
3.198473
-3.656489
2.748092
5.488550
-2.938931
0.549618
0.221374
0.206107
2.832061
1.190840
2.961832
4.664122
3.549618
-3.206107
0.099237
-0.320611
1.572519
-1.572519
-4.473282
-5.045802
-0.717557
3.824427
0.709924
-0.297710
-0.786260
3.793893
1.977099
-1.496183
-0.763359
-1.259542
-1.648855
0.778626
-1.801527
-0.519084
-0.618321
-2.351145
1.732824
1.030534
-4.305344
2.519084
-0.526718
0.030534
3.816794
0.503817
0.229008
3.053435
-1.877863
-1.824427
6.167939
-1.229008
1.564885
2.748092
2.175573
-2.641221
3.908397
4.480916
-4.992366
2.038168
4.587786
4.152672
5.587786
-3.801527
1.748092
1.633588
0.022901
-2.282443
2.137405
-0.633588
-1.702290
-1.244275
-2.916031
-5.106870
-3.366412
-3.625954
-3.343511
0.297710
-3.458015
-0.374046
-5.053435
-6.618320
-3.755725
-4.083970
-3.099237
-4.916030
-2.053435
-1.290076
2.595420
1.625954
2.572519
-5.618320
2.068702
-2.923664
2.000000
-0.114504
-1.778626
6.152672
-2.076336
6.832061
-3.053435
3.610687
-0.671756
2.984733
-6.885496
6.519084
2.488550
-1.137405
2.007634
-9.076336
6.992366
4.938931
1.022901
4.938931
3.229008
-0.259542
1.389313
8.992367
0.473282
2.381679
5.152672
0.671756
3.167939
-3.847328
1.511450
5.748092
-2.702290
-5.427481
4.923664
1.603053
1.625954
0.221374
5.389313
-2.068702
-5.007634
2.458015
5.068702
1.183206
-2.152672
-2.931298
6.427481
8.114504
-2.160305
-2.816794
3.603053
4.854962
-2.641221
-0.259542
3.259542
-2.908397
1.083969
1.862595
-4.290076
2.938931
-1.938931
-2.458015
-0.435115
1.145038
-2.984733
-0.480916
-0.450382
0.137405
-2.908397
-1.290076
-3.893130
-1.190840
-1.969466
-1.656489
-3.328244
-2.687023
-1.412214
-2.641221
-4.412214
-6.343512
-2.580153
-2.267176
-5.099236
-2.557252
-2.290076
-3.229008
-4.763359
-5.419847
-2.068702
-0.404580
-3.732824
-0.587786
2.045802
-2.816794
-4.083970
-2.351145
-1.145038
-0.778626
-2.946565
0.320611
-1.198473
3.496183
1.198473
0.099237
-0.114504
-2.450382
-1.511450
-4.297710
-1.297710
-1.748092
-3.618321
-0.244275
-2.572519
1.290076
-2.015267
-0.343511
-5.137404
-2.954198
0.809160
-0.183206
-2.526718
-3.458015
-0.488550
-0.053435
-2.076336
1.511450
3.305344
3.541985
-1.259542
1.717557
0.824427
0.259542
-1.312977
2.732824
5.465649
-1.465649
-1.480916
1.885496
-0.580153
0.198473
2.511450
0.335878
-1.396947
-1.679389
-2.580153
1.908397
-2.923664
-0.648855
-0.847328
1.122137
-0.954198
3.900763
2.129771
3.389313
3.694656
2.732824
4.305344
0.885496
3.267176
3.992366
2.908397
2.786260
2.404580
3.519084
2.648855
6.908397
3.022901
0.778626
1.335878
3.381679
4.335878
3.374046
2.000000
1.129771
2.053435
0.877863
0.801527
0.946565
2.885496
1.580153
1.877863
3.290076
-0.519084
-0.511450
1.114504
3.595420
-0.091603
2.488550
2.244275
3.190840
0.946565
4.702290
3.938931
2.923664
-0.541985
0.595420
2.282443
-0.152672
3.305344
-0.305344
2.610687
2.511450
3.839695
2.832061
1.870229
0.671756
4.832061
3.290076
2.496183
0.480916
1.000000
0.259542
-7.022901
-0.450382
-1.236641
1.824427
-1.000000
-0.122137
2.671756
-1.045802
-2.267176
-1.053435
3.557252
-2.725191
-1.290076
0.198473
-3.519084
0.099237
-0.725191
0.946565
-3.320611
-1.068702
-0.938931
-0.549618
-1.641221
1.549618
-2.961832
-1.641221
-2.328244
-4.396946
2.404580
0.366412
-2.679389
-3.099237
-1.389313
-4.450382
-3.053435
0.893130
0.030534
-4.587786
-0.961832
-2.267176
0.381679
-3.167939
0.183206
-0.122137
-3.656489
-1.541985
-1.908397
-2.755725
-1.152672
-1.320611
-2.839695
0.702290
-2.450382
0.045802
2.755725
0.854962
-1.465649
-1.244275
-1.969466
0.022901
3.259542
2.854962
2.549618
0.679389
-0.877863
0.114504
0.328244
3.366412
2.526718
0.977099
1.732824
4.160306
1.954198
1.778626
3.618321
0.702290
4.473282
0.557252
0.809160
1.297710
-0.076336
2.244275
6.015267
2.221374
0.534351
2.335878
2.641221
2.267176
2.427481
-0.572519
1.251908
1.786260
3.152672
3.519084
1.061069
2.793893
1.824427
0.923664
2.152672
0.053435
-0.984733
3.992366
3.083969
5.534351
1.496183
-0.702290
-0.664122
4.809160
1.923664
2.083969
0.015267
1.633588
0.267176
-0.786260
-1.053435
3.885496
-0.152672
2.809160
1.221374
-1.091603
-3.854962
6.290076
2.717557
4.977099
3.587786
-0.053435
6.938931
-3.748092
7.870229
-5.381680
3.587786
3.198473
-2.175573
6.801527
-2.305344
1.946565
4.267176
-2.465649
-0.969466
9.190840
-2.526718
3.015267
5.885496
-4.259542
3.366412
7.526718
0.519084
4.679389
-2.427481
1.183206
-6.374046
4.908397
-5.152672
1.709924
1.770992
1.343511
3.885496
-0.916031
3.000000
-3.129771
3.679389
-0.488550
1.763359
4.076336
-2.511450
7.083970
-2.030534
2.076336
3.290076
-1.763359
4.961832
6.709924
-1.236641
5.450382
4.656488
-0.931298
1.022901
5.977099
0.954198
-1.900763
7.450382
1.076336
-2.251908
5.152672
3.671756
4.564886
-0.832061
-1.961832
0.175573
3.419847
-3.145038
-0.679389
5.748092
5.984733
2.946565
0.396947
-1.358779
2.603053
-1.122137
1.122137
1.541985
-0.786260
4.366412
-1.847328
-1.442748
4.129771
-1.381679
6.244275
-1.702290
1.496183
-2.709924
3.106870
1.152672
2.015267
2.900763
2.664122
5.541985
1.519084
-2.183206
2.717557
1.381679
-0.190840
3.000000
0.183206
3.656489
4.793893
4.587786
1.992366
5.832061
-0.770992
4.160306
9.824428
2.442748
-2.595420
5.557252
2.717557
-1.725191
0.709924
0.145038
0.534351
0.839695
-3.702290
-1.610687
-1.625954
-2.229008
-0.381679
-1.358779
-2.007634
-0.404580
-0.236641
-1.648855
4.709924
-0.305344
-1.007634
-0.755725
1.503817
-4.618320
-0.282443
0.572519
-2.091603
-0.198473
2.526718
2.198473
2.618321
0.816794
1.748092
-2.961832
0.793893
-2.030534
-1.679389
1.465649
-0.534351
1.648855
-0.770992
-1.992366
-0.961832
-1.633588
2.389313
-2.465649
-0.580153
0.106870
4.129771
0.137405
2.183206
0.198473
-0.175573
-0.885496
0.671756
2.175573
0.862595
-3.687023
-3.862595
-0.480916
0.770992
-1.137405
4.366412
-0.091603
-1.786260
0.282443
0.358779
-0.839695
1.465649
-0.030534
0.656489
1.610687
0.778626
2.549618
3.931298
1.068702
-0.564885
1.656489
1.916031
-1.534351
-0.763359
-1.702290
0.045802
2.351145
-1.244275
1.045802
3.656489
-2.358779
0.030534
1.114504
1.572519
0.000000
0.541985
-3.312977
-0.633588
-0.450382
2.671756
3.022901
1.122137
1.305344
2.633588
4.931298
0.625954
2.083969
1.786260
2.305344
0.099237
0.427481
-1.641221
-2.366412
3.404580
-2.137405
1.351145
2.916031
1.656489
-0.320611
-1.648855
0.282443
-0.671756
0.442748
-3.328244
-0.618321
-2.473282
-3.755725
3.183206
-0.183206
0.381679
0.656489
3.145038
-2.099237
2.610687
-0.877863
2.053435
-2.946565
-1.183206
1.496183
-3.854962
1.656489
-0.152672
-0.190840
-2.045802
-2.595420
-4.877862
-0.435115
-2.038168
-1.877863
-5.190840
-2.679389
-5.450382
-3.755725
-1.381679
-2.305344
-4.557252
-4.984733
-5.526718
-3.725191
-2.961832
-3.259542
-3.595420
-2.213740
2.099237
-1.557252
0.412214
-3.885496
-5.152672
-3.236641
-0.564885
-4.572519
-1.343511
-1.274809
-3.160305
1.343511
0.114504
-2.076336
-1.748092
0.618321
-2.900763
-1.206107
-2.526718
-2.748092
0.083969
-0.809160
-0.221374
-0.984733
-0.992366
-1.358779
0.679389
-0.412214
-0.351145
-4.374046
0.877863
-0.137405
-2.496183
0.030534
3.847328
0.755725
1.290076
-2.610687
-1.633588
1.931298
-0.847328
3.114504
0.091603
-1.679389
-1.206107
-0.725191
1.946565
-0.664122
-0.732824
-1.824427
0.778626
2.114504
-1.679389
1.450382
0.824427
0.190840
4.274809
1.114504
3.038168
1.503817
0.557252
-0.320611
2.015267
5.267176
4.664122
0.221374
2.541985
2.725191
2.183206
5.076336
2.809160
4.793893
4.541985
3.190840
4.175572
1.511450
1.900763
2.694656
-0.679389
5.137404
0.862595
5.221374
2.160305
1.480916
3.633588
1.450382
1.320611
-0.038168
2.015267
1.641221
-1.916031
-1.389313
0.320611
-2.274809
2.595420
-1.900763
3.519084
4.427481
2.030534
-1.068702
-0.709924
0.282443
1.335878
0.244275
3.091603
1.847328
2.877863
1.129771
0.274809
4.442748
3.900763
1.442748
2.038168
1.312977
2.305344
-0.206107
0.114504
-2.412214
-0.961832
-1.847328
-0.793893
2.694656
-0.511450
4.190840
-0.824427
-0.167939
-2.595420
-0.030534
0.511450
2.068702
-0.145038
0.435115
2.587786
-0.343511
-1.770992
1.580153
-1.908397
-4.435114
2.641221
1.328244
-1.709924
1.946565
1.526718
2.564885
3.877863
-1.473282
-0.702290
1.374046
-1.244275
5.000000
-1.648855
-3.725191
3.740458
0.900763
0.992366
2.068702
4.557252
-0.778626
1.694656
1.778626
3.251908
-0.809160
0.549618
-0.198473
-0.977099
1.061069
1.648855
-0.778626
-1.458015
2.305344
0.961832
0.809160
0.534351
0.961832
-1.015267
2.633588
-0.030534
0.305344
-3.167939
0.519084
6.366412
2.374046
1.839695
-0.290076
2.969466
-1.854962
0.877863
-0.770992
-0.450382
3.114504
-0.938931
2.022901
-3.877863
-1.717557
-0.916031
0.122137
-1.419847
2.030534
3.000000
1.229008
-5.419847
-10.374045
-5.091603
-8.099236
-7.870229
-4.213740
1.152672
3.312977
-4.427481
-3.221374
-7.900764
-5.083970
-6.908397
-4.328244
-8.786260
-6.931298
-7.473282
-3.770992
-1.450382
-1.328244
-6.534351
-10.763359
-5.122138
-3.000000
-5.465649
-5.274809
-6.106870
-4.816794
-9.503817
-2.648855
-4.778626
-6.396946
-2.709924
-1.396947
-4.877862
-3.908397
-4.900764
-3.969466
-5.839694
-8.725191
-1.450382
-4.824428
-9.458015
-2.916031
-1.099237
-5.000000
-0.725191
-0.320611
-5.549618
-1.137405
-3.015267
-4.213740
-2.328244
-4.870229
-2.679389
-3.801527
-2.366412
-1.763359
-2.633588
-0.358779
1.068702
0.679389
-1.259542
-0.564885
-3.038168
-2.198473
-3.160305
1.061069
-3.587786
0.450382
0.236641
-1.496183
-1.740458
1.305344
4.992366
2.755725
3.503817
-0.076336
0.435115
-0.946565
1.129771
2.206107
-1.519084
4.358778
2.862595
0.671756
0.145038
1.015267
-1.068702
3.351145
-0.251908
1.641221
0.778626
1.374046
-1.816794
0.045802
1.618321
-1.770992
0.320611
3.473282
-1.862595
2.297710
5.290076
0.335878
0.145038
-1.816794
2.152672
-0.679389
1.633588
1.832061
-0.526718
1.427481
1.755725
-0.862595
-0.923664
-0.221374
2.709924
1.007634
1.091603
0.274809
-0.229008
-0.412214
1.496183
3.633588
-1.732824
2.015267
-0.465649
-1.282443
-0.007634
1.969466
-0.038168
-0.412214
2.702290
1.083969
1.076336
-0.106870
1.587786
3.000000
2.198473
1.282443
-0.351145
-0.564885
0.099237
1.190840
0.717557
0.389313
-1.801527
-1.053435
3.541985
0.190840
2.335878
4.167939
1.259542
0.625954
1.381679
2.366412
-0.083969
1.030534
0.312977
-0.366412
0.068702
-0.290076
2.351145
-1.648855
-5.038168
2.129771
0.099237
-0.763359
0.877863
1.549618
0.969466
2.236641
-0.778626
2.129771
-5.045802
0.129771
-3.778626
0.793893
-1.175573
-0.076336
0.206107
-0.297710
-0.603053
-1.687023
0.404580
0.839695
0.595420
2.251908
3.419847
0.221374
2.931298
-3.450382
0.496183
-3.022901
-0.580153
-0.259542
1.083969
-3.091603
-0.007634
1.458015
0.122137
1.473282
-6.183206
0.320611
-0.343511
-4.267176
-2.030534
-2.290076
-5.603054
-2.442748
-2.946565
-3.778626
-3.786260
-4.786260
-5.801527
-2.427481
-3.122137
-0.557252
-1.786260
-0.893130
-2.770992
-1.961832
1.671756
-3.114504
2.305344
-4.328244
-4.435114
-4.366412
0.358779
-1.389313
-2.175573
-2.870229
-0.488550
-0.404580
-1.748092
-2.083969
-5.534351
-0.022901
-3.015267
-2.198473
-2.267176
1.366412
0.534351
-3.931298
-0.946565
-0.618321
0.801527
-2.641221
-0.435115
0.595420
-1.473282
0.877863
-0.816794
2.664122
-1.007634
-0.412214
-0.381679
0.763359
0.816794
-0.061069
-2.893130
-0.549618
0.221374
-1.801527
-2.091603
-2.893130
0.305344
-2.114504
-2.946565
-3.908397
0.198473
-0.290076
2.671756
-1.396947
-1.129771
0.648855
4.740458
5.832061
3.396947
0.648855
1.106870
-0.465649
2.519084
-0.587786
2.961832
4.175572
0.381679
2.396947
2.564885
3.473282
2.038168
2.419847
1.389313
-1.519084
1.435115
3.832061
3.244275
3.038168
-0.664122
4.175572
2.526718
-0.870229
1.076336
3.770992
5.007634
6.480916
-1.526718
3.610687
1.488550
-0.076336
0.832061
3.038168
2.511450
3.282443
-0.183206
1.870229
0.618321
4.190840
3.778626
0.259542
0.862595
3.236641
4.633588
0.595420
2.641221
0.496183
1.977099
-0.587786
3.641221
1.000000
-0.129771
3.137405
0.770992
-0.106870
3.938931
0.061069
3.969466
5.480916
0.900763
2.732824
3.236641
5.167939
2.038168
4.374046
2.122137
1.351145
0.297710
3.145038
2.305344
2.061069
3.656489
2.603053
3.419847
3.106870
-0.297710
4.893130
1.206107
1.427481
-0.183206
2.312977
1.381679
4.297710
-0.977099
6.022901
7.381680
1.458015
6.893130
13.106871
2.816794
-3.229008
2.030534
12.595420
12.534351
0.152672
5.091603
9.526717
9.755725
10.923664
6.656488
0.679389
3.076336
5.328244
11.106871
10.343512
6.015267
4.786260
1.725191
6.648855
11.748092
11.694656
10.854961
3.923664
6.587786
3.114504
3.732824
6.648855
9.152672
9.160305
9.786260
14.381680
8.183207
3.938931
10.290076
8.816793
8.641221
12.251908
9.274809
8.633588
4.992366
5.854962
4.534351
3.839695
10.641221
3.015267
2.625954
13.824428
6.641222
3.099237
13.198473
1.786260
9.916031
11.190840
5.328244
6.129771
5.328244
0.152672
5.801527
5.549618
7.297710
6.748092
5.129771
7.503817
3.175573
3.099237
8.404580
3.389313
7.923664
2.404580
4.801527
5.931298
5.450382
6.893130
3.671756
3.122137
3.374046
2.381679
0.603053
2.145038
2.625954
6.916030
3.755725
-1.335878
5.610687
4.099236
3.557252
4.328244
3.450382
2.045802
1.267176
0.343511
2.992366
3.473282
5.259542
5.221374
4.717557
-0.274809
1.083969
-0.145038
1.389313
2.732824
3.977099
2.297710
-2.015267
2.526718
-2.786260
0.900763
3.587786
6.435114
-2.183206
-4.396946
-1.870229
1.297710
-1.992366
-1.076336
2.854962
1.557252
-1.412214
0.465649
2.152672
-0.076336
-2.633588
0.274809
-0.557252
-0.488550
1.106870
4.595420
2.664122
-0.213740
1.748092
1.221374
3.854962
-1.167939
-0.267176
-2.335878
4.297710
-1.511450
0.854962
0.557252
6.076336
-0.137405
1.916031
0.503817
2.572519
1.984733
-1.152672
1.152672
2.511450
4.801527
-2.190840
1.183206
1.618321
3.664122
-1.000000
4.290076
1.068702
2.610687
2.244275
-1.709924
4.931298
-1.641221
0.305344
3.343511
-0.389313
-2.633588
-1.137405
7.053435
-0.236641
2.290076
2.648855
1.458015
2.259542
4.053435
2.320611
6.450382
2.496183
5.053435
3.961832
-0.183206
7.000000
4.297710
3.664122
5.511450
5.862596
4.763359
6.076336
8.328244
7.267176
11.534351
10.007633
5.755725
4.870229
1.519084
10.938931
12.251908
5.374046
1.511450
7.259542
11.595420
3.877863
1.954198
11.603053
12.343512
2.458015
9.335877
13.625955
8.274809
1.748092
6.740458
8.847328
11.862596
7.877862
2.709924
10.022901
3.557252
1.870229
8.061069
11.137404
6.465649
4.832061
7.160306
13.450381
8.251908
13.328244
10.931297
3.358779
5.992366
14.610687
9.755725
4.282443
3.977099
3.969466
1.259542
5.435114
5.129771
8.847328
10.877863
6.122138
11.167939
11.992367
6.160306
4.183206
12.610687
4.053435
5.496183
12.221375
7.625954
9.885496
3.236641
7.106870
6.809160
7.908397
5.206107
6.145038
-2.603053
1.992366
-3.633588
1.564885
-0.656489
1.358779
4.656488
5.534351
7.083970
1.564885
7.595420
8.114504
5.404580
8.274809
-0.778626
5.259542
1.572519
3.221374
0.633588
-0.358779
1.679389
-0.213740
-3.946565
0.877863
1.633588
1.519084
0.259542
-3.206107
-1.923664
5.343512
0.465649
-0.419847
1.145038
1.450382
0.229008
4.343512
1.419847
2.687023
3.251908
-3.427481
0.213740
-2.885496
-1.778626
1.847328
0.198473
-1.106870
-2.099237
-2.160305
0.916031
0.931298
-1.694656
-2.458015
1.541985
1.015267
3.847328
0.687023
2.244275
-1.175573
1.702290
0.587786
-3.190840
0.595420
3.526718
-2.488550
2.175573
3.091603
-0.702290
-1.091603
2.931298
3.061069
-4.099236
-0.656489
-0.519084
0.312977
2.770992
5.618320
2.175573
1.748092
0.633588
-7.190840
4.160306
3.877863
2.412214
-1.274809
-3.038168
-2.122137
-3.893130
-3.114504
-3.664122
0.229008
-2.969466
-6.083970
-1.496183
-1.206107
4.740458
-5.458015
4.022901
-4.190840
-0.221374
5.282443
-0.267176
4.236641
3.167939
-8.137404
6.244275
-4.045802
-1.206107
0.709924
-2.564885
-2.503817
-4.190840
5.335878
-5.282443
2.946565
-4.480916
2.015267
-1.267176
-3.557252
1.480916
-5.916030
6.725191
-4.778626
3.793893
4.305344
-6.946565
9.557252
-6.206107
-0.274809
1.045802
4.099236
-3.717557
-3.511450
2.541985
-7.251908
4.251908
-6.366412
0.358779
-2.007634
2.106870
-0.900763
-2.068702
1.656489
-1.671756
-0.893130
-1.473282
-3.862595
0.053435
-3.015267
-0.809160
1.114504
-3.809160
-2.404580
1.549618
3.320611
2.312977
-0.297710
3.992366
2.603053
0.267176
-1.572519
3.954198
3.938931
3.122137
-2.732824
2.961832
0.870229
1.167939
1.824427
2.595420
6.778626
7.564886
1.923664
8.015267
5.374046
5.206107
3.465649
3.458015
6.427481
5.870229
8.938931
8.198473
5.030534
5.129771
10.725191
6.007634
7.267176
2.297710
9.946565
4.893130
8.152672
6.091603
4.152672
5.419847
3.961832
8.885496
5.809160
2.221374
4.954198
8.641221
6.328244
6.152672
5.267176
3.618321
8.435115
-0.297710
2.152672
5.557252
9.328244
7.076336
2.076336
3.053435
1.282443
3.022901
3.244275
6.572519
3.244275
5.099236
1.152672
0.259542
2.244275
0.832061
3.007634
1.129771
7.061069
0.625954
2.114504
0.183206
5.030534
2.702290
1.885496
2.511450
0.267176
-1.396947
-3.007634
-1.603053
-0.992366
4.053435
2.595420
0.595420
0.236641
-0.687023
5.114504
-0.167939
0.503817
-0.557252
1.664122
2.412214
-1.320611
-1.526718
1.557252
1.938931
0.679389
-0.763359
-3.625954
0.167939
2.862595
-1.610687
-0.496183
-0.129771
-0.068702
0.305344
1.786260
-5.992366
0.679389
1.854962
-0.717557
0.503817
-0.763359
1.580153
-2.053435
0.083969
2.305344
2.435115
-3.297710
4.312977
2.648855
-3.137405
-3.977099
-4.801527
-4.961832
-2.206107
1.969466
0.618321
-1.595420
-6.511450
-2.740458
-3.099237
-2.106870
-5.435114
-2.183206
-5.816794
-5.458015
-3.908397
-6.068702
-10.183207
-6.076336
-8.687023
-8.862596
-4.427481
-5.106870
-5.885496
-7.541985
-11.206107
-10.213740
-9.160305
-2.473282
-3.076336
-1.381679
-8.297709
0.893130
-2.000000
-9.786260
-6.938931
-7.992366
-4.603054
-7.259542
-3.129771
-5.427481
-2.694656
4.496183
-2.778626
-3.030534
-0.129771
-5.786260
1.145038
3.801527
-5.015267
-7.603054
-3.496183
-6.076336
-3.221374
0.450382
-4.885496
1.236641
4.091603
-0.770992
5.038168
1.404580
2.557252
-1.916031
-1.129771
-5.381680
3.900763
2.083969
1.572519
0.236641
-0.328244
-4.633588
-0.770992
1.541985
0.465649
-0.923664
1.068702
2.656489
-3.244275
-0.076336
0.832061
4.160306
0.832061
3.175573
-0.396947
-2.358779
3.435115
1.541985
3.396947
-5.305344
-0.687023
1.694656
3.160305
4.702290
1.671756
-0.709924
-0.183206
3.183206
2.862595
-1.709924
1.206107
1.824427
-1.343511
1.832061
1.053435
-0.167939
3.572519
-1.022901
-0.427481
3.396947
0.244275
2.450382
1.458015
2.351145
-0.648855
1.770992
-1.328244
6.320611
-1.351145
0.236641
1.221374
-1.374046
0.083969
2.297710
2.198473
-1.786260
-0.816794
3.732824
3.908397
2.045802
-2.106870
-0.770992
3.274809
1.603053
2.877863
-1.931298
1.885496
-1.671756
2.671756
-1.244275
-2.671756
0.671756
2.137405
3.167939
4.664122
1.343511
-0.335878
1.259542
4.519084
0.488550
1.641221
-1.954198
0.824427
-0.832061
-0.625954
0.564885
-1.458015
0.328244
2.938931
0.030534
4.435114
0.297710
-0.213740
1.000000
-0.740458
-1.603053
4.000000
-2.053435
-0.893130
1.389313
-0.152672
-3.938931
-2.183206
-2.290076
3.519084
-2.809160
-0.213740
-0.832061
-2.900763
0.236641
-2.534351
-4.068702
-0.244275
0.213740
0.206107
5.175572
-2.335878
-2.740458
0.847328
2.022901
-0.312977
3.000000
-2.343511
3.068702
4.282443
-2.145038
-0.335878
2.748092
0.839695
3.587786
0.496183
-5.740458
-0.221374
1.786260
5.030534
3.603053
-0.885496
0.145038
0.709924
-0.702290
-1.679389
1.099237
2.381679
2.045802
5.290076
-3.755725
-1.290076
2.198473
-5.687023
-0.931298
0.877863
2.816794
-0.351145
-1.427481
-0.129771
0.106870
-4.641222
-1.404580
3.396947
2.526718
0.709924
-2.488550
-1.511450
-3.000000
1.671756
2.381679
5.053435
-0.916031
4.908397
5.175572
3.419847
5.274809
2.442748
1.221374
0.236641
5.007634
0.801527
5.358778
4.122138
2.053435
-3.282443
-5.229008
0.389313
4.366412
-5.419847
4.564886
6.702290
-2.480916
0.290076
1.519084
4.106870
3.282443
0.404580
6.900764
1.167939
2.824427
0.160305
3.511450
1.267176
-0.267176
2.877863
2.190840
2.664122
0.290076
-0.496183
-3.557252
-0.236641
3.358779
2.290076
3.564885
-0.213740
1.534351
-2.778626
6.030534
-0.114504
-0.511450
0.236641
-1.236641
0.221374
-1.603053
1.931298
2.015267
1.610687
1.091603
-3.885496
-0.625954
2.083969
6.618320
-0.534351
3.740458
-4.519084
3.221374
1.893130
4.083970
-2.297710
0.106870
-1.328244
6.129771
-3.793893
-4.099236
-0.908397
4.015267
-1.351145
3.984733
-0.374046
-1.229008
-2.122137
3.992366
-2.175573
-0.587786
2.160305
0.137405
6.427481
6.877862
-1.099237
-2.312977
3.679389
0.603053
-2.870229
1.290076
1.709924
-3.328244
0.572519
2.259542
2.274809
-1.244275
0.984733
-6.702290
-0.503817
0.442748
5.152672
4.374046
0.961832
0.755725
0.389313
2.916031
0.473282
-0.847328
-5.755725
0.282443
0.267176
2.396947
4.923664
2.992366
4.396946
6.725191
-2.213740
-1.702290
-2.374046
2.114504
4.190840
1.190840
2.519084
-4.068702
-3.137405
3.587786
-3.442748
0.778626
1.175573
3.091603
-0.122137
-3.167939
-1.221374
-1.778626
0.435115
-1.122137
1.038168
-3.068702
2.473282
1.206107
0.503817
-0.832061
0.572519
-0.534351
-1.702290
-1.061069
-0.175573
0.549618
0.145038
-1.480916
-0.137405
1.671756
-0.687023
4.977099
-2.610687
-2.549618
-0.076336
3.099237
-0.595420
-2.022901
-0.106870
-0.694656
0.297710
4.687023
-1.931298
1.938931
0.893130
-2.435115
3.595420
3.183206
0.488550
0.412214
-0.480916
-2.526718
0.145038
1.458015
-4.083970
1.038168
3.366412
1.244275
1.938931
-0.702290
1.786260
0.603053
-0.923664
2.122137
-1.305344
2.839695
-0.900763
1.236641
0.801527
0.595420
0.916031
-1.488550
2.732824
-0.595420
-0.351145
2.259542
0.526718
2.045802
-2.206107
1.458015
0.503817
-0.236641
0.732824
2.717557
3.045802
-2.954198
3.526718
-2.709924
2.274809
0.290076
0.572519
1.572519
3.755725
0.732824
-0.893130
3.938931
2.183206
2.381679
3.442748
1.244275
-1.175573
1.694656
-2.458015
1.244275
-0.351145
1.854962
0.175573
1.328244
0.740458
-2.091603
-1.992366
-1.778626
0.198473
-3.687023
1.496183
-2.167939
1.694656
0.763359
0.679389
3.725191
3.015267
-1.717557
1.068702
0.916031
2.381679
3.152672
6.664122
-1.022901
2.022901
1.809160
1.977099
1.946565
1.526718
-1.076336
1.992366
-1.091603
1.801527
0.183206
-0.824427
2.664122
6.129771
0.557252
2.473282
3.862595
1.916031
2.038168
2.022901
8.229008
5.114504
6.694656
-1.190840
2.908397
4.648855
3.694656
5.610687
1.488550
2.549618
-1.221374
1.129771
-1.007634
-1.564885
-2.389313
-9.030535
-7.122138
-7.137404
-5.969466
-9.343512
-4.816794
-8.748092
-8.374045
-5.549618
-6.778626
-3.389313
-1.977099
-6.076336
-3.603053
-3.473282
-0.099237
-1.671756
-2.305344
2.427481
-0.770992
-1.145038
1.656489
-0.458015
-1.824427
-1.106870
-4.587786
-0.419847
-0.534351
-1.274809
2.030534
3.206107
0.740458
4.503817
5.572519
5.946565
4.358778
2.587786
4.648855
5.129771
7.427481
5.648855
0.832061
3.068702
7.862596
2.832061
3.450382
3.099237
2.572519
6.412214
1.557252
4.198473
3.656489
2.633588
1.534351
2.183206
2.190840
1.290076
1.213740
0.702290
4.167939
-0.183206
-2.305344
-0.564885
1.832061
-3.358779
-1.030534
1.290076
0.061069
-2.145038
1.106870
-1.633588
-2.183206
-2.717557
-1.114504
-1.473282
2.198473
-1.396947
-3.190840
0.381679
-3.748092
-3.824427
1.916031
-0.969466
-4.389313
-1.541985
-1.465649
2.129771
-1.832061
-1.396947
-2.099237
-0.725191
2.625954
-0.946565
0.083969
4.015267
-3.694656
0.977099
-3.129771
-2.488550
3.625954
-0.557252
0.328244
2.007634
-1.145038
-0.045802
-1.488550
1.740458
1.557252
-0.473282
2.648855
0.175573
4.053435
3.038168
2.137405
2.687023
-0.267176
3.251908
-0.435115
2.572519
0.725191
-2.152672
-2.587786
-1.061069
-3.122137
0.809160
2.343511
2.961832
-1.977099
-0.900763
-2.732824
2.129771
3.129771
3.595420
1.404580
3.877863
3.236641
-0.687023
2.099237
-1.427481
-4.702290
-4.786260
1.175573
1.061069
2.297710
0.267176
0.015267
0.992366
-1.358779
1.198473
0.603053
-0.854962
-0.145038
0.297710
2.992366
1.015267
0.549618
5.847328
2.832061
-0.534351
0.954198
0.099237
1.404580
2.122137
0.885496
-0.244275
3.022901
4.137404
1.603053
-4.564886
0.992366
0.374046
0.198473
2.740458
0.778626
-0.351145
-0.038168
-0.770992
0.374046
2.587786
-0.893130
3.213740
-3.282443
1.099237
-0.587786
-0.122137
3.312977
-1.381679
0.076336
2.091603
-1.190840
1.244275
0.702290
2.931298
4.274809
1.404580
1.900763
0.206107
2.870229
2.977099
-0.282443
-3.396947
2.305344
-1.809160
-1.038168
-1.236641
0.816794
2.396947
-1.748092
3.603053
-0.862595
0.725191
0.053435
0.045802
-3.343511
-1.526718
-3.175573
0.473282
0.610687
2.793893
-4.083970
1.251908
-1.732824
2.702290
0.389313
6.496183
-3.282443
1.458015
0.725191
2.526718
-1.038168
2.473282
-0.045802
-0.732824
2.190840
3.167939
4.488550
1.977099
1.160305
-1.961832
-1.809160
1.038168
-2.045802
6.641222
-0.267176
0.793893
-3.824427
2.244275
-1.297710
0.793893
0.748092
1.557252
0.648855
-4.114504
-1.687023
0.687023
-0.916031
-0.145038
1.320611
-0.916031
5.221374
-2.351145
1.786260
-3.053435
-1.030534
1.473282
0.587786
4.274809
-2.641221
-1.549618
-0.442748
-0.290076
-0.206107
3.717557
1.458015
1.801527
-1.893130
1.198473
-1.381679
1.732824
2.679389
1.068702
-1.374046
1.671756
-2.549618
5.832061
-1.519084
1.496183
3.534351
0.015267
0.763359
0.137405
1.664122
-0.106870
3.458015
0.847328
2.061069
1.496183
3.793893
1.122137
-1.328244
4.496183
-0.404580
1.564885
-0.862595
2.778626
-3.160305
2.496183
-0.152672
5.312977
1.748092
0.496183
-3.000000
-1.068702
-2.236641
0.503817
-0.633588
0.732824
-1.419847
2.358779
3.786260
1.366412
-1.244275
1.068702
3.839695
-0.351145
-1.908397
-2.725191
4.419847
-0.526718
-1.916031
-1.221374
0.091603
-0.099237
3.595420
-2.290076
0.748092
0.167939
2.007634
5.793893
3.106870
-0.236641
5.816794
-0.396947
2.045802
1.305344
-0.267176
0.435115
-2.946565
1.496183
1.343511
-0.351145
-2.381679
-2.740458
2.236641
0.366412
2.687023
0.480916
-1.152672
0.229008
-1.847328
0.725191
-0.648855
-1.900763
-0.106870
2.366412
1.229008
4.534351
3.305344
-0.167939
5.122138
-1.473282
-0.213740
2.305344
1.832061
-1.519084
-2.145038
3.717557
-0.061069
4.114504
-1.396947
0.679389
1.000000
0.618321
-1.374046
-0.496183
-0.450382
1.786260
3.580153
0.824427
-1.290076
1.916031
0.419847
5.519084
1.610687
2.778626
-3.908397
-3.984733
0.022901
-0.870229
1.541985
2.931298
0.419847
-1.030534
-4.083970
3.221374
-5.045802
3.167939
0.732824
0.946565
1.122137
1.977099
2.160305
1.244275
1.603053
-1.328244
1.938931
1.755725
-1.190840
-1.374046
-0.267176
-4.877862
-2.633588
3.885496
0.015267
1.083969
-3.267176
-3.259542
-1.198473
-2.923664
0.450382
2.000000
-0.282443
-1.106870
-2.000000
-2.809160
1.816794
-2.129771
4.213740
0.351145
-1.290076
1.427481
7.687023
-1.610687
-1.190840
-3.832061
1.251908
-0.916031
-0.740458
-1.549618
-2.916031
0.145038
2.893130
1.877863
1.435115
0.221374
0.770992
0.526718
1.740458
-2.717557
-3.809160
-2.122137
2.274809
-0.778626
0.702290
-5.007634
1.282443
3.061069
0.557252
2.213740
-0.564885
0.847328
1.557252
2.396947
-3.068702
1.709924
4.244275
-1.404580
2.022901
-1.931298
-1.496183
-1.091603
-5.053435
-1.877863
-0.152672
-0.335878
0.427481
0.641221
2.244275
2.343511
-0.152672
-1.015267
-3.412214
-1.061069
-4.610687
1.473282
-3.519084
-0.877863
-2.954198
-1.465649
1.442748
1.870229
1.618321
-2.236641
-0.480916
2.045802
4.786260
1.770992
-1.374046
-0.221374
3.519084
0.435115
-0.335878
-1.152672
0.832061
-0.335878
-1.564885
2.839695
-0.099237
0.687023
-1.618321
-2.893130
2.732824
1.908397
1.412214
0.770992
-3.206107
1.893130
0.748092
-6.366412
0.137405
1.793893
0.236641
0.473282
-2.847328
-2.442748
4.595420
-2.870229
-4.809160
1.297710
-4.229008
0.893130
-5.809160
-3.259542
-0.458015
-2.534351
-1.694656
-6.717557
1.931298
-3.358779
-1.595420
-1.450382
-4.564886
-2.053435
-4.389313
3.145038
-3.221374
-1.816794
-4.748092
-1.091603
-3.282443
-1.343511
-1.038168
-0.618321
-1.992366
-4.717557
-4.404580
-2.671756
-6.068702
-0.664122
-0.274809
-0.488550
-3.328244
-3.305344
0.099237
-4.022901
-0.244275
-0.984733
-2.320611
-1.106870
-3.045802
-0.946565
-1.404580
0.259542
-0.740458
2.603053
-1.366412
-0.725191
-3.916031
-3.702290
0.648855
-1.885496
-2.580153
1.175573
-0.732824
1.213740
-1.465649
-0.198473
3.740458
-5.236641
-2.816794
-2.977099
-0.213740
-1.740458
3.320611
-2.610687
-1.541985
-0.511450
0.625954
-1.992366
4.145038
2.122137
-4.725191
-4.297710
7.664122
6.312977
-4.809160
-2.786260
-0.824427
5.877862
4.648855
0.625954
-2.015267
5.541985
3.992366
-8.549619
5.458015
6.366412
-4.061069
-4.267176
2.587786
4.702290
-2.656489
-5.778626
0.908397
6.435114
-3.366412
-8.488549
2.687023
8.641221
-6.114504
-3.656489
6.580153
2.152672
-4.664122
-0.366412
6.931298
1.465649
-6.419847
4.129771
-4.496183
7.244275
2.778626
-1.251908
-6.938931
6.618320
7.916030
-5.251908
-6.404580
2.419847
-1.916031
-3.770992
3.954198
7.450382
-3.984733
-4.114504
3.183206
4.251908
-3.603053
1.641221
-2.534351
3.488550
1.664122
-6.778626
2.610687
9.167939
-5.870229
-2.519084
5.854962
-6.206107
-1.137405
-4.809160
4.832061
5.870229
-2.145038
7.068702
-3.206107
-5.694656
7.015267
-3.458015
1.328244
0.954198
0.000000
8.167939
-5.778626
9.343512
-0.870229
4.320611
-0.114504
-5.183206
4.862596
-3.786260
6.480916
-0.458015
-1.076336
9.396947
-3.396947
-1.061069
7.083970
0.305344
3.419847
1.763359
-5.557252
1.740458
8.244275
0.038168
-5.175572
3.106870
8.587787
-3.969466
-0.511450
-4.564886
3.198473
6.076336
-6.580153
3.251908
5.541985
-4.320611
-1.083969
7.977099
4.793893
5.946565
-6.923664
2.847328
1.099237
-0.366412
5.427481
-5.595420
5.725191
3.236641
4.122138
-0.129771
-2.801527
6.793893
-7.870229
6.793893
0.480916
1.061069
3.694656
-7.152672
1.740458
-2.641221
-6.030534
5.358778
0.167939
1.366412
3.167939
-3.351145
6.893130
-3.778626
1.076336
6.114504
-3.885496
6.435114
-6.748092
5.312977
-8.900764
5.335878
0.816794
1.778626
-1.770992
0.328244
3.541985
3.984733
1.297710
0.206107
-0.366412
-0.015267
5.114504
0.870229
1.198473
1.381679
3.167939
7.106870
-1.862595
0.534351
-0.893130
2.076336
-1.236641
3.877863
2.923664
1.244275
5.175572
2.396947
-0.732824
3.946565
1.442748
1.045802
3.992366
-3.106870
0.106870
1.053435
1.190840
2.603053
-1.656489
2.320611
-0.679389
1.595420
3.992366
3.832061
1.496183
0.358779
0.374046
1.091603
1.152672
-1.122137
1.824427
1.564885
-0.297710
-1.099237
3.320611
-0.755725
1.229008
-1.274809
0.290076
2.083969
2.335878
-0.580153
-0.587786
-1.740458
-2.511450
4.511450
-1.740458
0.198473
-0.015267
-0.832061
1.679389
1.290076
-0.931298
-5.175572
2.160305
-0.641221
-0.297710
-0.335878
-1.908397
0.007634
3.832061
-3.259542
3.870229
-2.931298
0.893130
5.679389
1.083969
1.366412
0.083969
1.053435
-0.557252
0.534351
-0.786260
1.381679
-0.450382
-0.923664
-0.854962
2.000000
1.633588
2.412214
0.389313
-0.427481
0.114504
1.175573
-4.381680
-2.488550
-1.328244
0.030534
-3.358779
-1.526718
-1.709924
3.625954
0.473282
-5.030534
-1.725191
-2.274809
-0.038168
-3.625954
-1.839695
-2.664122
-4.282443
-1.083969
-4.381680
-0.099237
-1.687023
-3.145038
-4.992366
-5.549618
-2.007634
-7.221374
0.824427
-2.534351
-3.007634
-1.793893
-1.832061
-5.389313
-2.702290
-4.893130
-5.175572
-1.374046
-6.534351
-1.312977
-4.442748
-1.122137
-3.496183
1.274809
-4.977099
-4.885496
0.511450
-2.175573
-0.129771
-1.000000
-3.374046
0.839695
-1.992366
1.786260
-1.419847
-0.091603
-0.763359
-3.656489
-2.580153
-0.908397
-0.259542
-2.519084
0.801527
-1.259542
-3.564885
-1.664122
1.633588
0.221374
-0.030534
-0.946565
-0.068702
-5.076336
-0.458015
3.564885
2.206107
-1.419847
-0.664122
3.213740
0.763359
-0.870229
0.213740
-0.473282
2.412214
1.458015
0.916031
3.503817
-0.198473
-0.885496
4.297710
-0.809160
3.030534
0.145038
1.175573
2.694656
3.038168
0.770992
2.572519
0.312977
1.358779
-0.213740
1.694656
1.877863
3.854962
0.526718
2.801527
4.427481
2.137405
0.083969
0.832061
1.770992
2.206107
0.274809
5.694656
1.229008
4.305344
2.183206
1.465649
4.167939
2.083969
1.916031
3.274809
4.534351
2.099237
2.145038
5.221374
2.175573
3.618321
4.984733
4.190840
3.442748
6.175572
4.908397
4.274809
4.244275
5.183206
4.167939
4.984733
1.122137
3.908397
2.893130
6.587786
2.816794
5.419847
3.755725
3.702290
3.007634
-0.671756
6.694656
6.022901
4.992366
5.862596
3.656489
1.251908
3.595420
4.885496
3.122137
5.000000
3.259542
3.396947
5.610687
2.213740
4.786260
3.030534
0.038168
3.946565
5.427481
4.709924
2.450382
1.129771
2.786260
0.946565
6.007634
1.435115
0.725191
-0.877863
-0.022901
5.450382
3.282443
5.519084
1.587786
-0.702290
-0.389313
-1.129771
0.595420
3.725191
3.625954
-0.366412
-0.992366
0.412214
-0.435115
-1.954198
0.267176
-1.053435
2.122137
-1.175573
-4.358778
-0.145038
2.854962
3.366412
-1.648855
-1.801527
0.549618
1.839695
0.503817
-1.198473
-1.809160
2.083969
0.809160
-4.167939
4.503817
1.511450
4.587786
0.572519
-0.923664
-0.656489
1.000000
0.450382
-0.870229
0.847328
0.007634
2.129771
1.572519
-1.740458
-0.801527
0.366412
-0.877863
-1.595420
2.702290
-1.167939
2.068702
1.587786
-2.137405
2.290076
0.725191
-3.633588
2.778626
2.320611
-0.488550
1.160305
0.259542
4.984733
-0.954198
1.725191
-1.053435
-2.244275
-0.740458
-0.496183
1.396947
1.862595
2.343511
-1.099237
-0.152672
-0.679389
0.427481
-0.679389
2.114504
2.824427
-0.213740
1.366412
0.427481
5.404580
1.183206
-0.022901
-0.709924
1.412214
3.274809
1.732824
2.152672
3.381679
1.030534
4.076336
