-0.259542
0.083969
-2.625954
4.702290
4.022901
-1.755725
-2.381679
-0.809160
2.664122
-4.656488
-3.175573
2.259542
0.458015
3.603053
-1.091603
-1.297710
-0.030534
6.183206
-1.282443
0.458015
0.083969
-3.534351
-1.381679
0.175573
2.290076
1.633588
-2.931298
1.648855
3.145038
4.404580
-1.625954
-3.114504
0.763359
-1.236641
2.190840
0.717557
1.870229
0.725191
-1.160305
0.671756
-1.343511
-0.358779
-1.007634
-4.625954
-1.770992
0.343511
-1.259542
-2.778626
-3.832061
-0.977099
-2.190840
1.343511
0.229008
0.412214
0.893130
2.625954
-0.175573
5.137404
-0.473282
0.610687
-0.259542
-0.511450
-0.534351
-0.977099
4.244275
3.114504
5.343512
0.259542
3.106870
0.038168
-0.213740
2.022901
1.038168
1.931298
2.229008
2.396947
1.702290
3.755725
-1.045802
2.671756
3.923664
5.687023
5.671756
0.038168
4.801527
1.366412
1.923664
1.083969
3.534351
3.167939
2.083969
1.114504
2.618321
3.267176
1.786260
2.145038
0.221374
1.419847
1.862595
1.908397
3.358779
2.625954
0.198473
1.877863
2.900763
0.114504
0.099237
-1.572519
2.793893
3.221374
1.404580
1.083969
0.038168
1.793893
0.328244
-2.977099
2.183206
-0.404580
5.969466
5.221374
4.824428
0.435115
-2.755725
2.854962
-6.122138
-3.748092
-1.038168
2.328244
2.358779
3.106870
1.290076
1.129771
0.793893
3.274809
-1.885496
-4.198473
1.839695
0.450382
3.137405
4.343512
4.725191
1.694656
3.885496
2.022901
2.236641
0.671756
-3.816794
2.809160
3.083969
3.000000
0.641221
-0.091603
1.893130
3.099237
0.923664
1.618321
-1.488550
2.183206
2.442748
1.435115
1.290076
1.442748
4.557252
5.969466
3.198473
1.160305
-1.534351
1.625954
-1.099237
-1.427481
2.580153
-2.450382
4.389313
3.137405
1.748092
-0.061069
-4.038168
0.839695
-0.541985
-0.381679
-0.473282
1.274809
-1.694656
-1.709924
-3.870229
2.305344
0.541985
1.122137
3.496183
-0.129771
-0.877863
-0.870229
1.488550
0.458015
1.832061
2.045802
0.167939
1.847328
2.763359
-0.305344
-3.755725
-2.992366
-0.916031
-0.648855
-1.297710
0.274809
-3.312977
-1.274809
0.648855
0.419847
5.648855
0.534351
0.854962
0.511450
2.656489
1.259542
0.564885
2.122137
-1.312977
-0.748092
1.061069
5.129771
1.259542
-1.351145
-0.099237
3.404580
5.022901
2.473282
1.603053
1.625954
2.167939
-0.450382
0.335878
1.419847
0.664122
0.801527
-0.893130
-0.419847
2.145038
-0.503817
4.351145
-0.229008
1.160305
1.610687
1.564885
1.977099
4.137404
-0.809160
1.770992
-1.969466
0.022901
-3.564885
-2.519084
-3.954198
-3.534351
-1.404580
-0.267176
-3.885496
-1.061069
-1.297710
-0.625954
3.099237
2.007634
1.755725
2.312977
3.748092
6.229008
3.770992
-3.633588
0.984733
0.221374
-1.564885
-2.809160
1.480916
-0.145038
4.068702
-1.458015
-1.687023
0.145038
0.229008
4.007634
0.297710
-0.267176
-1.106870
0.229008
-0.335878
-0.595420
0.748092
0.610687
-0.358779
-0.564885
-0.045802
-0.656489
-1.450382
1.297710
-0.740458
0.938931
-3.206107
-2.885496
2.061069
1.847328
-1.091603
-1.748092
-1.664122
-1.916031
1.251908
3.312977
-3.183206
0.641221
-2.541985
3.725191
-2.702290
-0.251908
1.480916
-1.389313
1.511450
-3.694656
-0.648855
4.335878
-0.900763
-1.702290
0.526718
-2.099237
-0.908397
7.969466
-0.206107
3.473282
-2.877863
3.519084
-2.770992
3.503817
-1.137405
-0.595420
-1.267176
2.809160
-4.641222
1.938931
2.679389
-4.091603
2.526718
3.435115
1.343511
2.824427
0.297710
0.954198
1.114504
0.816794
4.000000
1.320611
-1.801527
-1.587786
1.893130
0.396947
1.610687
2.160305
-1.503817
1.396947
0.824427
-0.511450
0.022901
-0.687023
0.908397
1.679389
-1.183206
2.709924
0.152672
-0.374046
0.198473
-1.862595
2.198473
-2.618321
-0.534351
2.648855
1.458015
1.740458
1.335878
1.984733
-1.587786
-1.450382
1.717557
3.648855
-0.251908
6.404580
-3.007634
-0.320611
1.610687
3.618321
-0.328244
-4.274809
1.725191
-3.534351
-3.259542
1.748092
-0.694656
1.793893
-0.854962
3.969466
0.664122
-2.007634
0.259542
-1.229008
5.450382
-2.114504
-1.839695
-0.335878
0.152672
0.832061
-0.709924
-2.328244
2.106870
-1.679389
0.534351
6.503817
-3.374046
1.816794
-1.694656
0.045802
0.183206
0.297710
3.282443
2.641221
-0.267176
-3.114504
2.732824
-0.870229
-1.152672
-1.648855
0.748092
2.374046
3.358779
-1.366412
3.053435
4.832061
-1.625954
1.717557
-1.259542
1.458015
2.511450
-1.503817
1.931298
4.702290
-0.648855
-2.053435
4.328244
1.885496
2.374046
2.000000
0.931298
2.908397
0.641221
0.641221
0.038168
-0.877863
0.458015
-0.893130
-0.473282
-0.091603
-1.137405
-0.114504
2.748092
-4.763359
-3.236641
2.458015
-0.114504
-2.236641
3.541985
2.435115
3.633588
1.625954
3.564885
-1.595420
-0.389313
1.290076
1.435115
1.656489
-1.839695
-4.236641
-2.778626
2.045802
4.022901
1.824427
-1.282443
2.770992
-2.068702
2.854962
2.038168
3.740458
3.473282
0.847328
-4.122138
-1.687023
-2.022901
-1.129771
3.580153
0.664122
0.832061
-3.465649
-1.770992
0.938931
2.755725
3.969466
2.587786
1.572519
3.061069
-0.832061
-7.038168
-0.175573
6.938931
1.404580
-3.122137
-1.496183
1.946565
2.129771
2.503817
4.755725
11.740458
0.274809
-2.282443
-1.290076
-4.625954
1.885496
3.809160
3.244275
-1.732824
-2.938931
-1.480916
2.946565
-1.801527
-2.053435
-3.549618
3.389313
-1.000000
-2.358779
-4.022901
-0.015267
0.412214
0.290076
-3.351145
-3.503817
1.679389
-5.213740
-1.748092
-0.709924
-2.000000
-1.519084
-1.114504
-4.519084
0.267176
2.259542
-2.847328
1.351145
0.862595
-3.366412
0.175573
-2.839695
-0.419847
2.419847
-4.618320
-0.427481
7.038168
0.870229
-1.045802
-2.419847
-3.381679
-5.870229
-5.099236
0.702290
-1.374046
-1.832061
-3.305344
-0.809160
3.007634
-0.755725
-0.099237
-0.183206
-3.488550
-3.969466
-0.419847
-1.412214
-3.702290
-1.824427
-2.503817
-3.007634
-3.656489
-5.847328
-1.610687
-2.732824
-5.450382
-2.022901
-6.908397
-7.511450
-4.541985
-4.709924
-6.251908
-6.931298
-3.244275
-8.442748
-5.152672
-0.282443
-3.435115
-5.458015
-3.595420
-7.076336
-1.587786
-3.274809
-1.061069
-3.480916
-3.610687
0.190840
-1.572519
-3.038168
-0.114504
-1.015267
-3.137405
1.938931
-2.038168
-1.793893
-1.351145
-0.290076
-1.251908
-6.671756
-3.259542
-2.564885
-2.511450
-3.022901
-1.091603
0.114504
-1.541985
-1.198473
-4.030534
4.954198
-2.946565
-1.526718
-1.763359
-1.221374
-0.839695
-4.641222
0.106870
-5.946565
-0.603053
-3.732824
-1.404580
0.725191
-1.870229
-2.038168
2.969466
0.633588
-1.893130
-0.381679
-2.465649
0.954198
2.038168
2.412214
4.664122
1.343511
-1.343511
1.671756
0.129771
3.190840
-3.648855
-2.328244
0.610687
-5.022901
-1.435115
1.625954
-4.290076
0.610687
-0.732824
-2.954198
0.282443
-2.465649
-3.687023
-1.122137
-4.679389
-1.648855
0.198473
-1.877863
-7.893130
1.839695
-9.236641
0.610687
-5.603054
-0.923664
-10.282443
-3.045802
0.725191
-5.358778
-0.251908
-7.702290
-2.648855
-4.358778
-2.877863
-0.961832
-4.778626
-3.381679
-0.198473
-0.748092
-0.549618
-4.900764
0.717557
-4.709924
-3.480916
0.427481
-3.145038
-1.381679
-1.000000
-2.374046
-2.992366
-0.083969
3.045802
-4.091603
-0.748092
-1.732824
-3.236641
-1.061069
2.610687
1.145038
-4.587786
4.374046
-1.618321
-1.610687
2.755725
1.732824
2.633588
4.229008
0.145038
1.236641
4.923664
-2.496183
0.625954
4.206107
-2.824427
-0.251908
0.351145
1.664122
3.022901
0.923664
-2.580153
3.007634
2.816794
-5.519084
2.900763
4.000000
-2.541985
-0.015267
1.099237
4.114504
-5.572519
2.473282
4.114504
-1.580153
3.664122
0.702290
1.931298
-1.587786
1.068702
0.198473
-1.618321
4.305344
-1.328244
4.832061
-2.305344
-2.229008
-1.000000
1.633588
-0.763359
7.549618
-1.473282
0.450382
1.870229
-1.977099
1.519084
1.015267
-0.312977
4.824428
1.244275
-4.541985
2.145038
-2.786260
-0.938931
3.251908
-1.603053
8.694656
-0.557252
0.809160
3.160305
3.030534
2.732824
1.877863
4.412214
6.351145
4.038168
1.297710
8.221375
2.290076
2.114504
5.687023
1.625954
7.679389
5.000000
1.015267
4.450382
-3.656489
4.221374
-1.167939
7.435114
1.374046
9.312977
1.221374
3.175573
1.778626
-3.198473
5.664122
-0.801527
8.908397
1.015267
5.847328
-1.343511
3.770992
-0.267176
-6.519084
6.038168
-0.206107
2.992366
0.137405
3.038168
-1.114504
-4.122138
6.374046
-1.969466
5.564886
3.038168
3.824427
5.938931
2.229008
3.129771
2.648855
4.778626
1.396947
-4.366412
0.450382
3.801527
-2.145038
3.641221
-1.633588
1.381679
5.129771
5.740458
2.251908
3.480916
0.068702
-1.282443
3.427481
-0.335878
-1.152672
0.648855
2.778626
4.343512
1.801527
3.076336
2.793893
-0.877863
1.045802
0.068702
-2.068702
-1.122137
0.580153
3.870229
2.824427
3.610687
2.167939
0.801527
-2.045802
-1.282443
1.687023
-1.664122
0.435115
5.595420
-0.290076
-0.549618
-1.732824
1.488550
-0.450382
0.732824
-0.343511
-2.908397
-3.549618
-4.305344
-2.709924
-2.648855
3.778626
0.923664
1.877863
1.648855
-2.145038
-0.938931
-1.183206
2.335878
-0.625954
4.190840
3.893130
7.396946
-0.748092
0.709924
-0.251908
-0.305344
2.312977
-1.145038
-0.778626
-0.664122
-1.000000
4.732824
5.045802
-2.488550
-2.038168
-0.839695
-3.335878
-2.068702
0.809160
0.954198
-1.793893
-0.832061
-1.221374
-2.564885
-1.389313
1.984733
0.015267
-2.511450
-0.541985
3.862595
-0.740458
-1.610687
-1.015267
-3.122137
3.038168
-3.442748
4.778626
0.083969
1.503817
-0.916031
-0.335878
-2.557252
3.335878
3.977099
2.977099
0.480916
4.175572
-0.931298
1.839695
-0.839695
3.404580
1.137405
2.458015
-1.587786
-1.305344
0.213740
2.198473
3.488550
4.068702
-0.992366
2.671756
-1.251908
3.053435
-0.053435
-0.618321
-0.022901
-2.267176
0.259542
2.427481
-0.297710
-1.259542
-0.862595
0.549618
-0.748092
-2.564885
-4.992366
-2.908397
-0.175573
-1.603053
-1.068702
3.114504
2.954198
-4.832061
1.274809
-5.664122
-4.595420
-2.091603
-2.206107
-2.587786
-5.580153
0.633588
1.946565
-2.679389
-0.160305
-2.496183
-0.702290
-0.801527
-5.297710
1.557252
-3.366412
2.496183
-2.992366
-2.526718
-3.755725
-4.702290
1.480916
-1.862595
-1.572519
-2.175573
-0.824427
-2.877863
-4.320611
-2.213740
-0.358779
-2.603053
0.801527
-1.938931
2.442748
-0.465649
-2.183206
-2.175573
-3.580153
-3.374046
-0.129771
-5.358778
-4.938931
0.236641
-2.450382
-5.083970
-2.511450
1.244275
-5.122138
-5.931298
-0.885496
-3.992366
-6.801527
-2.847328
-3.656489
-3.816794
-2.732824
0.335878
-0.190840
-2.824427
-2.206107
-2.068702
-5.839694
-4.404580
-0.702290
-2.404580
-2.564885
-3.809160
-0.175573
-1.870229
-1.290076
0.435115
-1.641221
-1.877863
-0.916031
-1.671756
-2.435115
-3.282443
-0.099237
1.961832
3.213740
-3.717557
1.572519
-2.885496
-4.442748
-1.213740
-3.251908
-0.557252
-3.519084
-0.564885
-0.366412
0.664122
1.152672
4.229008
1.679389
0.022901
-1.007634
-0.770992
-1.480916
2.213740
3.755725
-1.160305
-0.106870
3.473282
0.908397
0.885496
0.778626
-1.068702
-3.473282
-2.312977
2.229008
-2.488550
-2.450382
-3.625954
-3.847328
-1.190840
1.061069
2.358779
2.221374
-3.496183
1.549618
-1.099237
-0.366412
-1.236641
1.984733
2.358779
-1.396947
-1.267176
-3.496183
0.946565
0.328244
-3.290076
2.564885
-1.534351
0.549618
3.152672
-1.832061
2.053435
0.984733
1.381679
-0.854962
1.160305
-1.305344
-0.885496
-0.870229
1.320611
0.282443
1.145038
-2.045802
1.145038
1.786260
0.671756
-1.427481
3.961832
-1.366412
-0.427481
-0.053435
2.671756
2.183206
-0.549618
2.694656
2.335878
0.427481
0.877863
-0.809160
0.251908
-1.770992
1.297710
-1.175573
-4.282443
1.236641
-0.076336
-2.083969
1.213740
-4.160306
-0.274809
-2.320611
0.603053
1.381679
0.854962
-1.145038
1.435115
3.114504
-2.687023
1.541985
-1.473282
0.358779
-0.030534
-1.908397
-1.007634
1.885496
-1.000000
5.236641
1.412214
1.580153
-0.488550
-1.022901
3.419847
0.755725
2.122137
1.870229
-0.732824
4.519084
-0.213740
0.404580
-3.534351
-0.732824
1.541985
0.664122
1.923664
-2.839695
1.053435
0.488550
-1.625954
-2.137405
-1.893130
-1.076336
6.977099
-0.740458
2.786260
-1.000000
-3.671756
-3.022901
-0.534351
0.129771
2.145038
0.694656
1.770992
-0.160305
3.534351
0.091603
2.061069
-1.496183
-0.496183
1.572519
2.862595
0.083969
2.633588
-0.114504
0.129771
-0.053435
-0.709924
-3.748092
2.030534
0.984733
-2.961832
-2.465649
-2.473282
1.038168
-0.503817
-1.778626
-3.603053
-2.816794
-0.580153
1.458015
2.045802
2.114504
2.923664
0.404580
-1.473282
1.778626
-0.816794
4.106870
0.022901
0.183206
1.717557
-2.832061
-0.480916
-0.687023
4.763359
3.145038
3.061069
-1.068702
2.809160
1.809160
0.106870
1.969466
1.137405
-0.351145
-2.870229
-0.740458
-1.748092
1.061069
1.534351
1.748092
-0.969466
0.725191
1.854962
0.580153
0.389313
0.572519
-0.381679
-0.763359
3.717557
-2.305344
-0.473282
-2.870229
0.877863
0.442748
-0.297710
3.389313
0.854962
-0.396947
0.473282
-0.824427
0.114504
-0.404580
0.923664
-3.526718
-2.770992
-4.366412
-0.488550
1.412214
0.580153
0.687023
0.473282
2.541985
-0.900763
0.343511
-1.763359
3.389313
1.389313
0.114504
4.099236
2.511450
-0.404580
-0.137405
1.671756
5.015267
1.969466
1.885496
-0.137405
-0.557252
2.687023
0.900763
-1.473282
4.282443
-0.984733
-1.267176
3.816794
2.519084
1.106870
-3.595420
2.427481
2.480916
1.557252
0.396947
-3.511450
2.984733
2.618321
-1.190840
-1.328244
0.992366
2.412214
-1.656489
2.000000
-2.435115
1.717557
3.793893
1.297710
2.671756
1.671756
-0.969466
0.160305
2.007634
3.061069
0.236641
-3.022901
0.038168
0.259542
-0.564885
-0.961832
2.603053
0.412214
0.916031
0.496183
1.007634
-0.748092
-0.908397
-2.167939
-2.190840
2.381679
2.908397
1.282443
-0.297710
1.389313
-4.839694
3.145038
3.076336
-1.763359
-3.549618
0.885496
2.603053
0.603053
1.488550
-0.709924
4.259542
2.954198
-2.793893
-0.580153
3.648855
-1.832061
-5.977099
1.702290
-0.541985
-2.305344
-1.152672
1.671756
0.343511
-0.740458
-0.877863
-0.251908
-2.465649
-1.977099
-0.709924
1.305344
0.816794
-1.404580
0.572519
4.229008
-1.099237
2.320611
0.099237
0.038168
0.259542
2.229008
-0.824427
-2.335878
0.778626
-0.893130
-0.824427
-6.312977
-0.015267
-5.465649
-1.511450
-0.099237
-0.564885
1.160305
3.152672
-1.755725
1.259542
-1.099237
-3.786260
-2.297710
3.030534
-1.816794
-2.167939
-0.328244
2.770992
-0.160305
-2.007634
2.549618
-0.824427
0.534351
0.534351
2.625954
3.030534
1.793893
0.916031
0.129771
-3.206107
1.297710
-0.977099
0.984733
-3.312977
3.618321
2.007634
1.106870
-0.343511
-0.519084
-1.595420
0.343511
-0.511450
0.824427
2.603053
1.038168
-1.839695
-1.816794
0.152672
4.778626
4.366412
0.167939
-0.038168
4.938931
1.908397
-1.633588
-2.503817
-0.969466
1.320611
2.641221
-3.007634
-2.908397
-1.251908
-0.503817
-3.267176
3.083969
-1.419847
1.961832
-0.496183
2.435115
1.564885
-3.198473
0.641221
-3.404580
-3.022901
2.671756
-1.656489
0.473282
-1.732824
-2.366412
0.404580
2.717557
-0.106870
-0.351145
3.061069
2.427481
0.419847
-2.015267
3.282443
1.213740
0.694656
-0.900763
-1.496183
-1.717557
1.396947
-2.335878
-0.816794
2.251908
-0.473282
-2.312977
0.763359
2.312977
1.977099
-0.793893
-1.816794
-0.541985
1.183206
-0.381679
0.000000
0.167939
-0.274809
-0.801527
-0.061069
-1.580153
-2.282443
-4.572519
-0.587786
-3.099237
-4.129771
-0.290076
2.480916
2.885496
1.114504
0.885496
-4.557252
-3.297710
1.717557
-0.793893
-5.145038
2.671756
2.732824
-0.175573
0.732824
2.870229
2.549618
2.595420
-2.458015
2.335878
-1.076336
0.938931
-0.068702
0.229008
3.213740
1.984733
-2.122137
-2.847328
-5.473282
1.038168
-4.534351
0.618321
-0.961832
0.435115
-2.366412
0.381679
-0.076336
3.442748
1.893130
0.946565
1.938931
-3.900763
-0.656489
-1.229008
0.305344
-4.007634
0.793893
3.580153
-0.312977
1.496183
2.427481
1.221374
2.748092
-1.145038
1.717557
-0.381679
3.038168
0.603053
1.541985
-0.465649
-0.847328
4.916030
-3.106870
-1.030534
0.206107
2.641221
-4.984733
0.038168
-3.603053
1.809160
0.557252
2.862595
-2.458015
0.832061
-5.412214
0.549618
-2.366412
-0.068702
-4.198473
0.427481
-1.114504
-1.931298
-1.618321
1.015267
2.251908
1.946565
0.206107
-3.015267
0.198473
-1.526718
3.244275
-0.801527
-1.251908
-0.404580
2.816794
-3.458015
5.877862
0.061069
4.007634
-0.442748
3.854962
1.709924
-0.954198
-1.969466
2.343511
1.549618
0.351145
6.229008
1.137405
-0.801527
1.839695
-2.954198
1.458015
0.969466
3.618321
-2.206107
-3.839695
1.656489
-0.419847
7.038168
0.366412
0.702290
1.068702
6.045802
0.152672
-4.160306
0.473282
-3.488550
6.297710
-0.580153
-3.022901
-0.503817
-2.694656
-1.702290
-3.091603
-2.580153
0.641221
-0.541985
-0.167939
5.435114
-1.870229
-3.419847
0.763359
-5.511450
1.145038
3.030534
-1.274809
-1.793893
3.587786
0.511450
-1.251908
-6.129771
0.045802
-0.534351
-3.053435
-0.458015
-4.267176
-2.679389
-0.015267
0.190840
-2.977099
-2.641221
-1.648855
3.351145
1.664122
-1.061069
-0.114504
-1.442748
1.404580
3.572519
4.496183
-0.839695
-1.923664
1.259542
2.114504
-1.816794
-2.167939
1.503817
-1.000000
-1.664122
1.061069
3.229008
-4.961832
-0.396947
0.396947
1.847328
-1.656489
-1.213740
-0.435115
3.839695
-0.541985
1.366412
1.160305
-0.862595
3.496183
4.969466
-2.320611
1.221374
0.022901
-0.587786
-2.709924
1.587786
0.931298
-1.694656
1.809160
0.297710
-0.610687
-2.641221
-0.732824
-2.251908
-1.473282
-2.175573
0.679389
2.236641
-2.458015
-1.099237
4.557252
4.580153
-2.244275
-0.213740
3.709924
-1.274809
0.977099
-1.419847
-1.717557
5.374046
-2.351145
-1.274809
-0.236641
1.977099
-0.748092
-0.557252
2.847328
-1.480916
0.755725
0.190840
-1.297710
2.694656
-0.793893
-0.351145
1.885496
0.473282
-0.809160
2.832061
-4.167939
-0.229008
2.511450
-0.839695
0.549618
-1.000000
3.290076
0.916031
-3.206107
4.106870
0.557252
-4.916030
-0.267176
1.938931
-0.923664
4.122138
2.030534
-0.297710
-0.839695
4.129771
1.465649
-2.916031
-1.572519
0.824427
3.427481
-3.618321
3.312977
2.526718
0.664122
-0.022901
-0.770992
3.458015
3.038168
0.259542
-0.770992
2.465649
-2.381679
-0.709924
-0.229008
-0.557252
0.145038
-1.137405
-0.366412
-0.427481
1.511450
-1.564885
1.068702
-0.839695
3.503817
2.854962
0.877863
2.442748
1.267176
1.381679
-4.358778
2.312977
1.137405
-2.099237
-3.702290
4.351145
0.045802
-1.038168
-0.832061
1.267176
0.389313
0.816794
-0.717557
1.290076
0.145038
4.267176
2.114504
-2.977099
-1.251908
-1.053435
0.519084
-0.419847
-0.717557
-1.236641
0.984733
-3.900763
2.633588
2.824427
0.832061
1.297710
-0.206107
4.000000
1.984733
0.145038
2.809160
-2.244275
-0.793893
-1.557252
1.625954
0.190840
2.427481
3.091603
2.740458
1.145038
3.633588
-1.534351
-0.190840
-2.053435
2.488550
0.442748
-1.870229
-1.534351
-2.450382
-0.931298
0.259542
2.778626
0.091603
-2.641221
2.923664
-2.412214
-2.526718
0.984733
-0.732824
2.610687
2.488550
-1.030534
-2.167939
-1.106870
2.145038
4.099236
2.099237
-1.625954
0.068702
0.847328
3.190840
3.389313
4.022901
1.656489
2.564885
1.496183
0.061069
-1.786260
0.419847
3.908397
-1.732824
2.305344
3.885496
-0.305344
-0.122137
-1.503817
2.297710
-1.557252
-0.175573
1.641221
1.175573
-0.274809
-2.625954
2.862595
-1.374046
-1.183206
0.366412
-1.167939
-3.801527
2.320611
-0.595420
-0.320611
1.885496
1.534351
-0.267176
1.274809
0.145038
1.793893
2.900763
0.389313
-1.091603
0.923664
-1.198473
-0.038168
-0.786260
-1.541985
-2.702290
-2.648855
0.221374
1.877863
0.839695
3.030534
2.633588
4.419847
-3.450382
-2.000000
2.152672
-1.167939
3.587786
2.290076
-0.305344
3.061069
1.824427
-2.213740
-2.267176
0.946565
-1.320611
-1.198473
-1.587786
-1.290076
-0.267176
-0.862595
1.633588
-1.511450
0.694656
1.374046
-1.152672
-0.114504
1.549618
-0.129771
2.160305
-1.664122
-0.152672
3.572519
-1.251908
-0.938931
-0.709924
2.381679
3.862595
-4.832061
1.633588
0.541985
0.541985
2.045802
-2.083969
-4.656488
2.000000
0.809160
1.351145
0.732824
0.687023
-0.137405
-1.793893
-0.419847
2.450382
1.106870
3.030534
0.312977
1.198473
-0.419847
-3.709924
0.320611
0.519084
0.709924
1.274809
2.167939
0.862595
2.595420
0.244275
-0.801527
-1.679389
0.312977
4.885496
-2.221374
1.763359
-1.106870
-2.045802
2.000000
-1.221374
0.007634
-1.687023
0.213740
-2.541985
0.458015
-2.763359
1.908397
0.076336
-0.847328
1.206107
-0.664122
-0.580153
-1.526718
1.053435
-0.099237
-2.106870
-3.793893
-1.862595
2.343511
-2.259542
0.450382
0.519084
-0.267176
-5.992366
-1.541985
5.175572
-2.053435
-1.183206
3.061069
-1.183206
-2.496183
-1.854962
0.725191
-2.480916
1.503817
-1.076336
-1.061069
0.137405
-1.908397
1.603053
-1.519084
6.534351
-1.038168
2.206107
1.862595
1.183206
0.450382
3.832061
2.206107
-1.389313
0.709924
1.824427
2.167939
-1.717557
2.381679
1.709924
-0.900763
1.244275
0.526718
-1.610687
-1.000000
1.778626
2.816794
0.946565
-0.335878
-3.068702
1.793893
-0.862595
1.007634
-0.320611
-0.519084
-0.488550
3.000000
-1.458015
4.000000
1.244275
3.038168
0.282443
-0.450382
-5.946565
-0.091603
-1.183206
5.076336
4.206107
2.122137
1.152672
3.259542
-0.557252
-0.557252
2.290076
1.351145
1.282443
-0.213740
2.839695
-2.473282
-1.572519
-1.389313
0.786260
-0.450382
-2.557252
2.862595
1.022901
6.030534
-2.458015
0.343511
4.022901
-1.229008
1.870229
1.984733
-3.801527
1.427481
-1.450382
2.564885
0.381679
0.328244
-0.343511
0.938931
1.671756
1.572519
1.053435
-2.496183
3.312977
0.152672
3.137405
1.145038
0.022901
-0.671756
1.633588
4.473282
-0.557252
3.343511
1.732824
-5.801527
-1.198473
2.335878
0.488550
-1.259542
3.923664
0.702290
0.435115
1.351145
-2.290076
3.076336
0.648855
1.251908
3.625954
-0.755725
-0.641221
4.702290
-1.671756
-2.419847
-0.312977
3.198473
0.725191
0.213740
1.839695
-7.229008
0.793893
-0.702290
-2.000000
0.419847
0.916031
-0.312977
3.167939
-0.274809
1.519084
1.251908
1.236641
-3.984733
-1.473282
-1.282443
-3.557252
-3.618321
0.053435
0.496183
1.709924
5.045802
2.480916
1.343511
2.488550
2.000000
-0.480916
-0.259542
-1.442748
1.870229
2.198473
-1.671756
2.083969
1.152672
1.496183
-3.213740
-1.083969
3.862595
-0.618321
-2.603053
-2.190840
1.977099
2.251908
0.366412
2.221374
3.366412
-2.335878
4.114504
1.679389
2.610687
0.877863
-1.816794
-0.503817
0.938931
-2.183206
-1.160305
-0.061069
-1.320611
0.175573
-2.099237
1.175573
0.282443
-2.427481
0.045802
-1.885496
3.847328
0.091603
1.824427
0.916031
0.755725
1.267176
1.824427
1.610687
-1.381679
2.549618
-2.732824
0.396947
-0.251908
2.076336
1.038168
-2.534351
1.259542
0.351145
3.679389
-2.977099
-0.213740
-0.145038
2.526718
-0.251908
-3.366412
2.450382
-0.480916
1.000000
-2.022901
1.335878
1.122137
2.335878
1.389313
4.083970
3.129771
4.534351
2.656489
-2.877863
-2.427481
-0.541985
-3.267176
0.053435
0.763359
1.083969
-0.763359
1.152672
-2.320611
1.396947
-1.961832
-2.099237
-1.465649
1.450382
0.938931
1.908397
0.625954
-3.083969
-2.038168
-3.152672
2.511450
1.015267
2.183206
3.236641
0.305344
1.648855
1.870229
-2.351145
0.648855
4.160306
-3.236641
4.778626
-1.534351
1.748092
1.847328
-1.015267
-3.488550
0.229008
0.671756
0.541985
-2.580153
-0.625954
0.244275
0.702290
-5.541985
-1.198473
0.053435
-3.450382
0.847328
0.328244
0.625954
-0.152672
3.908397
1.015267
-3.687023
3.465649
-2.648855
1.259542
-1.045802
-2.206107
4.007634
5.305344
2.160305
4.610687
2.206107
2.969466
0.824427
-1.030534
5.129771
1.625954
-3.694656
1.625954
2.854962
0.381679
0.244275
-0.603053
1.648855
-0.595420
0.732824
2.992366
1.603053
-1.709924
-2.167939
-1.068702
-2.282443
5.519084
4.198473
2.160305
-1.137405
-1.679389
1.160305
0.343511
2.152672
1.282443
-2.259542
-0.007634
0.816794
1.129771
-4.129771
0.832061
-1.778626
-0.198473
-0.183206
0.916031
1.351145
-0.206107
4.442748
1.702290
-0.274809
-1.427481
-0.175573
6.648855
3.770992
1.213740
1.381679
0.687023
1.648855
-2.038168
-0.938931
2.435115
0.076336
0.274809
2.916031
1.114504
0.694656
0.145038
-2.229008
2.648855
-6.022901
-1.938931
5.458015
-1.587786
2.763359
0.183206
-0.290076
2.938931
3.091603
-1.809160
-0.312977
2.404580
-1.442748
3.954198
-1.900763
-0.854962
1.496183
0.083969
-2.038168
3.870229
0.312977
-2.473282
0.824427
0.274809
-3.458015
2.175573
-3.000000
2.816794
-0.152672
-1.832061
-1.015267
-0.877863
0.038168
3.312977
-4.083970
1.923664
3.702290
0.946565
2.625954
0.000000
-2.557252
1.229008
4.244275
2.557252
1.954198
-3.229008
3.900763
6.412214
-0.045802
-0.160305
1.572519
3.351145
-3.045802
-2.564885
2.389313
-0.190840
-1.007634
0.885496
-0.381679
-2.045802
0.541985
-4.351145
-1.290076
-1.267176
-0.045802
0.816794
3.091603
1.488550
4.496183
-2.328244
1.335878
0.083969
0.412214
-0.198473
-2.587786
-1.709924
3.083969
2.480916
2.664122
0.946565
-0.603053
1.419847
-3.603053
-0.427481
0.412214
2.045802
1.076336
-0.870229
-1.625954
1.793893
-2.740458
-2.099237
-0.847328
-0.603053
1.122137
2.328244
-0.664122
3.603053
-0.648855
1.610687
-2.725191
-0.068702
2.572519
1.778626
3.366412
-0.633588
0.961832
-0.389313
1.816794
2.435115
2.267176
-1.000000
-0.610687
-1.061069
0.526718
1.412214
0.282443
2.519084
-0.984733
-2.496183
2.862595
2.534351
1.709924
-0.816794
1.000000
1.206107
1.839695
-0.694656
-0.274809
1.511450
2.007634
0.557252
-2.519084
-1.206107
-3.068702
1.091603
1.541985
1.175573
1.503817
0.083969
-1.251908
0.992366
0.603053
2.801527
-2.595420
0.519084
0.381679
0.129771
2.007634
2.259542
-1.778626
-0.480916
4.366412
-1.694656
-0.396947
-0.664122
1.709924
2.442748
-0.931298
4.351145
-1.778626
2.725191
-2.595420
-1.648855
-2.152672
5.030534
-1.564885
1.908397
2.541985
4.244275
-4.190840
1.511450
-0.442748
0.015267
1.068702
0.099237
3.290076
-1.763359
-3.374046
0.061069
-5.267176
-1.541985
5.732824
2.251908
-4.595420
0.053435
-0.366412
-5.221374
-1.183206
0.778626
-4.908397
0.519084
-1.412214
-3.748092
-0.961832
-4.381680
-3.427481
-7.847328
-8.488549
-9.381680
-1.923664
-1.389313
-5.763359
-7.862596
-2.641221
-8.083969
-8.702291
-9.244275
-3.282443
-8.755725
-7.816794
-12.045801
-2.648855
-4.580153
-5.251908
-7.992366
-8.740458
-4.137404
-3.412214
-10.396947
-9.091603
-5.129771
-1.603053
-8.801527
-3.221374
-2.160305
1.381679
-3.351145
-5.022901
-3.045802
-1.038168
2.282443
-4.450382
0.709924
5.931298
0.694656
1.595420
8.473283
6.687023
2.603053
12.526717
4.381680
6.381680
10.778625
7.687023
3.618321
6.259542
12.366412
7.450382
7.992366
9.755725
3.351145
8.992367
10.152672
5.015267
5.709924
14.702291
5.839694
10.335877
8.045801
8.396947
9.106871
11.366412
12.152672
5.984733
16.015266
8.954199
8.297709
9.030535
12.603053
6.954198
7.045802
8.396947
13.160305
9.076336
14.977099
4.458015
5.251908
12.312977
7.938931
7.732824
9.167939
4.786260
5.610687
5.664122
1.946565
4.167939
-0.534351
-0.877863
-2.068702
-0.206107
-0.251908
-3.099237
-0.465649
-1.068702
2.694656
-2.083969
-3.641221
-6.244275
-4.938931
-6.267176
-9.389313
-9.198473
-4.114504
-3.580153
-6.488550
-4.251908
-8.625955
-3.816794
-6.137404
-5.358778
-8.099236
-11.679389
-5.122138
-4.816794
-7.412214
-13.129771
-13.267176
-12.679389
-9.343512
-13.129771
-9.297709
-12.167939
-7.358778
-8.068703
-5.977099
-13.641221
-8.450381
-11.244275
-8.992367
-9.732824
-10.954199
-9.900764
-7.198473
-3.091603
-5.358778
-8.755725
-9.091603
-9.946565
-7.725191
-8.541985
-8.984733
-6.022901
-13.152672
-8.137404
-8.633588
-10.083969
-10.984733
-10.549619
-12.564885
-9.160305
-6.183206
-10.473283
-4.908397
-7.061069
-10.572519
-12.900764
-10.175572
-2.160305
-5.374046
-5.702290
-4.931298
-9.435115
-8.106871
-8.755725
-10.374045
-7.916030
-5.969466
-8.351145
-5.190840
-8.938931
-8.610687
-4.152672
-7.030534
-7.603054
-8.442748
-3.167939
-2.610687
-5.030534
-3.618321
-2.839695
-2.053435
-4.381680
-4.648855
-3.152672
-2.267176
-1.267176
-2.763359
-0.053435
-2.900763
-2.618321
-0.412214
-2.893130
-2.145038
-0.679389
-1.206107
2.984733
1.190840
3.526718
5.786260
10.847328
0.793893
8.152672
3.816794
11.549619
11.526717
7.770992
5.366412
10.488549
10.587787
11.351145
7.519084
11.000000
12.305344
15.419847
13.244275
7.748092
12.503817
13.755725
10.877863
10.893129
6.389313
12.480916
12.015267
17.381680
10.709924
12.786260
12.083969
10.213740
15.206107
9.190840
14.297709
8.305344
10.938931
11.877863
5.549618
13.366412
11.641221
9.832061
12.183207
10.488549
6.458015
7.824428
7.732824
11.618320
10.114504
7.480916
6.091603
11.664123
7.885496
6.625954
10.053435
11.778625
11.465649
0.297710
9.290076
14.648855
6.022901
11.091603
13.229008
12.068703
10.022901
11.931297
9.977099
12.396947
14.305344
10.717557
10.267176
12.694656
15.541985
8.770992
12.519084
11.496183
9.633588
14.740458
12.977099
12.511451
11.816793
9.251908
11.091603
11.053435
10.854961
11.580153
9.076336
9.854961
11.503817
11.954199
10.419847
11.618320
15.923664
12.488549
11.572519
12.725191
11.122137
8.648855
10.786260
15.396947
13.091603
10.427481
11.290076
12.656488
10.809160
10.335877
11.618320
6.648855
15.343512
13.977099
10.816793
9.870229
10.267176
9.259542
9.221375
6.374046
3.320611
6.229008
4.328244
1.335878
0.137405
-3.496183
-3.129771
0.442748
-0.274809
-5.106870
-2.709924
-3.206107
-8.198473
-7.480916
-10.633588
-4.992366
-10.847328
-7.496183
-9.351145
-7.824428
-8.702291
-10.961832
-13.694656
-9.251908
-12.511451
-7.717557
-6.274809
-8.885496
-10.366412
-10.854961
-9.671756
-11.488549
-9.648855
-11.114504
-14.061069
-9.129771
-8.832061
-11.236641
-10.893129
-8.603053
-5.954198
-12.053435
-11.885496
-7.870229
-12.656488
-7.190840
-9.198473
-11.167939
-10.488549
-8.045801
-6.290076
-7.236641
-7.259542
-7.450382
-12.320611
-8.557252
-8.938931
-7.442748
-10.114504
-7.961832
-6.961832
-7.091603
-7.061069
-11.106871
-14.282443
-6.770992
-9.145039
-6.030534
-10.961832
-9.709924
-5.770992
-8.961832
-10.022901
-8.793893
-9.007633
-9.694656
-11.053435
-7.145038
-10.496183
-10.267176
-10.717557
-8.770992
-7.061069
-10.511451
-12.480916
-10.992367
-11.374045
-9.488549
-9.694656
-8.076336
-9.725191
-6.778626
-6.137404
-11.770992
-7.900764
-9.404580
-10.473283
-5.404580
-8.778625
-9.854961
-8.740458
-6.977099
-14.015267
-8.885496
-6.175572
-4.221374
-9.740458
-9.435115
-9.244275
-1.412214
-6.633588
-5.618320
-6.419847
-2.847328
-0.908397
-3.916031
1.106870
-0.877863
0.511450
-1.786260
2.572519
2.053435
6.404580
3.587786
4.954198
3.916031
3.366412
5.740458
2.534351
9.312977
2.183206
5.694656
6.458015
3.198473
1.770992
4.847328
4.099236
6.183206
0.206107
6.748092
4.190840
7.007634
2.648855
7.656488
3.053435
2.526718
3.396947
3.832061
5.541985
3.984733
3.732824
-0.770992
1.183206
1.793893
5.061069
2.702290
6.000000
1.290076
-1.770992
4.419847
3.648855
0.030534
0.320611
-1.961832
1.221374
5.977099
2.503817
3.167939
0.114504
2.038168
-1.022901
-1.625954
1.160305
0.832061
-2.519084
-1.946565
1.839695
-1.427481
-0.374046
2.145038
2.030534
1.549618
1.343511
-2.427481
0.236641
-0.083969
-2.381679
-0.572519
-1.625954
3.007634
-1.450382
-1.480916
4.595420
-1.801527
2.000000
2.541985
0.877863
-3.335878
0.396947
2.412214
-0.015267
-1.297710
-0.717557
3.679389
-3.000000
-0.778626
-1.854962
2.312977
0.290076
2.297710
2.045802
-1.954198
-2.083969
0.129771
1.916031
-3.015267
-2.091603
-2.824427
-0.793893
1.603053
0.778626
0.015267
-4.519084
-0.213740
1.328244
-2.412214
-2.145038
-1.389313
-4.183206
0.938931
0.854962
-0.099237
0.954198
0.335878
-3.099237
-2.236641
0.396947
-2.091603
0.480916
-0.862595
0.274809
1.557252
0.740458
-0.251908
2.213740
-1.625954
0.038168
-3.343511
-3.595420
-2.038168
0.954198
2.694656
-1.106870
-1.770992
-1.587786
0.236641
-4.145038
-0.717557
2.961832
1.633588
-1.496183
-1.083969
-1.419847
-1.679389
-5.229008
-1.396947
0.328244
-1.992366
-2.114504
-0.854962
-3.061069
-3.664122
0.755725
-0.595420
-1.603053
0.412214
0.083969
0.312977
-2.786260
-1.297710
2.007634
-0.183206
-1.106870
2.824427
-0.503817
1.480916
2.610687
-3.099237
-4.297710
1.267176
-2.435115
-0.160305
-0.984733
3.618321
-3.083969
3.786260
0.213740
2.175573
1.267176
0.679389
0.167939
6.282443
0.679389
2.167939
-0.984733
1.694656
5.572519
2.893130
2.183206
1.595420
3.267176
4.839694
1.839695
5.610687
2.503817
0.671756
-0.083969
0.763359
0.213740
1.511450
0.198473
0.839695
1.824427
4.969466
3.229008
1.312977
3.519084
-0.503817
0.740458
0.183206
-3.198473
0.068702
0.213740
0.503817
0.557252
-0.122137
1.160305
-0.045802
-1.618321
0.312977
1.251908
2.198473
0.961832
2.824427
1.335878
1.908397
-4.274809
0.175573
3.839695
-0.603053
-0.435115
1.358779
0.549618
-0.648855
-0.809160
-3.694656
-2.938931
-2.305344
-1.259542
-2.381679
-0.580153
3.938931
0.106870
-7.442748
0.206107
-4.213740
-0.167939
-5.946565
-0.534351
-5.053435
-1.877863
-4.778626
-2.435115
-3.068702
-3.770992
-3.549618
-7.320611
-3.877863
-2.351145
-4.297710
-3.793893
-4.587786
-3.106870
-4.007634
-6.328244
-1.641221
-5.297710
-4.488550
-7.641222
-2.015267
-4.541985
-4.030534
-2.870229
-4.870229
-8.702291
-3.129771
-0.870229
-6.320611
-5.587786
-9.526717
-6.290076
-6.374046
-2.213740
-4.251908
-6.870229
-7.374046
-4.221374
-2.587786
-2.488550
-8.885496
-10.083969
-6.557252
-1.839695
-6.526718
-8.648855
-6.366412
-2.664122
-2.534351
-4.877862
-4.564886
-6.328244
-8.160305
-6.755725
-0.282443
-6.938931
0.717557
-1.984733
1.549618
-0.984733
-8.099236
1.496183
-0.251908
-0.083969
2.923664
-4.900764
-2.320611
-8.137404
-1.908397
-1.633588
-3.030534
-6.068702
1.770992
-5.442748
-4.572519
2.343511
-4.206107
-0.687023
-6.916030
-2.877863
-5.129771
-2.580153
-0.114504
-4.916030
2.984733
-3.664122
-2.923664
-4.381680
-1.877863
0.618321
-1.114504
1.816794
-4.114504
0.862595
-7.160306
3.954198
-3.549618
-4.587786
-0.129771
-7.312977
0.145038
-4.152672
1.824427
-5.839694
-1.022901
-1.702290
-1.267176
3.595420
-7.358778
-0.076336
0.755725
1.312977
-2.160305
0.137405
1.664122
-0.435115
-0.396947
3.007634
-1.114504
-0.465649
4.473282
-4.702290
-4.488550
0.083969
-2.748092
1.129771
-1.854962
-4.908397
-2.190840
-5.435114
-2.198473
-2.816794
1.641221
-0.015267
-1.549618
-3.038168
1.503817
-2.839695
-0.236641
-1.305344
6.015267
-4.549618
-0.389313
-1.679389
4.824428
-3.091603
0.824427
-0.175573
4.389313
-4.366412
-2.465649
2.435115
-1.511450
6.122138
-2.335878
-1.137405
0.977099
-5.351145
4.328244
1.908397
-6.152672
2.473282
1.725191
-1.221374
-5.183206
-1.916031
1.923664
2.030534
4.343512
3.061069
5.946565
2.343511
4.427481
0.030534
-1.832061
1.320611
6.137404
1.648855
2.908397
5.656488
-0.175573
1.328244
0.015267
-0.427481
-0.954198
0.290076
2.145038
2.648855
-2.267176
-0.503817
2.847328
0.824427
-0.534351
-1.198473
1.717557
0.587786
-2.977099
3.122137
-0.290076
-1.480916
-1.793893
2.839695
3.519084
-3.328244
8.824428
-5.633588
-0.229008
4.824428
-5.633588
4.305344
-1.160305
5.366412
-1.931298
-0.030534
3.259542
1.030534
-0.396947
-3.908397
2.595420
-2.610687
1.839695
-0.541985
0.122137
0.580153
1.854962
1.786260
-1.312977
0.687023
1.099237
-0.381679
0.641221
-5.343512
-0.381679
-5.748092
1.366412
-2.167939
-2.625954
-1.786260
0.488550
-3.687023
-5.381680
-2.335878
2.435115
-3.236641
2.427481
-1.129771
-4.083970
3.290076
-2.549618
-0.297710
-0.648855
-0.427481
1.625954
-1.992366
3.931298
0.396947
-0.824427
-5.786260
3.068702
-8.396947
8.259542
-7.206107
0.717557
1.396947
-5.152672
-6.183206
-8.389313
-2.374046
-4.908397
-9.221375
-8.511451
-4.618320
-3.427481
-2.625954
-5.083970
-1.885496
-6.404580
-8.114504
-5.480916
-5.480916
-4.374046
-3.816794
-5.106870
-2.290076
-4.167939
-5.229008
-7.725191
-5.412214
-6.068702
-5.572519
-6.374046
-7.465649
-6.312977
-5.893130
-1.862595
-5.038168
-9.351145
-6.145038
-5.770992
-1.763359
-7.893130
-5.061069
-3.801527
-6.412214
-2.961832
-4.412214
-9.961832
-6.312977
-4.885496
-6.404580
-5.595420
-4.335878
-7.923664
-7.984733
-4.305344
-4.106870
-2.793893
-5.496183
-6.374046
-7.969466
-5.305344
-2.664122
-2.809160
-3.770992
0.282443
-1.488550
-4.229008
-5.152672
-0.748092
-3.198473
-5.274809
-0.717557
2.267176
5.137404
1.458015
2.496183
-1.564885
0.625954
-0.419847
2.145038
2.366412
-1.511450
-0.557252
2.374046
-0.885496
-0.564885
3.114504
3.320611
-2.473282
1.870229
3.076336
-0.412214
-2.458015
3.007634
1.992366
-2.977099
1.893130
2.068702
-1.374046
-0.244275
-0.068702
-2.129771
-2.061069
0.290076
-1.167939
-0.748092
1.824427
1.290076
-0.045802
-6.961832
-1.473282
-2.557252
-2.038168
1.068702
-1.244275
-2.603053
2.488550
0.038168
0.694656
-0.465649
-3.068702
1.183206
0.870229
-0.305344
3.496183
4.763359
-0.213740
2.091603
0.519084
1.458015
0.839695
5.977099
1.145038
-3.442748
-2.045802
4.709924
0.206107
-0.396947
-1.435115
-4.015267
3.312977
0.595420
1.305344
0.793893
0.793893
-2.656489
-2.679389
2.961832
-0.259542
3.984733
-2.496183
-2.893130
-4.091603
-1.534351
-1.190840
-0.984733
0.801527
-2.564885
-0.564885
-1.770992
-0.893130
-0.442748
0.786260
1.816794
2.160305
-2.030534
1.847328
-1.419847
4.152672
-2.770992
-0.534351
-1.221374
-2.312977
-1.038168
3.045802
-0.183206
-3.221374
3.969466
-2.458015
3.656489
-0.473282
3.412214
5.366412
-4.000000
-5.404580
6.053435
2.442748
0.648855
4.877862
-2.480916
-3.618321
3.183206
3.992366
0.427481
-3.839695
-3.137405
3.274809
0.427481
1.374046
3.671756
-5.007634
0.809160
5.450382
4.916030
4.236641
3.580153
-1.114504
4.633588
1.587786
-0.610687
3.213740
3.519084
2.381679
4.946565
3.229008
2.435115
2.633588
0.412214
-0.175573
-1.198473
0.526718
2.603053
0.770992
4.717557
2.122137
-7.152672
-1.374046
1.595420
-3.229008
2.381679
7.183206
-5.610687
-2.251908
1.572519
0.793893
3.229008
-2.923664
1.175573
5.946565
-1.137405
4.870229
-3.511450
2.908397
0.633588
-3.274809
3.045802
-2.137405
0.351145
2.213740
0.053435
-4.312977
2.206107
-3.015267
2.992366
-0.465649
-0.938931
-0.198473
-1.061069
-3.114504
2.083969
-3.427481
-0.557252
-0.503817
-1.320611
-1.320611
2.709924
5.786260
0.763359
2.007634
1.862595
2.206107
2.778626
3.297710
4.923664
7.167939
5.992366
6.389313
4.442748
6.480916
9.328244
6.015267
6.183206
7.083970
8.473283
5.732824
5.076336
3.175573
6.183206
2.587786
2.083969
3.099237
3.358779
-0.282443
1.595420
-0.862595
-2.557252
-1.763359
-0.473282
-1.709924
-4.480916
-4.503817
-5.625954
-1.664122
-2.519084
-6.854962
-9.465649
-6.870229
-9.412213
-10.236641
-4.977099
-7.900764
-7.832061
-6.717557
-7.198473
-4.297710
-5.274809
-7.221374
-5.389313
-5.755725
-2.946565
-5.610687
-4.320611
-5.503817
-2.366412
-3.580153
-4.549618
-4.114504
-5.473282
-3.633588
-2.633588
-1.030534
-3.389313
-7.045802
-3.007634
-0.374046
3.358779
-1.702290
0.122137
0.435115
3.297710
1.763359
-2.694656
4.190840
2.992366
4.236641
2.732824
1.778626
3.458015
1.328244
4.267176
-1.076336
0.259542
-0.038168
-1.664122
-0.763359
2.198473
5.572519
1.389313
4.770992
3.076336
-0.366412
1.305344
3.328244
-0.427481
6.022901
4.938931
4.763359
3.618321
6.549618
1.022901
4.564886
1.541985
3.992366
7.045802
4.679389
4.519084
3.351145
-1.282443
-0.587786
1.000000
1.954198
3.534351
-0.862595
1.770992
-2.946565
-1.351145
4.427481
1.900763
2.740458
-3.656489
1.175573
-3.167939
1.450382
-0.091603
1.572519
-2.885496
-0.671756
0.648855
1.923664
2.977099
-1.351145
-0.396947
-0.068702
-1.137405
-0.748092
-3.396947
-4.832061
0.450382
-3.244275
-1.038168
1.335878
1.068702
-2.068702
0.900763
-1.343511
-3.854962
4.129771
-1.229008
-0.450382
1.908397
-0.717557
-0.068702
0.923664
-1.702290
-2.183206
2.129771
1.381679
2.045802
5.938931
6.603054
2.351145
4.351145
1.633588
5.648855
6.297710
6.007634
5.755725
7.648855
6.908397
8.748092
6.450382
8.213740
6.694656
6.435114
6.450382
2.503817
6.687023
6.167939
4.000000
4.969466
0.633588
-0.076336
7.152672
3.007634
2.038168
3.648855
0.969466
-0.274809
2.145038
-3.015267
0.167939
2.435115
2.335878
-0.801527
-0.824427
2.221374
-1.351145
0.183206
2.312977
3.007634
-0.541985
1.618321
-4.335878
-6.763359
1.916031
-1.068702
1.885496
0.534351
-6.618320
-2.496183
-1.160305
-5.938931
-2.160305
-3.083969
0.549618
-0.595420
-6.083970
-0.900763
-2.351145
-2.076336
-1.732824
-3.213740
-2.206107
-2.259542
-1.221374
-2.053435
-0.267176
0.320611
-0.519084
-5.488550
-3.931298
-1.908397
-4.122138
-3.374046
-4.030534
-0.549618
-3.603053
-3.740458
-3.045802
-2.435115
-1.702290
-2.977099
-2.702290
-3.488550
-3.022901
-7.244275
-3.580153
-6.702290
-2.541985
-2.274809
-3.251908
-3.893130
-8.305344
-3.236641
-4.076336
-4.557252
-3.175573
-4.885496
-4.496183
-2.122137
-2.297710
-1.328244
-2.916031
-4.000000
-2.045802
-1.809160
-3.610687
-2.801527
-5.450382
-2.167939
-5.938931
-3.664122
0.442748
-1.824427
-2.870229
-5.305344
-1.755725
-3.526718
-5.465649
-1.770992
-3.534351
-5.404580
-1.908397
-2.511450
-2.351145
-4.374046
-2.824427
1.435115
-5.114504
-3.717557
-0.610687
-1.083969
-3.801527
-2.564885
-0.106870
-3.404580
0.885496
0.908397
-4.030534
-2.923664
0.641221
-2.618321
-2.900763
-3.236641
0.381679
2.129771
1.305344
0.450382
-2.786260
4.702290
3.076336
3.000000
2.183206
1.045802
0.992366
4.572519
6.091603
7.099236
2.526718
7.877862
5.160306
7.015267
2.022901
6.687023
7.091603
5.312977
6.992366
3.587786
4.648855
3.465649
9.709924
1.267176
7.755725
12.381680
8.870229
8.977099
8.740458
9.992367
10.068703
2.786260
9.648855
9.603053
7.061069
7.351145
14.419847
9.618320
8.328244
8.862596
8.305344
7.641222
6.992366
11.213740
14.328244
11.854961
8.679389
5.603054
7.083970
8.671756
5.473282
5.648855
8.534351
6.251908
4.458015
4.938931
3.648855
2.740458
3.854962
3.938931
-1.106870
-2.870229
-1.465649
-1.931298
2.977099
-1.854962
-1.488550
0.641221
-3.152672
3.061069
0.664122
-6.396946
-5.946565
-1.557252
-2.641221
-2.656489
-5.732824
-5.938931
-6.557252
-5.801527
-5.961832
-7.229008
-5.770992
-6.251908
-5.595420
-5.885496
-9.809160
-6.709924
-8.381680
-7.992366
-7.190840
-6.824428
-5.671756
-8.900764
-7.900764
-9.725191
-2.664122
-7.442748
-7.419847
-9.648855
-5.358778
-5.641222
-6.984733
-7.801527
-5.496183
-6.816794
-10.625955
-4.290076
-11.091603
-4.717557
-7.068702
-13.312977
-8.786260
-10.007633
-4.183206
-11.152672
-14.427481
-1.274809
-18.381680
-4.610687
-14.938931
-6.244275
-12.183207
-9.374045
-7.587786
-5.809160
-7.595420
-7.526718
-9.847328
-7.412214
-7.526718
-4.290076
-6.183206
-3.145038
-7.206107
-6.030534
-8.190840
-0.519084
-5.053435
-8.541985
-4.488550
-5.381680
-6.496183
-5.740458
-11.870229
-2.427481
-9.778625
1.000000
-5.022901
2.709924
-11.152672
-3.061069
-4.717557
0.000000
-4.664122
1.412214
-0.053435
0.122137
-3.969466
-2.167939
-1.916031
-3.190840
-4.541985
-5.160306
-7.175572
-6.137404
3.557252
-2.122137
-3.969466
-4.267176
-3.770992
-4.465649
-2.572519
-1.671756
1.992366
0.503817
0.740458
1.877863
-1.419847
-2.229008
-3.015267
-0.786260
5.229008
2.259542
3.015267
-3.343511
0.358779
-2.709924
-3.534351
2.465649
2.885496
-0.603053
-1.068702
-1.480916
-2.038168
-0.244275
1.694656
5.229008
4.702290
1.335878
-4.961832
1.435115
1.534351
0.076336
1.213740
-1.206107
2.458015
0.465649
-3.427481
4.015267
-1.763359
6.641222
0.519084
3.923664
1.587786
-5.587786
-0.755725
-5.839694
1.809160
-2.984733
-3.923664
0.816794
-3.015267
-5.488550
-0.435115
-2.923664
7.221374
-2.671756
1.419847
0.969466
-3.221374
0.740458
-0.923664
1.519084
-4.343512
-0.610687
-3.503817
2.030534
0.160305
0.412214
2.374046
-2.022901
-1.213740
2.320611
-6.343512
-2.213740
0.282443
1.908397
3.648855
6.496183
0.480916
-2.671756
-1.778626
-4.007634
0.312977
0.221374
1.854962
1.122137
-2.221374
4.007634
-1.900763
1.259542
-0.603053
-1.236641
-3.709924
-0.564885
-0.954198
-3.053435
4.106870
0.083969
0.770992
5.259542
-3.290076
-0.916031
5.061069
2.305344
0.877863
3.190840
1.190840
-1.038168
-2.625954
1.641221
-1.854962
2.541985
3.152672
1.435115
0.099237
-0.885496
6.923664
-5.442748
-0.511450
0.786260
2.435115
5.305344
4.183206
5.366412
-3.106870
-1.534351
3.763359
5.351145
1.534351
0.190840
5.969466
6.549618
3.938931
8.305344
5.679389
9.755725
4.511450
7.213740
9.931297
7.740458
11.114504
11.572519
8.404580
11.931297
8.305344
10.122137
11.694656
14.725191
9.038168
4.809160
12.488549
13.778625
14.351145
12.328244
6.534351
7.389313
6.770992
11.129771
7.900764
7.045802
7.778626
8.129771
11.106871
11.473283
11.022901
8.244275
13.862596
8.389313
7.091603
8.664123
12.015267
8.152672
9.450381
6.129771
8.671756
11.061069
8.587787
9.908397
8.549619
10.480916
11.916031
9.305344
7.969466
14.244275
13.206107
7.954198
10.000000
10.114504
13.916031
5.664122
10.511451
5.954198
16.000000
4.702290
6.053435
15.015267
4.770992
13.335877
5.335878
15.656488
4.045802
14.297709
7.038168
14.549619
12.404580
7.343512
18.358778
3.435115
15.389313
6.641222
13.083969
12.282443
7.969466
15.511451
2.900763
15.778625
5.534351
13.007633
13.832061
8.885496
15.847328
7.061069
13.305344
4.450382
15.358779
5.618320
14.167939
9.992367
9.717557
9.702291
4.847328
11.328244
2.251908
6.541985
13.389313
12.145039
6.900764
13.534351
9.977099
9.030535
8.229008
7.877862
11.190840
9.870229
13.183207
10.389313
9.053435
10.175572
10.114504
12.549619
9.946565
9.450381
12.099236
10.465649
11.419847
7.076336
9.671756
12.587787
12.938931
9.511451
6.152672
8.580153
8.694656
13.122137
11.854961
10.000000
9.152672
10.152672
8.816793
8.381680
13.374045
10.053435
16.053434
8.053435
13.312977
14.251908
8.458015
8.694656
12.679389
15.290076
11.824428
11.809160
7.748092
7.633588
10.282443
16.007633
8.152672
13.137404
11.770992
6.366412
8.129771
10.740458
9.267176
13.114504
8.839695
11.351145
12.045801
12.061069
8.687023
12.458015
9.961832
7.030534
11.297709
9.793893
9.152672
12.916031
12.374045
8.900764
13.480916
10.725191
13.770992
12.664123
11.725191
7.618320
13.206107
11.908397
13.603053
12.946565
8.648855
14.259542
11.022901
6.557252
10.625955
12.015267
13.190840
14.740458
9.160305
9.908397
12.427481
11.534351
6.473282
7.809160
10.175572
11.160305
9.099236
6.938931
7.656488
11.206107
5.137404
9.580153
8.496183
5.519084
10.022901
12.648855
15.145039
9.572519
12.320611
6.893130
10.267176
4.038168
5.709924
7.053435
5.923664
4.389313
8.870229
6.389313
5.129771
4.755725
6.480916
-0.641221
-0.801527
4.503817
-0.786260
-0.603053
-3.076336
-3.809160
-5.320611
-9.290076
-5.221374
-4.488550
-6.251908
-6.427481
-11.824428
-8.083969
-8.717557
-8.419847
-6.862596
-8.099236
-10.641221
-9.908397
-9.137404
-11.541985
-2.099237
-7.717557
-9.091603
-7.679389
-4.946565
-7.870229
-6.427481
-8.938931
-6.076336
-9.106871
-10.488549
-6.427481
-6.648855
-9.839695
-11.694656
-7.427481
-8.625955
-6.549618
-9.213740
-7.297710
-10.938931
-6.587786
-7.580153
-5.603054
-8.076336
-9.870229
-8.938931
-9.603053
-9.328244
-6.503817
-11.114504
-6.908397
-8.297709
-10.229008
-7.015267
-13.503817
-12.335877
-10.404580
-10.251908
-7.099236
-8.755725
-8.725191
-10.267176
-6.412214
-11.374045
-9.572519
-7.274809
-11.000000
-9.030535
-11.015267
-5.419847
-9.351145
-7.786260
-7.816794
-5.809160
-8.603053
-5.725191
-5.969466
-9.198473
-8.114504
-8.007633
-9.717557
-9.801527
-9.541985
-11.267176
-6.732824
-12.534351
-8.587787
-8.633588
-5.404580
-12.526717
-6.496183
-6.496183
-7.755725
-6.000000
-12.557252
-11.694656
-12.618320
-7.885496
-8.687023
-7.717557
-7.152672
-7.748092
-9.793893
-6.206107
-6.916030
-10.320611
-6.809160
-11.839695
-10.282443
-10.816793
-10.229008
-7.488550
-9.183207
-8.015267
-10.664123
-11.549619
-7.015267
-6.732824
-13.396947
-9.099236
-12.244275
-8.755725
-8.938931
-4.725191
-3.931298
-13.702291
-6.122138
-9.198473
-9.290076
-10.671756
-9.748092
-7.137404
-8.427481
-14.175572
-4.129771
-6.213740
-10.580153
-6.114504
-10.641221
-10.381680
-9.694656
-12.022901
-8.427481
-11.595420
-9.160305
-10.190840
-2.595420
-11.664123
-8.396947
-9.908397
-4.534351
-4.106870
-3.160305
-9.969465
-7.450382
-5.297710
-2.290076
0.694656
-7.946565
-1.351145
-4.984733
-3.458015
0.167939
-7.381680
-5.671756
1.465649
0.229008
-1.007634
-10.786260
-3.740458
-3.648855
0.015267
0.274809
-1.503817
-0.992366
-9.984733
0.770992
-4.709924
-1.770992
-2.526718
-1.328244
-3.580153
4.832061
-3.099237
-7.748092
2.694656
-2.725191
1.389313
-1.152672
-0.778626
0.091603
-0.335878
-0.343511
-1.694656
0.175573
-2.137405
-2.633588
-3.931298
-2.145038
2.564885
1.458015
-1.793893
0.580153
-0.816794
0.984733
-0.328244
-0.717557
0.381679
0.206107
3.870229
-3.580153
6.297710
3.488550
-1.450382
1.106870
-0.175573
0.290076
-0.625954
2.335878
2.641221
3.641221
1.198473
0.015267
2.190840
1.702290
0.717557
-0.328244
-1.450382
-1.557252
-0.473282
-4.534351
0.938931
-2.198473
-0.076336
-0.122137
1.351145
4.183206
-1.213740
-0.160305
3.916031
-3.030534
1.045802
2.053435
-3.625954
-0.267176
-1.007634
-1.534351
-0.244275
-1.267176
-0.030534
-3.977099
-2.030534
-0.992366
-0.496183
-2.526718
0.091603
3.442748
1.732824
0.251908
2.793893
-0.450382
1.244275
-1.557252
1.732824
1.038168
4.114504
-0.610687
-0.305344
1.603053
2.763359
-0.328244
1.893130
-1.732824
2.320611
7.412214
0.671756
1.893130
-1.221374
-2.480916
-0.816794
0.694656
4.404580
-2.801527
2.656489
-2.847328
1.167939
0.954198
-0.114504
4.534351
-1.511450
1.961832
5.801527
0.740458
2.114504
-0.893130
-0.908397
0.916031
-0.183206
2.167939
-2.824427
0.312977
-2.335878
-0.641221
0.511450
2.938931
1.656489
1.038168
-0.419847
2.519084
0.145038
2.229008
2.244275
4.702290
2.954198
0.679389
2.106870
3.259542
-3.312977
3.076336
-0.770992
1.091603
1.290076
-2.610687
0.137405
-2.465649
-1.419847
-0.992366
-3.183206
1.015267
5.610687
3.816794
2.793893
-0.977099
0.534351
1.091603
0.679389
0.000000
5.068702
-2.068702
4.419847
-2.923664
2.755725
-1.114504
-4.206107
0.893130
3.427481
-1.274809
0.374046
0.213740
-2.656489
1.274809
2.648855
-0.984733
-1.251908
-1.114504
-2.236641
-5.541985
1.007634
-1.320611
-1.122137
3.427481
-4.244275
1.076336
1.526718
1.259542
2.435115
3.137405
1.740458
2.534351
-0.251908
2.099237
5.145038
0.335878
-2.053435
-2.832061
0.984733
0.717557
-2.824427
6.381680
-2.610687
1.068702
-0.312977
-1.900763
-0.015267
2.167939
2.832061
0.572519
-1.290076
2.374046
-0.068702
3.931298
0.030534
0.022901
-2.541985
0.641221
-0.450382
6.954198
-3.793893
6.038168
-4.114504
-0.679389
3.877863
0.091603
-0.061069
1.236641
-1.511450
1.603053
-0.251908
-1.877863
-0.931298
-1.549618
1.206107
0.450382
2.809160
-2.824427
2.091603
-0.297710
2.885496
3.442748
-0.702290
-0.374046
-2.519084
-1.190840
3.977099
-1.893130
1.885496
3.854962
2.946565
-1.160305
1.473282
-0.206107
-0.083969
0.374046
2.099237
-4.152672
0.633588
-0.900763
-2.473282
-0.877863
-0.725191
0.320611
2.702290
-4.083970
0.694656
-2.167939
5.045802
-3.442748
1.381679
-0.610687
3.366412
2.129771
3.122137
-2.671756
4.045802
4.114504
-2.015267
0.061069
-0.656489
0.832061
1.221374
0.335878
-0.404580
1.809160
-0.549618
-4.503817
-1.832061
-1.748092
-3.419847
2.053435
1.870229
0.534351
-3.068702
-4.419847
-4.221374
3.839695
-0.587786
0.412214
-3.328244
4.190840
-3.511450
4.122138
3.801527
-1.824427
4.709924
1.519084
2.175573
-2.938931
4.549618
1.748092
4.885496
-6.541985
-3.511450
1.748092
4.183206
-1.343511
-2.152672
3.045802
1.114504
4.610687
0.946565
-1.480916
-4.190840
-3.572519
2.175573
-0.435115
0.068702
1.106870
-2.328244
3.061069
-1.847328
4.748092
-5.145038
1.618321
-0.152672
-0.458015
1.786260
0.312977
-6.122138
0.282443
-4.251908
1.145038
-2.748092
5.290076
-2.587786
-1.557252
0.763359
-9.419847
8.832061
-6.595420
2.702290
1.122137
6.824428
-3.832061
1.091603
2.160305
-0.740458
5.068702
-5.145038
6.335878
-2.694656
3.022901
5.641222
0.114504
4.847328
-0.541985
-3.007634
5.389313
-3.374046
3.396947
-10.221375
-2.480916
3.190840
-5.748092
-2.236641
0.022901
-3.847328
-5.503817
-5.167939
0.213740
-0.511450
4.274809
-6.557252
1.183206
-3.374046
0.030534
5.488550
4.732824
3.679389
-2.984733
-5.664122
-4.343512
3.007634
2.022901
2.885496
-2.740458
-2.954198
1.633588
1.580153
-0.488550
1.862595
-2.839695
-4.061069
1.083969
-5.732824
-2.854962
-1.877863
-9.664123
-2.679389
1.610687
-4.015267
-0.755725
-1.267176
-1.648855
4.259542
-3.335878
-2.061069
2.244275
-3.412214
-2.832061
0.305344
1.305344
5.664122
-1.503817
-1.862595
-1.366412
3.862595
-3.603053
0.328244
4.992366
-0.488550
4.740458
1.404580
-0.870229
5.015267
5.687023
2.175573
7.580153
4.358778
-2.984733
2.885496
-1.183206
5.381680
0.511450
0.305344
4.778626
4.137404
2.381679
1.732824
3.526718
-1.015267
2.305344
2.076336
10.778625
3.229008
3.832061
2.572519
4.099236
1.511450
3.977099
7.328244
2.312977
-3.145038
6.832061
1.419847
-0.656489
7.778626
4.282443
0.419847
-0.435115
-1.022901
3.259542
4.152672
-3.931298
3.160305
1.366412
4.519084
1.404580
0.893130
4.190840
-1.679389
2.541985
3.694656
2.900763
0.473282
-5.435114
-4.671756
-4.671756
-1.572519
-2.839695
-3.244275
0.083969
-3.648855
-1.129771
-3.656489
-3.442748
0.717557
4.786260
3.076336
1.152672
0.465649
-0.152672
-2.916031
1.167939
-1.572519
-1.458015
-5.106870
-5.931298
3.221374
-6.832061
-1.419847
-0.083969
-0.648855
1.435115
-4.175572
0.832061
-1.687023
0.229008
2.190840
-5.938931
1.877863
-2.458015
1.633588
-2.221374
-2.870229
1.541985
0.534351
0.091603
-0.427481
1.938931
2.083969
-4.519084
-10.503817
3.083969
3.465649
-9.618320
-1.145038
10.832061
-8.847328
-1.625954
5.305344
-7.488550
-3.618321
-5.389313
2.450382
1.809160
-4.763359
-9.030535
0.335878
3.106870
-5.893130
-3.603053
1.610687
-5.007634
-7.900764
-6.480916
1.671756
6.969466
2.412214
-2.564885
2.603053
-2.931298
-0.099237
5.931298
-0.633588
-4.038168
0.129771
5.877862
1.358779
-7.992366
-2.160305
4.404580
-2.564885
3.129771
-2.755725
-5.053435
-0.595420
7.870229
0.755725
-3.709924
-0.053435
2.908397
-0.954198
-8.213740
-1.839695
7.824428
2.740458
-2.259542
-2.335878
6.870229
1.534351
-5.450382
2.320611
4.343512
-0.534351
2.832061
-1.183206
-2.465649
2.618321
-2.526718
-2.908397
0.946565
-2.015267
0.595420
0.412214
-0.671756
-4.603054
-1.473282
2.786260
2.786260
0.534351
6.404580
-1.519084
2.435115
-1.755725
3.656489
2.259542
-2.839695
-0.740458
0.496183
-1.236641
-1.641221
2.961832
0.557252
4.320611
0.175573
0.244275
-4.969466
0.068702
-2.419847
-4.587786
2.259542
1.198473
-1.694656
-3.793893
-2.641221
0.244275
0.358779
-0.435115
-0.473282
-3.152672
0.396947
2.053435
0.755725
-4.610687
6.618320
2.175573
-2.465649
-1.267176
-0.015267
-1.549618
-1.839695
2.786260
-2.381679
3.717557
-1.015267
2.099237
-0.908397
-1.305344
-4.503817
-0.519084
0.396947
-0.244275
-1.923664
-1.862595
-4.977099
1.564885
4.770992
-1.877863
3.160305
1.129771
-0.503817
-0.251908
2.931298
3.740458
0.816794
-2.618321
-0.793893
-0.587786
-1.259542
-2.610687
-4.610687
-0.801527
-3.526718
-1.847328
-2.412214
-0.335878
1.007634
-0.022901
1.183206
2.175573
1.419847
1.961832
2.335878
2.832061
1.236641
0.251908
2.183206
-0.297710
-1.671756
0.412214
-1.923664
1.671756
4.282443
-0.839695
0.038168
4.946565
2.236641
10.732824
2.114504
3.816794
4.641222
5.030534
7.916030
1.885496
5.969466
0.786260
6.389313
0.564885
6.114504
8.167939
0.778626
3.832061
5.305344
3.152672
-0.053435
4.114504
0.213740
5.045802
4.358778
1.519084
7.664122
3.931298
-3.564885
5.656488
2.541985
0.083969
5.488550
2.458015
-7.328244
6.977099
-4.389313
1.122137
-0.076336
3.923664
-2.931298
-2.381679
4.587786
2.206107
6.297710
1.633588
3.992366
-2.862595
-4.671756
4.931298
4.099236
0.748092
0.030534
2.267176
3.587786
-4.297710
1.450382
5.755725
-1.679389
-1.832061
-3.015267
-0.160305
0.564885
-3.122137
-0.519084
-0.587786
0.007634
-8.656488
4.114504
0.152672
3.511450
-3.022901
4.152672
-2.427481
2.664122
-4.320611
-0.473282
-1.129771
-1.961832
-2.877863
-6.091603
-0.603053
-9.412213
-0.022901
-5.335878
-0.175573
2.526718
-6.633588
-0.160305
-7.717557
-3.022901
-5.862596
-1.442748
-1.595420
-6.610687
4.450382
-12.259542
4.099236
-5.870229
-5.236641
-0.320611
0.167939
2.526718
5.633588
1.954198
-5.183206
-1.145038
-1.572519
-2.870229
-5.854962
-1.587786
-2.954198
-1.534351
-6.251908
-1.351145
2.847328
-2.244275
8.244275
-5.671756
4.908397
-5.496183
1.145038
-10.083969
-0.221374
-3.679389
1.656489
-1.648855
-4.977099
1.473282
-0.549618
-2.259542
4.847328
-4.687023
-0.519084
4.824428
-3.473282
5.061069
-0.786260
7.106870
-3.465649
-0.435115
1.206107
-2.038168
-1.908397
3.809160
-1.984733
9.687023
-2.061069
2.625954
-4.083970
6.946565
-0.549618
2.251908
0.679389
1.221374
0.183206
4.106870
-0.007634
0.503817
4.931298
0.152672
3.145038
-2.015267
8.198473
2.435115
3.595420
-0.717557
4.419847
2.961832
5.053435
-0.473282
0.244275
2.587786
3.122137
-1.763359
1.503817
0.870229
-0.603053
2.977099
1.854962
-4.488550
5.900764
-3.206107
8.091603
-1.931298
-2.083969
1.022901
1.595420
2.656489
-0.977099
-3.015267
1.564885
2.328244
-0.152672
1.083969
-0.885496
0.824427
-1.519084
-0.641221
-1.129771
-0.496183
1.603053
-2.244275
1.114504
-0.977099
3.022901
0.679389
3.122137
-2.396947
-7.488550
-2.717557
-2.801527
-1.305344
1.305344
-2.847328
0.740458
-3.083969
1.832061
-4.297710
-2.832061
0.458015
0.862595
-3.854962
-1.671756
3.595420
-5.389313
-1.290076
-3.824427
-2.061069
1.137405
-3.717557
-4.038168
0.885496
-1.167939
2.198473
-2.885496
0.175573
3.297710
-1.366412
-3.824427
-1.885496
2.038168
1.190840
-1.221374
-2.389313
-0.419847
-1.091603
-0.648855
-4.267176
0.312977
-5.053435
-1.969466
5.099236
-2.885496
-2.366412
2.312977
-1.061069
0.068702
-1.687023
-5.305344
2.053435
2.374046
-1.618321
-5.625954
-1.893130
-4.961832
0.496183
-1.053435
-2.061069
2.404580
-1.442748
-0.549618
0.259542
-0.419847
-0.709924
-1.145038
-0.755725
-1.076336
-3.740458
-0.503817
1.465649
-5.541985
3.480916
-3.381679
0.175573
-2.175573
1.022901
-4.580153
-4.244275
3.824427
-1.801527
-0.641221
-2.160305
-4.213740
-3.671756
-2.977099
-2.931298
-0.763359
-1.458015
-0.526718
-3.106870
1.458015
-0.030534
-1.503817
0.900763
-3.786260
5.946565
-2.167939
-2.801527
2.435115
0.778626
2.045802
-4.755725
0.022901
2.725191
-1.129771
-4.122138
-1.641221
-1.267176
-0.374046
1.419847
2.183206
-4.229008
0.709924
-1.328244
-4.511450
3.320611
-3.625954
-0.267176
-3.328244
-0.038168
-1.618321
-0.740458
-1.221374
1.801527
-4.664122
1.198473
6.320611
-2.648855
0.465649
3.519084
-1.763359
0.709924
3.908397
-2.030534
1.007634
1.687023
0.824427
1.106870
4.297710
-1.564885
-3.877863
-0.068702
-0.435115
-3.732824
0.656489
-2.274809
-1.641221
-1.564885
-0.839695
0.824427
2.183206
-2.221374
2.038168
-7.297710
-0.603053
-2.618321
-0.343511
-0.908397
-4.000000
-0.687023
1.152672
0.427481
-0.603053
-0.442748
-3.854962
-0.984733
1.091603
1.916031
6.633588
-3.213740
1.641221
-2.564885
2.290076
4.045802
4.893130
5.068702
6.259542
-3.122137
8.229008
-4.137404
5.267176
-5.396946
0.580153
6.694656
-0.557252
1.381679
-6.839694
0.503817
0.587786
-6.763359
-0.381679
-1.229008
3.251908
-1.007634
5.633588
5.480916
-0.694656
3.687023
0.061069
5.343512
1.175573
-7.732824
-3.786260
1.671756
6.106870
-1.015267
-1.725191
6.549618
-2.419847
-3.458015
6.984733
1.893130
4.595420
-1.755725
3.427481
0.198473
-1.114504
3.282443
6.694656
0.282443
3.389313
-2.809160
2.977099
2.717557
0.251908
-0.809160
-0.282443
-0.923664
2.694656
1.488550
1.900763
-4.847328
0.526718
2.427481
6.473282
4.183206
0.786260
3.717557
-0.404580
-2.702290
0.343511
3.961832
1.801527
1.519084
-3.175573
-1.160305
-4.793893
-2.893130
1.938931
5.435114
1.137405
-0.076336
3.099237
-6.435114
-3.961832
-1.679389
-7.687023
-1.465649
-1.145038
1.206107
3.870229
5.862596
2.007634
3.053435
2.145038
0.709924
1.435115
6.839694
1.526718
1.648855
-2.519084
-2.702290
2.870229
3.381679
2.244275
3.587786
6.908397
-0.709924
2.931298
0.221374
4.503817
-0.213740
1.129771
1.206107
-1.427481
1.511450
-4.114504
4.404580
-5.610687
3.030534
1.473282
-0.832061
0.389313
-0.786260
3.977099
-0.656489
2.671756
0.595420
2.129771
-0.549618
2.885496
2.389313
0.236641
0.618321
7.053435
3.274809
3.717557
-0.832061
7.580153
0.854962
8.099236
1.343511
3.954198
3.603053
10.396947
3.923664
6.290076
2.854962
-0.076336
6.412214
1.938931
-0.160305
7.274809
-0.137405
5.511450
-1.488550
4.335878
5.068702
2.832061
3.068702
1.824427
4.824428
-3.900763
4.404580
0.824427
3.396947
2.595420
0.068702
3.519084
-3.465649
5.717557
4.137404
5.877862
2.396947
0.961832
6.183206
-2.160305
2.877863
-0.679389
4.282443
1.503817
1.114504
2.870229
-1.870229
3.343511
-3.717557
-3.137405
4.786260
-0.564885
2.244275
-0.526718
5.335878
-4.412214
4.038168
-1.183206
2.519084
5.648855
-3.656489
2.580153
-5.832061
0.427481
-0.122137
1.297710
4.312977
3.000000
1.381679
-4.152672
0.374046
-0.755725
1.862595
5.870229
-1.908397
0.633588
-1.083969
4.473282
0.503817
-1.687023
-0.145038
-6.290076
-0.175573
-2.961832
-5.229008
-1.549618
-3.305344
-5.839694
-2.656489
-1.328244
-3.977099
3.244275
-4.412214
1.648855
-7.900764
5.961832
-4.068702
2.587786
3.961832
-4.458015
-1.656489
-3.862595
2.122137
-2.526718
-2.786260
3.343511
0.045802
-6.053435
-3.068702
-1.183206
0.480916
-0.809160
1.412214
-1.946565
-1.801527
0.702290
1.587786
2.648855
-0.832061
2.748092
0.755725
0.702290
-1.305344
-1.251908
0.343511
-0.946565
0.671756
-2.908397
-1.389313
1.122137
-0.282443
-3.679389
-3.610687
-2.854962
-0.282443
-0.931298
-1.648855
-0.274809
-3.839695
2.977099
-2.480916
1.328244
4.687023
-2.519084
-4.320611
0.557252
0.129771
-5.343512
5.496183
2.236641
-0.496183
-0.236641
2.343511
4.534351
0.343511
-0.236641
-1.068702
-0.908397
2.160305
2.839695
-0.961832
0.221374
1.183206
2.786260
1.312977
-5.320611
-2.381679
-1.709924
-2.343511
-4.496183
-1.480916
-1.335878
1.740458
2.610687
-1.717557
-6.030534
1.725191
3.984733
-2.488550
-2.923664
-0.770992
2.702290
-2.320611
6.709924
2.160305
0.648855
4.801527
1.076336
-0.603053
-1.618321
0.374046
2.702290
-2.694656
2.580153
3.229008
-3.267176
0.923664
3.236641
1.229008
-0.297710
-1.534351
1.778626
-0.076336
4.786260
-3.832061
3.053435
2.000000
1.106870
2.503817
-0.625954
5.725191
-0.954198
-1.977099
3.938931
-2.381679
3.488550
2.870229
9.106871
4.198473
8.083969
5.038168
5.610687
5.900764
4.488550
7.389313
6.045802
2.488550
6.137404
7.190840
7.496183
6.213740
6.045802
5.954198
7.404580
5.984733
4.083970
7.190840
8.038168
7.145038
10.610687
6.030534
5.442748
9.603053
4.175572
8.541985
4.854962
8.763359
6.702290
2.923664
8.839695
1.374046
13.343512
-0.244275
9.488549
-1.160305
4.977099
1.099237
10.175572
3.961832
5.312977
4.259542
-0.229008
6.061069
0.442748
5.748092
2.748092
5.015267
5.106870
2.633588
3.549618
1.824427
2.656489
6.870229
1.038168
3.251908
-6.580153
-1.496183
2.351145
2.709924
5.549618
4.030534
0.923664
2.793893
6.083970
3.778626
2.587786
-2.251908
-3.305344
-0.267176
0.267176
-1.725191
-3.183206
-1.435115
0.404580
1.312977
-2.519084
-2.175573
0.732824
1.488550
-2.740458
3.152672
-5.511450
4.694656
-2.763359
0.656489
3.595420
-3.900763
2.167939
-0.709924
-5.610687
0.534351
0.305344
-4.732824
2.213740
-1.916031
-2.236641
3.419847
-4.908397
2.206107
1.702290
-1.038168
-3.374046
4.664122
1.832061
-2.740458
1.610687
1.412214
-3.015267
1.412214
4.793893
-2.862595
-0.343511
-0.572519
-3.106870
-0.748092
1.007634
1.458015
-4.717557
-1.175573
2.152672
1.175573
0.488550
0.809160
1.152672
0.618321
5.435114
0.564885
6.145038
0.503817
5.618320
-0.343511
1.526718
-2.832061
-2.061069
0.511450
-2.946565
0.633588
0.801527
1.458015
-6.412214
2.419847
2.824427
-4.702290
2.587786
-4.748092
0.809160
0.961832
-5.061069
1.396947
-3.694656
2.122137
-0.778626
-0.877863
2.374046
1.312977
0.687023
-1.526718
3.000000
1.343511
3.984733
2.954198
0.274809
-0.061069
3.702290
-3.206107
2.549618
1.251908
2.328244
4.702290
5.809160
1.961832
3.038168
-0.068702
2.038168
3.931298
-1.045802
3.343511
0.137405
4.267176
-3.916031
0.694656
-3.206107
2.778626
0.816794
-1.839695
1.664122
-3.099237
0.221374
1.534351
4.885496
-2.091603
8.854961
-4.839694
6.793893
-1.587786
5.076336
-0.236641
2.389313
-3.740458
0.312977
8.045801
5.160306
-0.229008
7.702290
-4.412214
7.267176
5.419847
1.435115
6.435114
3.442748
3.496183
4.717557
1.480916
2.694656
6.541985
-0.854962
9.755725
0.343511
6.152672
5.992366
-2.862595
7.832061
-0.564885
8.496183
2.839695
2.106870
0.480916
1.908397
2.854962
6.374046
1.587786
3.625954
5.007634
7.351145
-0.839695
0.778626
0.778626
-0.488550
-3.198473
2.053435
-0.412214
8.274809
-2.725191
6.923664
1.664122
7.045802
2.404580
-1.038168
5.984733
-0.877863
-0.389313
1.374046
1.083969
-0.389313
4.557252
-0.145038
3.946565
2.351145
0.984733
4.770992
-3.404580
1.221374
-0.076336
3.091603
-0.809160
1.679389
3.412214
1.572519
0.870229
-0.106870
3.702290
-0.412214
-2.335878
0.045802
-2.900763
-1.091603
-2.328244
-0.954198
-2.076336
-4.755725
-3.656489
-0.358779
1.480916
-3.015267
-5.809160
-2.671756
-2.969466
-1.244275
-8.206107
-0.984733
-4.244275
2.587786
0.763359
-1.603053
-6.916030
-3.396947
-2.740458
0.068702
3.824427
-3.809160
-2.587786
-1.404580
-6.816794
0.656489
2.664122
3.923664
-0.374046
-3.770992
-3.427481
-5.908397
-4.022901
2.259542
-6.167939
-5.000000
-3.251908
-0.465649
1.503817
-0.236641
-6.954198
0.877863
-3.312977
0.083969
-1.236641
1.992366
-3.091603
-4.847328
-2.954198
4.992366
2.671756
-3.625954
-1.793893
1.480916
-3.900763
-9.274809
-4.290076
-5.251908
-0.854962
-2.038168
-6.702290
0.824427
-5.389313
-6.480916
1.496183
-0.824427
-1.870229
-3.854962
-7.068702
-1.595420
2.129771
-1.045802
-1.213740
-5.496183
6.778626
-2.908397
-0.366412
-9.625955
-6.122138
1.977099
-1.496183
-1.244275
-0.679389
-7.442748
-5.106870
-3.748092
-1.007634
-2.732824
-2.091603
-4.473282
-4.832061
-1.114504
-6.709924
-1.458015
-4.122138
-5.114504
-3.687023
-7.854962
-4.847328
-8.473283
-7.503817
-6.259542
-7.160306
-2.732824
-6.793893
-4.877862
-2.946565
-8.603053
-8.648855
-5.221374
-6.381680
-7.152672
-8.190840
-1.603053
-1.488550
-9.007633
-8.908397
-7.229008
-7.587786
-7.755725
-7.687023
-6.053435
-9.167939
-6.526718
-10.190840
-6.648855
-8.007633
-4.709924
-9.183207
-6.045802
-6.129771
-8.732824
-4.351145
-3.679389
-6.687023
-6.419847
-10.809160
-6.412214
-3.870229
-9.610687
-7.656488
-3.244275
-4.954198
-4.160306
-5.320611
-1.541985
-8.648855
-8.152672
-4.213740
-10.404580
-6.625954
-6.580153
0.519084
-2.229008
-2.854962
-3.938931
-5.610687
-1.709924
-3.984733
-6.297710
-6.725191
-2.267176
-5.297710
-2.938931
-2.282443
-3.106870
-4.236641
-1.282443
-1.312977
-8.320611
-1.671756
1.534351
-2.221374
-1.854962
-5.709924
-1.572519
-2.374046
-5.190840
1.541985
-4.778626
-3.167939
-5.122138
2.335878
-2.603053
-1.519084
-1.496183
-7.946565
-3.717557
-4.702290
-1.931298
1.847328
0.404580
1.259542
-0.969466
2.801527
-1.984733
-5.152672
1.473282
3.541985
-1.389313
-4.053435
0.511450
4.290076
0.106870
-2.122137
1.412214
-1.496183
-0.557252
5.801527
-2.893130
-4.206107
-0.244275
-4.206107
5.038168
-6.572519
2.801527
-0.816794
-0.534351
-4.900764
1.656489
1.893130
-0.374046
1.549618
-1.648855
-0.480916
-0.137405
-0.244275
0.610687
-4.000000
-2.595420
2.000000
-0.312977
-1.702290
4.824428
-4.961832
-1.847328
3.778626
-3.893130
2.435115
-4.801527
5.480916
0.954198
0.000000
1.427481
-3.839695
3.320611
2.725191
-2.427481
3.603053
-3.022901
4.061069
-2.931298
-6.549618
0.748092
-1.824427
3.862595
-1.847328
-7.893130
1.809160
4.564886
-6.236641
-5.473282
3.282443
-15.648855
5.320611
-8.557252
-6.099236
1.030534
-13.053435
1.748092
-4.221374
-7.946565
-0.916031
-1.450382
-4.473282
-8.381680
-7.290076
-7.870229
-4.954198
-8.129771
-8.335877
-8.297709
-5.259542
-6.931298
-2.312977
-6.358778
-7.206107
-8.732824
-8.496183
-2.984733
-8.038168
-9.076336
-4.580153
-7.022901
-5.793893
-4.916030
-8.083969
-6.160306
-6.305344
-8.557252
-8.343512
-7.351145
-7.984733
-1.801527
-7.992366
-8.687023
-2.862595
-7.328244
-5.557252
-2.908397
-7.709924
-8.519084
-4.946565
-4.519084
-4.290076
-7.717557
-5.473282
-8.534351
-3.091603
-6.679389
-5.961832
-7.984733
-5.557252
-7.129771
-6.977099
-8.343512
-5.893130
-6.496183
-5.106870
-9.748092
-6.465649
-7.015267
-4.694656
-7.450382
-6.648855
-0.916031
-5.274809
-8.465649
-5.030534
-4.122138
-2.862595
-4.213740
-2.129771
-3.595420
-2.396947
-3.977099
-3.549618
-3.022901
-1.152672
-2.114504
-2.931298
-2.282443
3.221374
-1.045802
-3.893130
0.007634
-0.717557
-7.106870
-0.534351
-2.587786
-2.648855
2.351145
2.053435
1.000000
0.183206
-0.480916
-0.190840
0.557252
2.709924
3.030534
3.458015
4.274809
1.503817
0.183206
0.587786
1.526718
1.076336
3.328244
-0.664122
0.358779
0.587786
1.122137
0.404580
-0.480916
0.671756
2.175573
-1.740458
4.221374
-1.977099
-2.854962
-0.847328
3.236641
4.488550
-2.732824
-6.786260
1.824427
0.229008
-3.503817
1.977099
5.916030
-6.923664
-3.335878
3.206107
2.366412
0.229008
-3.404580
-0.442748
-5.969466
3.213740
-9.656488
4.534351
-3.702290
4.725191
-2.633588
4.389313
-0.404580
-2.893130
1.664122
-4.671756
3.305344
-1.618321
1.809160
0.595420
0.603053
-2.809160
5.251908
4.763359
3.992366
2.709924
1.045802
4.396946
-2.687023
6.015267
-4.885496
2.465649
1.931298
1.038168
3.335878
1.229008
0.687023
1.450382
-1.603053
3.206107
2.870229
3.900763
6.847328
0.961832
4.557252
3.839695
-2.198473
-0.366412
3.511450
-1.221374
-1.328244
0.244275
3.473282
2.725191
0.679389
2.534351
0.603053
1.106870
1.786260
5.503817
1.778626
-0.473282
2.389313
-1.358779
-0.167939
2.030534
-0.320611
1.473282
-0.358779
6.511450
1.832061
5.595420
5.755725
1.465649
1.709924
1.114504
2.946565
3.068702
5.778626
3.450382
2.931298
3.694656
3.442748
-1.435115
2.114504
2.091603
1.366412
-0.320611
-1.610687
3.427481
-1.816794
1.816794
0.908397
1.435115
0.610687
0.236641
1.114504
-1.923664
-4.847328
-0.083969
-6.450382
-3.572519
-3.900763
-7.137404
-7.053435
-0.167939
-0.671756
-3.381679
-2.923664
-4.908397
-2.832061
-7.534351
-1.564885
-6.229008
-4.236641
-2.045802
-4.664122
-5.969466
-4.114504
-8.442748
-1.465649
-7.167939
-5.000000
-9.122137
-5.465649
-3.015267
-5.442748
-6.541985
-2.679389
-7.946565
-1.389313
-4.793893
-3.862595
-6.793893
-11.809160
-4.709924
-5.931298
-2.618321
-6.312977
-5.763359
-6.763359
-3.809160
-6.664122
-1.694656
-2.870229
-3.435115
-2.557252
-5.633588
-6.213740
-1.603053
-0.351145
-4.740458
1.305344
-1.648855
-0.137405
-6.015267
-0.335878
-3.465649
-1.572519
-5.564886
-2.778626
-0.076336
-1.190840
0.190840
-3.030534
2.854962
-0.183206
-1.221374
0.038168
-3.297710
-1.351145
-0.328244
-1.229008
1.816794
-2.412214
-0.038168
-2.465649
-0.503817
0.763359
0.648855
1.824427
1.129771
2.366412
-0.854962
3.694656
1.358779
-0.465649
-3.099237
-3.488550
-0.404580
-2.931298
2.389313
-0.580153
3.564885
3.969466
2.839695
-1.061069
0.908397
1.748092
0.923664
-3.931298
0.465649
0.839695
-0.122137
0.274809
-0.618321
1.824427
-1.259542
3.458015
1.175573
4.923664
0.893130
1.664122
0.343511
2.488550
1.931298
0.465649
2.702290
2.816794
5.061069
3.442748
6.877862
6.534351
3.213740
6.809160
2.091603
0.511450
0.801527
4.572519
6.992366
4.213740
2.206107
8.381680
6.244275
3.419847
3.664122
4.862596
4.854962
7.419847
7.557252
9.053435
11.809160
7.625954
13.007633
9.625955
8.389313
9.587787
3.473282
3.687023
3.961832
7.137404
7.641222
7.297710
0.038168
5.045802
5.503817
4.335878
5.030534
0.435115
3.480916
2.694656
1.358779
-0.656489
0.664122
0.496183
0.809160
6.129771
-0.312977
5.832061
-4.312977
10.015267
-0.022901
-0.503817
8.801527
-2.549618
10.366412
-3.450382
-2.282443
5.412214
-0.076336
-7.297710
10.992367
-8.343512
3.923664
-0.809160
-0.923664
5.717557
-4.450382
-4.083970
5.480916
-8.610687
6.229008
-5.519084
8.320611
-7.862596
4.458015
-2.992366
-3.557252
-2.893130
2.305344
3.725191
-2.694656
4.709924
-7.488550
4.656488
-3.854962
4.389313
-9.564885
4.419847
-6.458015
7.251908
-5.404580
3.824427
-1.832061
4.526718
-2.114504
-0.725191
-2.938931
-7.412214
9.152672
-8.923664
6.480916
-5.992366
5.709924
-1.618321
2.603053
-4.717557
7.290076
-1.351145
2.702290
2.824427
-4.755725
3.526718
-4.793893
5.961832
-5.412214
-2.557252
-1.587786
4.648855
-5.709924
-1.625954
-2.129771
-6.916030
-1.427481
-4.977099
1.458015
-3.587786
0.931298
2.396947
-1.335878
3.335878
-2.549618
3.816794
-7.908397
-1.557252
4.580153
-8.732824
4.152672
-2.916031
-0.068702
-5.221374
6.809160
-3.030534
4.656488
-5.916030
4.122138
-6.038168
7.824428
-4.603054
0.213740
-1.755725
0.702290
0.946565
-1.671756
-1.732824
-0.625954
-0.503817
-1.916031
6.465649
-1.770992
-0.984733
2.572519
-1.992366
-1.274809
0.473282
1.641221
2.671756
0.541985
0.916031
-3.129771
-0.511450
2.091603
1.244275
-3.274809
0.236641
1.755725
0.053435
-1.099237
0.687023
-5.572519
-2.816794
3.183206
2.671756
3.045802
1.687023
-1.656489
0.175573
-0.114504
1.580153
0.786260
-0.320611
-3.969466
-4.633588
0.496183
3.229008
1.137405
-0.381679
0.564885
4.068702
1.465649
0.183206
0.541985
1.251908
0.328244
-2.206107
2.389313
1.183206
-4.763359
-2.328244
-3.458015
1.404580
3.679389
0.267176
0.488550
1.335878
0.083969
5.839694
-2.068702
1.458015
2.183206
0.442748
1.259542
4.748092
1.351145
-5.099236
-0.465649
4.656488
1.152672
-2.923664
1.603053
-2.656489
-1.206107
-1.435115
1.969466
4.961832
-3.732824
-1.343511
-3.526718
-3.984733
2.511450
2.030534
-1.900763
-3.198473
2.687023
1.595420
-0.679389
4.137404
3.816794
-0.396947
0.786260
1.343511
3.801527
-2.297710
-1.519084
-2.213740
0.366412
0.549618
-0.824427
-2.496183
-0.007634
2.412214
0.549618
-2.152672
-2.099237
-2.549618
2.152672
0.145038
0.946565
-0.152672
-0.022901
-2.183206
-5.648855
7.206107
-3.450382
-0.786260
1.122137
1.832061
-1.824427
1.450382
-3.435115
-1.198473
4.404580
0.931298
-0.160305
1.015267
3.259542
2.061069
0.541985
1.297710
-0.656489
2.442748
0.022901
-2.076336
-1.122137
1.137405
2.702290
1.694656
-2.351145
1.450382
5.038168
-0.015267
-3.687023
0.351145
-0.572519
3.671756
3.381679
1.450382
-1.587786
-0.786260
0.839695
1.648855
-0.664122
-7.152672
1.748092
0.145038
-0.305344
2.083969
0.076336
2.236641
0.335878
1.648855
-0.961832
-0.854962
1.068702
-0.251908
-1.137405
0.419847
2.152672
-3.000000
1.442748
0.854962
3.007634
2.305344
-0.427481
-0.190840
1.480916
4.702290
-2.442748
3.053435
-4.618320
-1.885496
-2.335878
2.511450
4.022901
1.725191
0.587786
-1.824427
-4.458015
-2.480916
-0.381679
-1.145038
-2.328244
-4.885496
0.671756
3.198473
0.083969
3.541985
-0.473282
-1.641221
-2.648855
-2.137405
-1.022901
-1.786260
-0.351145
-0.022901
-0.198473
-2.404580
-0.160305
0.297710
0.763359
3.595420
-0.137405
3.809160
-3.992366
-3.572519
4.145038
-1.954198
0.091603
0.862595
-0.358779
3.908397
0.351145
0.564885
-0.877863
-0.603053
0.534351
1.083969
2.603053
-3.167939
-0.541985
2.198473
0.137405
-2.343511
0.832061
0.870229
1.702290
-0.038168
-0.786260
0.442748
0.854962
-1.076336
-1.580153
-0.412214
-4.297710
-1.145038
0.137405
1.793893
-0.381679
4.984733
0.442748
-0.068702
1.809160
5.022901
-2.076336
-2.488550
-1.091603
-0.137405
-2.282443
1.755725
0.183206
1.465649
0.374046
1.374046
-2.190840
3.977099
2.870229
2.167939
1.114504
-4.061069
-3.190840
3.480916
-0.877863
-1.167939
1.671756
0.091603
1.641221
-2.893130
1.687023
0.381679
-1.106870
3.175573
-1.206107
-0.809160
0.099237
3.549618
-2.564885
-3.145038
0.954198
-1.145038
-3.236641
-1.030534
0.465649
0.221374
-0.312977
-3.137405
-0.435115
2.877863
-0.671756
-0.274809
0.419847
0.770992
-0.763359
-0.786260
-3.221374
-0.809160
1.946565
0.320611
3.137405
1.877863
2.755725
-1.358779
0.320611
-2.106870
1.763359
-3.488550
-0.832061
-3.854962
4.259542
1.931298
3.854962
0.977099
-0.687023
1.343511
1.229008
1.129771
0.366412
2.984733
1.923664
0.038168
1.931298
-1.511450
0.374046
1.610687
3.167939
0.396947
-2.824427
0.656489
-2.763359
-0.885496
-0.839695
-2.160305
-7.160306
-4.259542
-5.022901
-4.427481
-3.572519
-2.229008
-1.160305
-1.229008
-2.519084
-1.030534
-3.106870
1.679389
-0.938931
-0.351145
-1.351145
-1.274809
4.015267
6.129771
6.610687
9.091603
9.160305
6.038168
9.297709
9.977099
2.854962
9.938931
7.465649
0.755725
5.389313
6.496183
11.007633
7.465649
0.847328
4.893130
4.702290
5.251908
1.282443
1.847328
-2.312977
0.458015
1.320611
1.572519
-2.946565
-2.038168
-1.969466
-7.496183
3.595420
1.412214
1.106870
-5.229008
-5.236641
-4.870229
-1.396947
-5.183206
-2.839695
-1.496183
-5.030534
-4.351145
-3.061069
-3.160305
-5.099236
-4.702290
-10.465649
-1.389313
0.282443
-5.656488
-5.015267
-0.687023
-0.587786
-4.748092
-4.778626
2.038168
-1.328244
-0.541985
-3.877863
0.793893
-1.099237
-0.763359
0.885496
-0.503817
0.106870
0.755725
4.511450
2.282443
0.137405
-1.343511
4.175572
3.984733
3.213740
-2.381679
-0.488550
0.213740
-0.557252
-0.358779
2.450382
0.106870
-0.755725
5.320611
4.587786
2.793893
4.213740
0.175573
1.175573
-2.969466
3.916031
-0.038168
-1.366412
3.496183
0.748092
0.076336
2.183206
-2.816794
2.572519
1.488550
-2.893130
0.473282
-0.290076
1.679389
-0.946565
-3.877863
-0.893130
4.709924
-2.290076
0.381679
-2.366412
-4.305344
-1.381679
1.725191
-2.893130
-1.809160
2.335878
-7.816794
5.091603
-5.297710
3.343511
0.290076
-1.564885
3.106870
-2.412214
3.908397
-1.251908
-1.816794
0.473282
-2.183206
1.404580
0.816794
-1.671756
0.389313
-3.664122
6.832061
0.114504
2.022901
-2.404580
-1.442748
-0.236641
-0.717557
1.404580
5.251908
-0.213740
2.091603
-3.297710
-0.572519
1.847328
-3.106870
0.473282
6.816794
-0.259542
2.435115
0.404580
1.519084
4.297710
-2.885496
1.244275
1.229008
-2.519084
3.404580
0.061069
1.053435
5.984733
3.312977
-1.793893
-0.114504
-2.145038
-1.374046
1.580153
4.076336
-1.251908
-3.519084
1.778626
1.068702
-1.679389
-0.969466
2.015267
-3.732824
1.267176
0.496183
1.396947
0.404580
1.877863
5.938931
4.526718
-1.786260
-0.877863
-1.870229
1.198473
-0.809160
-5.511450
2.160305
2.473282
0.984733
2.511450
-2.717557
2.656489
0.099237
-2.053435
-1.320611
0.435115
1.992366
3.320611
2.786260
2.938931
-0.251908
1.763359
1.374046
1.580153
0.076336
0.526718
3.885496
2.297710
-0.496183
2.625954
0.442748
0.671756
-2.793893
-2.740458
-2.206107
0.938931
-3.167939
-2.351145
-0.633588
-1.748092
0.564885
-1.740458
1.175573
4.847328
2.984733
2.816794
2.809160
1.496183
-1.656489
-0.480916
2.122137
0.557252
1.465649
2.801527
2.099237
0.236641
1.458015
-1.854962
-4.572519
-3.137405
-1.160305
-2.022901
1.190840
1.076336
-1.442748
-1.007634
1.954198
3.923664
0.809160
-0.221374
-2.809160
-4.236641
-1.335878
1.267176
3.770992
1.351145
0.366412
1.496183
0.687023
-2.229008
-0.748092
-1.801527
0.969466
-4.473282
1.534351
2.618321
6.603054
-2.687023
2.541985
-3.656489
-1.328244
0.145038
3.076336
-0.282443
-0.755725
-1.801527
2.854962
-2.969466
-2.389313
-6.541985
-0.030534
-2.320611
-0.496183
6.244275
-0.580153
1.412214
-1.221374
2.732824
-2.061069
0.389313
-2.854962
1.419847
-1.137405
0.946565
-1.381679
0.694656
1.435115
6.152672
2.114504
-0.557252
-0.671756
-1.297710
-1.816794
-0.832061
0.595420
-0.480916
2.190840
4.022901
1.595420
0.641221
2.480916
-0.137405
-0.854962
-1.664122
-2.221374
-4.297710
-4.167939
0.656489
0.221374
3.236641
5.099236
2.809160
-0.992366
4.015267
-3.534351
-2.961832
-3.687023
1.198473
-1.381679
3.152672
-1.328244
-0.221374
0.740458
0.572519
-0.595420
-2.000000
-1.061069
-1.511450
-1.977099
3.900763
-1.015267
1.274809
1.221374
-0.106870
5.099236
2.480916
0.709924
5.251908
2.137405
0.694656
-3.709924
-3.580153
-4.419847
0.992366
0.900763
5.206107
1.580153
0.961832
3.954198
-1.229008
2.045802
-0.877863
0.152672
-1.412214
0.793893
-0.251908
-0.343511
-0.763359
3.427481
1.534351
0.366412
-3.603053
-2.732824
-4.427481
0.885496
-3.030534
3.679389
0.427481
4.015267
4.694656
0.206107
-1.412214
-3.351145
2.038168
-0.297710
-2.954198
-1.519084
0.145038
-0.297710
1.473282
0.526718
-0.595420
2.702290
-0.458015
-1.923664
1.541985
-2.244275
-1.076336
-2.763359
2.076336
1.679389
2.442748
-2.297710
-0.259542
-0.274809
1.274809
-3.244275
-3.740458
1.580153
2.427481
2.458015
1.793893
-2.755725
-0.984733
2.923664
1.694656
1.793893
1.366412
-3.175573
-2.961832
-1.229008
0.832061
-0.198473
-1.549618
-3.595420
-0.748092
-2.770992
1.503817
2.022901
2.412214
-1.572519
3.305344
-1.038168
2.076336
-1.427481
0.801527
-1.129771
2.679389
-0.061069
-1.442748
-0.267176
0.862595
-2.480916
5.213740
1.488550
-0.145038
-0.198473
2.992366
-3.778626
-1.480916
2.435115
2.541985
-0.335878
2.694656
-2.343511
-2.145038
-0.900763
1.847328
0.206107
2.709924
2.664122
1.961832
-3.557252
-1.984733
1.549618
-0.267176
2.099237
-2.106870
1.267176
-0.503817
0.671756
-0.854962
-2.755725
3.412214
0.748092
0.824427
-2.992366
-0.419847
-0.274809
-0.007634
-1.129771
1.045802
0.320611
-0.969466
0.969466
0.770992
2.419847
2.244275
1.977099
1.305344
2.458015
0.679389
1.725191
-0.404580
5.923664
-0.633588
-2.053435
1.022901
5.503817
-0.854962
-0.160305
-1.931298
1.473282
-0.343511
-1.984733
1.832061
2.870229
-2.091603
0.763359
2.083969
-4.000000
1.580153
-2.977099
-0.526718
-1.488550
-2.847328
-1.946565
1.572519
-4.702290
2.679389
3.870229
0.038168
-1.809160
-1.694656
-3.068702
1.114504
1.213740
0.267176
-1.267176
-0.534351
2.801527
-3.000000
1.633588
-0.435115
3.167939
0.557252
4.106870
2.732824
1.038168
-0.839695
1.526718
5.000000
3.099237
4.893130
3.526718
3.145038
3.458015
3.496183
1.282443
1.335878
4.656488
6.389313
9.786260
6.221374
6.473282
1.267176
3.526718
3.664122
-1.664122
1.618321
2.236641
4.687023
6.206107
4.572519
5.244275
2.610687
-0.076336
4.129771
4.671756
0.213740
0.267176
2.709924
1.664122
2.557252
2.412214
1.183206
3.549618
2.229008
2.664122
-0.267176
-3.061069
-0.259542
2.801527
3.045802
3.297710
1.358779
7.809160
2.770992
-0.320611
-0.312977
0.091603
2.145038
1.618321
1.068702
-1.000000
0.038168
-5.923664
0.167939
0.312977
-1.007634
1.648855
1.770992
-2.893130
-0.977099
-0.221374
-0.755725
0.732824
4.305344
0.977099
4.870229
-1.618321
3.503817
1.473282
5.312977
1.351145
1.778626
0.793893
1.671756
1.778626
-3.122137
-2.946565
-3.862595
1.145038
0.290076
-1.740458
-0.900763
1.061069
-2.511450
0.557252
-2.656489
2.206107
-1.595420
-1.900763
-3.083969
3.282443
3.000000
-1.633588
-0.748092
1.335878
-2.229008
0.511450
1.541985
-5.610687
-0.870229
-1.534351
0.396947
-2.732824
0.633588
-0.870229
0.328244
6.572519
-1.137405
1.381679
0.053435
0.519084
-2.000000
-0.503817
0.488550
1.312977
-3.908397
1.198473
0.610687
-3.557252
-3.770992
0.320611
-3.251908
2.625954
-2.022901
0.450382
-1.167939
2.992366
-3.152672
-2.564885
0.717557
0.992366
-1.511450
-1.061069
4.129771
-4.488550
0.145038
2.694656
2.755725
-2.839695
1.221374
-2.541985
-0.236641
-0.381679
1.290076
-2.068702
-4.511450
1.885496
-3.396947
-2.175573
0.908397
1.977099
-1.328244
0.755725
0.725191
0.961832
0.244275
-0.755725
-0.206107
-1.435115
2.251908
1.854962
-3.564885
-1.198473
2.236641
2.106870
0.687023
-3.366412
0.396947
-0.328244
0.816794
2.404580
6.328244
1.778626
1.450382
-2.786260
3.900763
-0.221374
0.229008
-5.091603
-0.381679
-1.038168
-0.549618
-0.389313
-1.709924
-1.641221
1.015267
2.358779
0.984733
1.030534
-0.969466
1.610687
3.221374
-2.931298
1.274809
3.076336
0.427481
-1.045802
-3.610687
1.435115
-0.045802
-0.427481
-0.763359
1.473282
-0.167939
3.618321
-2.679389
0.709924
0.877863
-3.259542
-4.816794
1.091603
3.312977
2.770992
-0.992366
0.305344
2.435115
-3.778626
1.106870
-1.213740
-0.877863
1.503817
-3.732824
-2.900763
-0.740458
-2.038168
3.664122
1.015267
1.045802
0.809160
-0.526718
1.404580
-4.465649
-5.099236
-1.244275
-4.641222
-2.282443
2.106870
-0.755725
-4.259542
-0.946565
-3.435115
-2.580153
4.061069
-0.106870
2.938931
1.679389
-2.992366
-0.129771
-3.389313
-1.946565
-2.427481
-1.580153
-2.435115
-7.893130
-3.106870
-1.488550
-1.122137
1.358779
1.007634
-2.251908
-2.381679
-1.679389
5.167939
1.419847
-3.305344
-1.312977
-8.503817
-1.351145
4.366412
-1.473282
1.236641
3.656489
-0.167939
4.320611
1.175573
-1.274809
4.488550
-3.045802
1.984733
-1.618321
-1.854962
4.427481
5.213740
-4.931298
4.312977
3.419847
-5.916030
1.969466
-0.305344
-3.389313
0.374046
0.091603
4.618320
0.290076
1.732824
2.419847
-5.221374
5.206107
6.343512
-2.618321
4.030534
-4.213740
-3.954198
3.160305
4.908397
-6.068702
4.572519
4.282443
-3.541985
-1.679389
0.480916
-1.381679
2.603053
3.091603
-4.366412
1.175573
3.961832
-2.312977
4.984733
-4.473282
3.778626
0.419847
1.083969
5.580153
-0.793893
6.732824
4.587786
3.511450
6.129771
-0.496183
8.870229
1.007634
0.549618
3.595420
-1.305344
7.267176
3.465649
6.885496
-1.175573
5.343512
4.778626
-0.656489
8.824428
2.648855
2.832061
11.274809
-2.290076
11.465649
-2.198473
8.244275
0.465649
13.190840
2.419847
4.618320
1.435115
7.877862
0.122137
6.404580
2.534351
8.305344
1.297710
3.717557
2.236641
-0.916031
6.152672
2.030534
1.908397
0.862595
-1.488550
3.335878
2.824427
6.267176
-2.328244
2.633588
0.160305
3.458015
0.458015
-2.610687
3.290076
-3.175573
1.709924
-3.465649
-4.816794
3.587786
-4.480916
10.083969
-5.916030
2.954198
-5.923664
2.251908
-4.435114
4.480916
-8.633588
8.679389
-3.564885
3.290076
-1.145038
5.190840
-2.702290
-1.122137
-5.633588
7.847328
7.816794
-5.213740
5.320611
-2.732824
-1.816794
-3.923664
-7.320611
10.328244
-5.862596
-0.091603
-1.450382
-0.465649
2.610687
-10.419847
6.427481
-9.404580
2.916031
-8.366412
-2.091603
1.114504
1.679389
-1.061069
-5.908397
0.694656
-10.167939
2.702290
-7.854962
4.007634
-3.022901
-4.984733
-3.190840
-2.603053
-3.648855
-2.816794
1.015267
-9.587787
1.312977
-9.190840
1.580153
-1.633588
0.473282
-8.022901
-5.030534
1.717557
-9.854961
0.427481
-8.396947
1.335878
-8.519084
3.259542
-6.267176
1.763359
-8.152672
-4.152672
-1.549618
-6.045802
-2.396947
-7.351145
5.587786
-7.595420
1.679389
-8.664123
1.389313
-5.442748
-0.656489
-5.297710
-0.190840
-6.419847
-3.068702
-5.778626
-0.519084
-8.450381
-2.603053
-5.374046
1.641221
-7.984733
3.732824
-7.793893
-3.335878
-3.183206
-4.694656
-2.801527
-4.862596
-3.473282
-3.786260
-2.893130
-2.290076
2.992366
-3.717557
-2.893130
-7.664122
2.259542
-1.374046
2.106870
-2.519084
4.702290
-4.358778
5.862596
-1.244275
-4.137404
-0.358779
-2.045802
1.870229
-2.946565
0.374046
-2.824427
4.274809
-4.572519
4.083970
-6.664122
3.076336
-3.351145
2.251908
-0.679389
-1.030534
0.534351
5.633588
-0.045802
7.793893
1.519084
-0.870229
3.122137
-1.183206
-1.526718
3.259542
7.129771
-4.435114
0.030534
2.671756
-1.679389
-2.190840
0.374046
-1.473282
-0.465649
0.717557
-0.519084
-5.450382
1.503817
-1.877863
-3.549618
-5.595420
0.343511
3.022901
-4.450382
1.427481
-4.954198
2.801527
-0.908397
0.389313
1.961832
1.305344
3.572519
-10.534351
0.740458
3.198473
2.305344
-3.175573
-1.305344
-0.900763
-1.893130
0.305344
2.328244
-0.618321
2.564885
-0.740458
-2.541985
-1.702290
-3.870229
-0.244275
-2.236641
1.137405
0.694656
-0.496183
-0.770992
1.931298
3.076336
4.625954
-3.083969
-0.244275
1.488550
-0.984733
-2.427481
-1.152672
-1.404580
-2.045802
2.908397
3.160305
4.290076
0.687023
