20.550001
19.350000
19.350000
19.950001
19.500000
19.500000
20.550001
21.000000
20.250000
19.050001
18.450001
19.500000
19.350000
21.000000
19.500000
19.950001
18.750000
19.200001
19.350000
19.800001
21.150002
20.850000
20.550001
18.750000
19.050001
19.500000
20.250000
20.850000
19.200001
19.950001
18.600000
19.350000
20.700001
18.300001
19.500000
20.250000
19.500000
19.350000
21.150002
18.750000
19.200001
20.250000
19.500000
20.850000
19.200001
19.200001
20.850000
20.250000
19.350000
19.950001
20.850000
20.250000
19.200001
19.950001
19.950001
19.950001
18.750000
19.350000
18.300001
19.050001
19.350000
19.200001
17.850000
19.050001
18.750000
19.800001
19.800001
18.450001
18.600000
19.950001
18.750000
18.600000
19.050001
20.100000
17.700001
18.300001
18.000000
18.000000
19.500000
17.400002
16.650002
16.950001
17.700001
17.100000
18.450001
18.600000
17.700001
17.550001
17.700001
17.700001
18.000000
18.300001
18.000000
17.850000
18.450001
17.100000
19.050001
18.300001
16.950001
17.400002
18.300001
17.850000
16.950001
18.750000
17.850000
17.400002
18.600000
17.100000
18.000000
18.000000
17.700001
17.400002
17.550001
18.450001
17.400002
18.750000
16.650002
18.450001
17.550001
18.300001
18.600000
18.000000
16.650002
17.400002
16.650002
17.850000
17.700001
18.300001
17.550001
17.700001
18.600000
17.850000
18.300001
18.300001
17.850000
17.850000
17.700001
17.850000
17.100000
18.600000
18.750000
17.550001
17.850000
18.000000
17.400002
17.550001
18.300001
18.300001
17.550001
16.950001
18.300001
17.550001
16.950001
17.550001
17.850000
17.550001
19.350000
17.550001
17.400002
18.450001
18.750000
18.000000
18.300001
18.450001
18.600000
17.550001
17.550001
17.400002
16.950001
17.550001
18.000000
18.450001
18.750000
17.700001
17.700001
17.550001
17.850000
17.550001
17.400002
18.750000
17.400002
17.100000
17.550001
18.000000
18.450001
18.450001
17.850000
18.000000
17.700001
18.600000
17.100000
17.400002
17.700001
17.550001
18.300001
16.800001
17.400002
16.650002
17.550001
18.000000
18.750000
18.600000
18.000000
17.550001
17.850000
17.850000
18.300001
17.400002
17.100000
17.100000
19.500000
19.050001
18.300001
18.600000
18.000000
19.950001
18.600000
18.000000
17.700001
18.750000
19.500000
18.000000
18.000000
18.750000
18.000000
17.850000
18.000000
17.850000
18.450001
19.200001
18.300001
17.850000
18.600000
18.450001
19.200001
17.400002
18.000000
17.700001
17.400002
16.950001
18.300001
18.600000
18.450001
18.600000
17.100000
18.450001
18.000000
18.000000
17.850000
18.300001
18.600000
18.750000
18.600000
18.600000
18.300001
20.100000
18.750000
17.700001
18.300001
17.100000
17.700001
18.600000
18.300001
18.600000
18.300001
18.600000
18.300001
17.100000
19.050001
17.700001
17.700001
17.850000
17.850000
18.600000
18.300001
17.850000
19.500000
17.850000
18.750000
17.400002
17.700001
18.000000
18.450001
17.400002
18.300001
17.850000
17.100000
16.650002
16.650002
17.850000
16.950001
18.300001
18.300001
17.100000
16.350000
18.300001
16.650002
16.350000
17.100000
18.300001
17.400002
16.050001
17.550001
17.550001
18.000000
16.050001
17.100000
16.650002
16.950001
16.200001
16.950001
16.650002
17.700001
17.400002
16.350000
17.400002
15.450001
15.900001
16.200001
17.400002
16.800001
17.700001
16.950001
16.650002
17.400002
16.200001
15.600000
18.000000
17.100000
17.700001
16.950001
16.800001
16.050001
16.800001
17.550001
16.800001
16.950001
16.650002
16.200001
16.050001
16.200001
16.350000
16.350000
17.550001
16.350000
15.450001
17.400002
16.050001
17.550001
17.550001
15.600000
17.400002
16.350000
16.800001
16.950001
16.950001
16.650002
16.350000
16.350000
16.350000
16.800001
16.800001
17.700001
16.200001
16.950001
16.350000
16.650002
16.950001
17.400002
16.800001
16.650002
17.100000
17.700001
16.650002
17.400002
16.650002
16.950001
17.700001
16.350000
17.100000
16.800001
17.400002
17.850000
18.000000
16.650002
16.200001
17.850000
15.900001
15.600000
16.350000
16.650002
17.100000
17.100000
17.100000
18.450001
16.950001
16.350000
16.800001
16.050001
16.200001
17.400002
17.550001
16.650002
16.050001
16.650002
15.900001
16.650002
15.450001
16.800001
16.200001
16.950001
15.900001
17.700001
17.550001
17.700001
15.300000
16.350000
16.350000
16.350000
15.450001
15.900001
16.350000
16.200001
15.450001
16.650002
16.950001
16.800001
16.050001
16.650002
17.100000
16.350000
16.950001
17.400002
17.400002
16.350000
15.900001
15.450001
16.800001
16.350000
15.450001
16.050001
16.800001
15.900001
15.900001
15.900001
16.800001
16.200001
17.550001
16.650002
16.350000
17.100000
16.650002
16.800001
16.050001
16.800001
15.300000
16.800001
15.450001
16.200001
16.050001
16.050001
16.050001
16.350000
16.050001
15.900001
17.100000
16.350000
15.450001
15.150001
16.650002
16.050001
16.650002
15.600000
15.900001
19.350000
19.500000
18.600000
18.600000
16.050001
16.800001
16.350000
16.800001
16.200001
15.900001
15.150001
17.400002
14.700001
16.800001
15.450001
15.900001
14.700001
15.900001
14.550000
14.850000
16.650002
16.350000
15.150001
15.900001
15.300000
16.050001
15.600000
16.650002
15.600000
17.400002
16.050001
15.900001
17.100000
17.550001
16.950001
16.950001
17.100000
15.900001
16.800001
17.100000
18.000000
18.000000
16.950001
15.900001
16.650002
17.400002
16.950001
16.950001
16.800001
17.700001
16.950001
16.650002
15.900001
16.950001
16.950001
17.550001
16.950001
16.950001
18.000000
16.650002
17.850000
16.650002
15.600000
16.650002
16.050001
16.650002
16.050001
17.700001
17.550001
15.600000
16.050001
16.200001
17.550001
16.650002
16.650002
16.200001
15.150001
16.650002
16.350000
15.600000
15.900001
16.650002
16.800001
15.600000
16.950001
16.950001
16.950001
16.050001
16.050001
16.800001
17.100000
15.300000
16.950001
16.050001
16.650002
15.300000
16.050001
15.150001
15.900001
15.150001
15.900001
14.850000
15.600000
16.050001
14.700001
16.200001
14.700001
16.650002
16.050001
15.450001
15.300000
16.200001
15.600000
15.450001
16.350000
17.400002
17.400002
17.100000
17.400002
16.650002
18.000000
18.000000
18.750000
19.050001
20.100000
18.600000
20.100000
21.000000
20.850000
20.250000
21.750000
20.700001
21.600000
22.500000
22.650002
23.100000
22.950001
22.350000
24.000000
23.400002
23.100000
24.150002
24.000000
24.600000
23.700001
23.700001
24.750002
24.300001
23.850000
24.000000
24.600000
24.000000
25.050001
24.150002
24.000000
24.900002
25.800001
26.550001
26.250002
26.250002
27.150002
26.700001
27.450001
27.000002
27.750002
28.050001
26.700001
27.450001
27.300001
27.750002
27.750002
29.250002
28.200001
28.500002
29.550001
29.700001
29.250002
28.650002
29.550001
29.850000
29.850000
29.850000
29.700001
30.300001
28.950001
31.350000
30.300001
29.850000
30.450001
29.700001
30.450001
31.050001
31.650002
32.700001
30.450001
31.350000
33.450001
34.050003
32.850002
32.850002
35.100002
34.200001
35.700001
34.950001
36.750000
35.700001
36.000000
36.750000
38.400002
37.950001
40.050003
38.850002
39.000000
39.900002
40.350002
41.100002
42.450001
42.150002
43.200001
43.050003
45.300003
44.550003
45.150002
45.300003
45.150002
45.150002
44.850002
44.850002
45.300003
45.450001
44.850002
44.850002
45.600002
45.600002
45.450001
45.450001
46.650002
44.400002
46.050003
46.800003
45.900002
45.900002
45.450001
45.900002
46.050003
46.050003
44.850002
46.650002
46.350002
46.350002
45.900002
45.900002
46.200001
44.700001
45.300003
46.200001
45.600002
46.050003
45.600002
45.150002
45.300003
46.200001
46.350002
46.200001
46.050003
46.050003
44.250000
44.700001
46.350002
45.300003
44.550003
46.200001
46.200001
45.150002
46.350002
44.850002
44.850002
45.900002
45.150002
45.600002
46.200001
46.650002
46.200001
45.300003
44.700001
45.450001
44.400002
45.300003
44.550003
44.700001
44.850002
44.850002
44.850002
44.850002
45.300003
45.450001
45.450001
44.850002
45.450001
45.450001
45.150002
44.700001
44.700001
45.150002
45.900002
44.850002
46.050003
44.550003
45.900002
44.250000
44.400002
44.550003
44.700001
43.200001
43.800003
43.650002
43.800003
42.750000
43.650002
42.900002
43.200001
42.300003
41.400002
43.200001
43.050003
41.250000
40.650002
41.250000
41.550003
40.800003
39.300003
39.750000
39.750000
40.500000
39.000000
37.950001
37.650002
38.100002
39.150002
37.650002
36.000000
35.700001
35.250000
36.150002
36.750000
36.600002
35.100002
35.850002
35.250000
35.250000
34.050003
34.800003
34.800003
34.800003
33.750000
34.950001
33.750000
35.100002
33.300003
33.750000
34.200001
33.450001
34.050003
33.600002
31.800001
33.000000
32.550003
33.000000
32.400002
31.050001
31.200001
31.200001
30.900002
31.200001
31.350000
31.200001
29.700001
29.400002
29.400002
30.450001
28.800001
29.400002
29.550001
27.300001
27.750002
27.750002
27.900002
29.400002
27.300001
27.000002
28.200001
28.050001
27.900002
27.450001
28.050001
28.200001
27.750002
27.000002
27.000002
27.150002
28.050001
26.700001
27.750002
27.750002
27.750002
26.550001
26.250002
27.900002
27.000002
26.400002
26.700001
27.750002
27.450001
27.300001
26.550001
26.100000
26.550001
27.900002
26.700001
26.400002
26.700001
24.750002
25.800001
26.700001
25.350000
26.100000
26.400002
26.100000
25.800001
25.650002
25.650002
25.800001
24.150002
24.300001
26.100000
25.050001
25.500002
26.400002
24.000000
26.550001
25.500002
25.500002
24.900002
26.100000
26.100000
25.350000
26.400002
27.150002
26.400002
25.650002
25.800001
26.700001
25.800001
27.000002
26.250002
26.550001
25.350000
24.750002
25.650002
25.350000
27.150002
25.500002
25.800001
25.350000
26.250002
24.900002
26.400002
24.900002
25.650002
25.350000
25.350000
25.650002
24.900002
24.900002
24.000000
25.350000
25.650002
25.350000
25.500002
24.600000
25.350000
24.750002
25.050001
26.100000
24.900002
25.650002
24.600000
24.300001
24.000000
24.750002
23.850000
24.900002
24.150002
24.150002
24.150002
22.950001
24.000000
24.150002
24.600000
24.900002
25.500002
24.000000
24.000000
25.800001
25.350000
25.500002
25.650002
25.350000
25.050001
25.800001
25.800001
27.750002
26.400002
27.300001
26.700001
27.150002
28.050001
28.200001
27.450001
27.150002
29.400002
29.250002
28.200001
29.250002
28.950001
28.950001
30.450001
30.150002
30.300001
30.300001
30.300001
31.200001
30.900002
32.400002
33.000000
31.200001
33.300003
34.050003
33.600002
32.400002
32.850002
33.450001
34.050003
34.050003
34.350002
33.600002
35.250000
35.250000
34.950001
36.000000
36.900002
35.850002
37.650002
36.900002
37.950001
35.850002
39.150002
38.400002
39.300003
39.600002
41.250000
40.800003
40.500000
40.500000
42.150002
41.250000
43.050003
41.550003
43.500000
42.000000
43.650002
43.050003
43.650002
43.950001
44.550003
44.400002
44.400002
45.450001
44.400002
44.700001
44.700001
45.600002
45.900002
45.600002
46.350002
45.150002
45.450001
46.200001
46.050003
45.300003
46.800003
47.550003
46.200001
46.950001
46.350002
47.100002
46.200001
47.100002
47.850002
47.550003
47.400002
46.350002
46.800003
47.100002
48.300003
47.550003
46.800003
46.050003
47.400002
47.100002
46.800003
46.050003
47.400002
47.550003
46.950001
46.800003
48.300003
46.950001
46.650002
47.700001
47.400002
47.550003
47.400002
47.700001
46.350002
47.550003
47.400002
47.100002
47.700001
48.300003
47.400002
48.000000
48.750004
46.950001
47.100002
48.450001
48.450001
47.550003
46.950001
47.550003
46.950001
47.850002
48.000000
47.400002
47.700001
47.700001
46.800003
49.050003
47.100002
46.650002
47.550003
47.850002
48.000000
48.600002
47.850002
47.550003
47.850002
48.000000
48.600002
47.400002
48.600002
47.400002
47.850002
46.950001
48.000000
48.300003
48.000000
46.950001
46.350002
47.400002
47.700001
47.400002
48.000000
48.000000
46.800003
47.400002
48.300003
47.700001
46.800003
47.550003
47.550003
47.100002
47.700001
48.000000
46.650002
47.700001
47.700001
47.400002
47.550003
47.550003
47.850002
49.950001
48.000000
47.700001
47.850002
48.300003
48.300003
47.400002
47.400002
47.550003
47.100002
47.400002
47.100002
48.450001
47.550003
47.700001
47.850002
47.550003
48.600002
48.000000
47.100002
48.000000
46.950001
46.950001
48.300003
47.400002
47.100002
47.100002
47.400002
47.100002
47.400002
47.700001
47.550003
48.300003
47.100002
46.200001
47.700001
48.300003
48.600002
47.100002
46.950001
47.850002
46.800003
47.700001
46.650002
47.850002
47.550003
47.550003
47.700001
48.300003
47.100002
46.650002
46.950001
48.000000
48.300003
46.950001
48.000000
47.700001
46.650002
48.750004
47.100002
46.950001
46.800003
46.350002
47.850002
48.000000
48.450001
47.550003
48.300003
47.100002
47.850002
47.400002
47.550003
47.700001
47.850002
47.100002
47.400002
47.700001
48.300003
47.550003
47.700001
47.100002
47.700001
48.000000
47.850002
48.000000
46.950001
47.550003
49.200001
47.400002
47.550003
47.550003
49.050003
46.650002
47.700001
47.700001
47.700001
48.000000
48.000000
47.700001
48.600002
48.300003
47.850002
48.000000
48.300003
48.000000
48.300003
49.050003
49.500004
49.050003
48.750004
48.000000
47.700001
47.100002
48.450001
49.200001
49.500004
49.050003
48.300003
48.750004
49.050003
49.950001
49.200001
48.750004
49.950001
48.600002
50.250004
47.400002
48.300003
48.450001
48.450001
48.450001
48.450001
48.750004
49.950001
48.600002
48.000000
49.050003
49.800003
48.450001
48.750004
49.050003
47.550003
47.700001
48.450001
49.050003
47.700001
47.850002
49.200001
48.750004
48.000000
48.300003
48.750004
47.850002
48.000000
48.600002
48.600002
48.300003
47.550003
47.850002
47.700001
47.550003
47.700001
48.300003
47.850002
48.000000
47.400002
49.050003
49.050003
46.950001
47.400002
47.550003
46.350002
47.700001
47.400002
46.800003
47.550003
47.550003
47.700001
47.850002
47.700001
48.000000
46.800003
47.550003
47.550003
46.350002
47.700001
47.550003
47.700001
47.700001
47.100002
47.550003
46.950001
45.150002
47.850002
47.550003
47.700001
46.950001
47.850002
46.350002
47.400002
47.400002
46.050003
47.850002
48.000000
47.100002
46.800003
47.700001
47.100002
47.850002
46.800003
47.550003
46.650002
47.100002
47.550003
46.650002
48.000000
47.550003
46.950001
46.650002
46.350002
46.350002
45.900002
46.650002
46.950001
46.800003
46.950001
47.100002
46.350002
45.900002
47.850002
47.550003
46.650002
46.800003
46.650002
46.050003
47.850002
46.800003
46.350002
46.350002
47.700001
46.200001
47.100002
46.800003
47.100002
46.800003
48.300003
46.950001
46.650002
46.650002
46.350002
46.350002
47.700001
47.850002
47.100002
47.100002
47.100002
46.050003
47.850002
46.650002
48.450001
47.400002
48.600002
47.550003
46.650002
47.550003
46.800003
46.650002
47.850002
47.400002
48.000000
47.550003
46.350002
48.300003
47.100002
48.300003
47.850002
48.000000
47.700001
46.950001
48.000000
46.650002
47.700001
48.450001
47.550003
48.450001
47.700001
48.000000
46.800003
48.600002
48.600002
47.550003
47.400002
46.950001
47.700001
47.400002
47.700001
47.850002
48.300003
48.000000
46.800003
46.350002
47.550003
48.000000
46.950001
48.450001
46.050003
46.800003
48.000000
47.400002
47.400002
47.100002
46.950001
47.850002
46.800003
47.100002
47.400002
47.850002
46.800003
48.000000
48.300003
47.550003
47.100002
47.550003
47.850002
46.650002
46.800003
46.200001
47.100002
47.400002
47.100002
46.200001
47.100002
47.550003
46.650002
46.200001
47.400002
46.800003
47.400002
47.850002
46.800003
46.950001
47.700001
47.100002
47.400002
47.550003
47.550003
46.800003
47.850002
47.100002
46.350002
48.450001
49.050003
46.650002
47.400002
47.850002
47.700001
47.700001
48.450001
48.000000
47.700001
47.400002
47.700001
47.850002
47.700001
47.850002
46.800003
47.400002
47.100002
47.100002
47.850002
47.700001
46.800003
47.550003
47.700001
48.000000
46.650002
47.400002
47.100002
46.950001
47.550003
48.300003
47.100002
48.000000
46.200001
47.850002
47.550003
47.700001
48.300003
47.700001
48.000000
48.600002
47.550003
48.450001
48.000000
47.700001
49.050003
48.750004
48.750004
47.700001
47.400002
47.850002
48.600002
49.200001
48.750004
47.550003
47.850002
48.450001
47.850002
48.450001
46.950001
47.400002
47.100002
47.100002
47.700001
47.400002
46.800003
47.550003
46.200001
48.000000
47.700001
47.400002
46.350002
47.400002
48.000000
47.550003
47.550003
48.000000
46.950001
47.100002
46.350002
47.850002
47.550003
47.400002
46.050003
46.950001
46.200001
47.550003
46.800003
47.850002
46.650002
46.800003
47.550003
46.800003
46.650002
46.950001
47.400002
47.400002
45.450001
46.350002
46.950001
47.850002
47.850002
48.450001
46.050003
46.950001
46.950001
46.950001
47.400002
47.550003
48.600002
46.950001
46.800003
47.100002
47.550003
46.650002
47.850002
47.100002
48.000000
47.850002
47.700001
47.550003
47.850002
47.550003
47.700001
48.300003
47.100002
46.950001
47.850002
48.000000
47.550003
48.000000
46.950001
46.800003
48.750004
45.900002
47.400002
47.400002
46.800003
47.550003
47.850002
48.000000
46.800003
48.300003
46.950001
46.350002
46.800003
46.950001
46.950001
46.200001
47.700001
46.950001
47.100002
47.700001
46.200001
47.100002
46.800003
46.350002
47.400002
48.450001
47.400002
47.850002
48.300003
47.400002
47.100002
47.700001
47.100002
47.550003
48.300003
47.850002
46.950001
49.050003
48.600002
47.100002
48.600002
48.750004
49.050003
48.300003
48.000000
48.750004
49.350002
48.300003
49.050003
48.000000
49.350002
48.000000
47.550003
48.300003
48.000000
48.600002
47.550003
49.350002
47.850002
48.000000
47.550003
48.000000
49.350002
48.000000
48.300003
47.550003
48.750004
47.700001
49.350002
48.450001
48.000000
46.950001
48.600002
48.750004
49.050003
47.850002
47.700001
48.450001
47.850002
48.600002
48.600002
49.950001
49.200001
47.850002
48.000000
48.750004
48.450001
49.050003
48.750004
50.400002
49.050003
49.200001
50.100002
49.350002
50.400002
47.850002
49.500004
50.100002
50.700001
51.750004
49.500004
50.100002
51.150002
49.950001
51.000004
50.400002
50.850002
50.100002
50.700001
49.350002
49.500004
50.250004
49.950001
49.800003
50.250004
49.200001
49.200001
49.500004
49.500004
50.250004
48.300003
49.950001
48.600002
49.050003
50.400002
49.200001
49.050003
49.350002
47.550003
48.300003
48.300003
49.800003
48.450001
48.450001
48.300003
48.450001
48.000000
48.750004
49.050003
49.800003
49.950001
49.500004
50.100002
49.800003
48.600002
50.100002
50.850002
49.950001
50.250004
50.250004
50.700001
50.250004
51.150002
50.400002
50.250004
51.900002
51.450001
51.000004
52.650002
51.150002
50.100002
51.750004
51.450001
51.000004
51.600002
50.850002
50.700001
50.700001
50.250004
51.150002
50.850002
51.000004
51.900002
51.900002
51.600002
50.700001
51.600002
50.400002
52.200001
50.700001
51.000004
51.600002
50.100002
51.450001
51.450001
51.600002
50.700001
50.850002
50.850002
51.150002
51.750004
50.850002
50.700001
51.900002
50.700001
50.250004
50.700001
50.400002
49.800003
49.950001
50.250004
51.000004
50.250004
49.800003
50.850002
49.200001
50.250004
51.600002
49.800003
51.000004
49.800003
51.450001
50.700001
51.450001
50.850002
50.850002
52.200001
50.400002
50.250004
50.400002
51.150002
50.400002
52.500004
51.000004
50.700001
50.400002
51.450001
50.100002
49.500004
50.400002
50.700001
50.100002
50.250004
51.000004
50.250004
50.850002
50.700001
50.700001
50.400002
49.350002
50.400002
50.700001
50.400002
50.700001
51.150002
49.800003
50.850002
50.850002
49.500004
50.400002
49.800003
50.400002
51.600002
49.050003
49.200001
49.500004
49.950001
48.750004
49.800003
47.850002
50.400002
49.200001
49.050003
49.500004
49.050003
51.000004
48.750004
50.100002
50.100002
49.950001
50.850002
50.850002
50.250004
49.950001
49.800003
50.100002
50.700001
49.800003
50.100002
50.250004
49.950001
49.200001
50.100002
49.800003
49.950001
50.250004
50.250004
49.050003
49.800003
49.800003
50.250004
50.250004
49.500004
49.500004
50.250004
50.400002
49.050003
49.200001
50.250004
50.100002
49.500004
49.950001
49.950001
49.500004
50.250004
49.500004
51.600002
50.250004
50.250004
51.000004
50.700001
49.350002
49.950001
49.350002
49.500004
50.400002
49.950001
49.800003
49.950001
50.700001
50.400002
50.850002
49.950001
50.250004
51.000004
50.100002
49.800003
50.700001
52.200001
49.800003
50.850002
50.400002
50.850002
51.000004
50.100002
50.250004
50.100002
50.250004
49.950001
50.700001
51.000004
50.700001
50.700001
49.350002
49.500004
49.950001
50.100002
50.250004
51.000004
51.600002
50.100002
50.100002
51.150002
49.800003
50.100002
50.100002
51.000004
50.850002
49.500004
51.150002
50.850002
50.700001
50.250004
49.800003
51.600002
51.150002
50.400002
49.950001
49.500004
52.200001
50.250004
50.700001
50.250004
51.000004
50.850002
49.200001
49.800003
50.400002
48.450001
49.350002
49.950001
51.600002
48.450001
48.750004
50.100002
49.050003
50.250004
49.050003
48.600002
49.500004
49.350002
51.450001
49.500004
49.500004
49.350002
48.750004
49.500004
50.700001
49.350002
48.750004
50.250004
49.500004
48.450001
49.500004
49.800003
49.500004
50.100002
48.750004
49.950001
49.350002
50.250004
50.700001
49.350002
50.100002
50.850002
49.050003
50.700001
50.400002
49.800003
50.250004
50.400002
50.850002
51.150002
49.950001
51.150002
51.450001
50.250004
51.750004
50.850002
50.250004
51.600002
52.350002
52.200001
50.400002
51.450001
51.900002
52.200001
51.000004
51.000004
50.400002
50.850002
50.400002
50.850002
51.150002
51.750004
51.450001
50.100002
52.200001
50.850002
50.700001
51.450001
50.100002
49.950001
50.850002
48.750004
49.950001
49.500004
50.100002
50.250004
49.200001
49.800003
49.500004
49.350002
49.800003
50.250004
49.950001
49.050003
49.950001
51.000004
50.400002
51.150002
50.250004
50.700001
50.700001
50.100002
51.750004
52.200001
51.000004
51.450001
51.000004
51.600002
50.850002
51.150002
51.750004
51.750004
50.250004
50.850002
50.400002
50.250004
50.400002
51.000004
50.250004
51.600002
50.250004
50.250004
51.000004
49.800003
49.200001
51.450001
50.700001
50.400002
49.950001
50.850002
50.100002
51.450001
51.450001
49.500004
49.800003
48.750004
51.150002
49.200001
49.800003
49.350002
50.700001
49.800003
50.250004
48.000000
48.300003
48.300003
48.450001
49.200001
48.450001
49.050003
49.200001
47.100002
48.450001
48.750004
48.000000
49.050003
47.850002
48.600002
47.850002
49.200001
49.050003
48.600002
48.750004
49.350002
48.300003
48.000000
49.050003
49.950001
49.200001
48.300003
49.350002
50.100002
50.250004
49.050003
49.350002
49.500004
49.950001
48.450001
49.500004
49.200001
50.100002
49.950001
49.800003
50.700001
50.700001
50.700001
51.450001
50.850002
51.450001
51.150002
51.900002
50.850002
51.600002
50.850002
50.100002
50.250004
50.250004
50.850002
51.450001
50.100002
50.100002
50.700001
50.400002
51.750004
49.350002
51.000004
50.700001
49.800003
50.250004
51.150002
50.850002
49.800003
49.950001
49.800003
49.950001
49.350002
50.400002
50.400002
51.000004
50.250004
51.150002
50.250004
49.350002
50.250004
51.000004
50.400002
48.600002
50.100002
51.150002
51.000004
50.100002
50.700001
50.850002
51.450001
50.400002
50.250004
50.700001
49.800003
49.500004
50.700001
50.100002
49.950001
50.400002
50.700001
49.050003
49.500004
50.400002
49.950001
48.450001
50.100002
50.100002
49.800003
49.950001
50.400002
50.100002
50.100002
49.350002
50.700001
50.250004
51.000004
51.450001
49.350002
50.100002
50.100002
50.100002
50.700001
49.950001
50.100002
49.350002
48.450001
50.100002
49.500004
49.800003
49.800003
49.200001
49.800003
50.100002
50.100002
50.100002
50.100002
50.700001
49.950001
49.500004
49.500004
48.450001
49.500004
49.200001
49.350002
49.200001
49.950001
49.500004
49.200001
49.050003
49.950001
49.350002
49.200001
48.750004
48.600002
48.600002
48.750004
49.200001
48.600002
48.450001
49.050003
49.200001
49.500004
49.050003
49.950001
49.350002
48.750004
49.500004
49.200001
49.200001
49.200001
49.500004
48.750004
48.750004
48.000000
46.950001
49.200001
49.350002
48.000000
47.850002
48.450001
48.000000
48.300003
49.050003
47.850002
47.700001
48.000000
48.600002
49.200001
48.600002
47.400002
48.600002
48.000000
47.550003
46.350002
48.300003
47.100002
47.550003
47.400002
46.350002
46.800003
46.650002
46.950001
46.350002
45.600002
45.600002
46.650002
45.450001
46.950001
45.300003
44.550003
45.300003
45.300003
45.450001
46.200001
46.050003
44.850002
46.200001
47.700001
46.050003
46.800003
48.300003
48.000000
46.950001
47.700001
47.100002
47.850002
47.700001
49.050003
47.700001
48.000000
48.000000
47.700001
48.300003
48.750004
49.950001
49.200001
48.750004
49.500004
50.100002
50.400002
50.100002
50.700001
50.700001
49.350002
49.500004
49.350002
51.000004
49.500004
49.950001
47.550003
49.050003
48.300003
48.600002
49.800003
48.750004
48.450001
46.950001
49.200001
46.950001
46.800003
48.300003
47.550003
49.050003
47.100002
48.000000
47.550003
49.200001
47.850002
47.850002
49.350002
47.700001
48.300003
48.750004
47.850002
47.700001
47.850002
47.850002
47.100002
47.850002
48.450001
48.300003
48.750004
48.300003
48.750004
47.700001
48.600002
48.600002
49.350002
48.750004
49.050003
49.500004
48.750004
48.450001
49.500004
48.750004
48.000000
49.200001
48.750004
47.850002
48.750004
48.300003
49.050003
48.450001
49.050003
47.850002
47.550003
46.950001
47.400002
48.000000
46.950001
48.600002
47.400002
47.100002
46.800003
46.950001
46.200001
46.350002
47.550003
46.200001
46.650002
47.100002
47.700001
47.400002
47.400002
47.400002
46.650002
47.400002
46.950001
46.050003
46.650002
46.800003
46.050003
46.350002
45.600002
46.950001
47.400002
47.100002
47.400002
46.050003
46.350002
45.450001
47.400002
48.450001
46.650002
47.850002
47.700001
47.100002
46.800003
47.100002
47.100002
46.800003
46.050003
46.650002
46.200001
46.950001
47.100002
46.650002
46.650002
46.800003
46.950001
46.350002
45.600002
44.850002
46.350002
47.100002
47.100002
46.800003
45.300003
46.800003
47.400002
47.100002
46.200001
46.350002
47.550003
46.350002
46.650002
46.650002
46.350002
46.950001
46.050003
46.950001
47.100002
45.900002
46.800003
46.950001
47.400002
45.900002
46.950001
46.200001
45.450001
46.650002
46.950001
46.800003
46.800003
47.100002
47.700001
48.450001
46.350002
46.200001
46.350002
46.650002
46.800003
47.100002
47.400002
45.900002
46.650002
45.600002
46.350002
47.850002
46.350002
46.800003
47.700001
47.100002
46.050003
44.850002
46.200001
46.650002
46.650002
46.650002
46.350002
46.200001
47.850002
47.400002
46.650002
46.950001
46.650002
47.850002
46.350002
46.950001
46.050003
47.400002
46.050003
46.350002
46.350002
46.800003
46.200001
45.900002
46.800003
46.350002
47.100002
47.100002
46.800003
46.350002
46.200001
48.000000
46.650002
46.200001
46.050003
46.650002
47.700001
47.850002
49.050003
48.600002
49.200001
49.050003
49.500004
49.350002
49.800003
50.400002
49.350002
51.000004
49.950001
50.850002
49.800003
50.250004
49.950001
48.750004
49.350002
49.950001
47.100002
46.650002
47.850002
45.900002
45.300003
45.900002
45.300003
43.950001
43.800003
43.950001
43.650002
42.750000
42.450001
43.200001
43.200001
42.750000
43.200001
42.450001
42.900002
43.200001
44.400002
43.500000
44.400002
45.300003
45.600002
46.200001
46.650002
46.050003
47.100002
47.700001
49.350002
49.350002
50.100002
49.050003
49.950001
49.800003
50.100002
49.800003
50.850002
50.100002
49.350002
49.050003
49.350002
48.450001
48.600002
49.050003
48.450001
47.550003
46.950001
46.050003
42.750000
42.750000
41.250000
40.050003
39.300003
37.650002
37.650002
36.000000
35.100002
34.950001
31.050001
29.550001
28.950001
29.250002
27.900002
28.500002
28.200001
27.300001
28.500002
27.750002
26.550001
27.300001
26.700001
27.150002
26.250002
27.300001
25.500002
27.300001
27.450001
26.250002
29.400002
29.400002
30.300001
29.700001
31.650002
31.050001
32.100002
32.100002
33.000000
33.600002
37.500000
37.500000
38.100002
39.750000
40.800003
41.400002
42.300003
41.700001
43.800003
42.750000
46.650002
47.700001
47.700001
49.350002
47.700001
49.500004
50.700001
50.100002
49.350002
50.400002
50.850002
49.800003
49.800003
49.500004
49.950001
49.350002
50.100002
49.800003
49.500004
49.050003
46.800003
46.200001
45.150002
45.600002
45.450001
45.150002
43.200001
42.750000
41.250000
41.400002
37.950001
36.450001
36.000000
34.500000
34.050003
32.400002
31.350000
31.650002
31.950001
29.700001
26.700001
26.250002
24.000000
23.400002
22.950001
22.650002
23.400002
21.900002
21.450001
21.450001
18.450001
18.600000
18.000000
18.600000
17.550001
17.850000
16.350000
17.550001
18.000000
17.700001
17.100000
18.000000
17.550001
16.800001
17.100000
16.650002
16.950001
16.200001
16.800001
15.900001
16.350000
16.800001
17.400002
17.400002
16.950001
16.950001
16.950001
16.650002
17.100000
17.100000
17.550001
17.700001
17.100000
16.950001
16.950001
16.050001
16.800001
16.800001
16.650002
16.950001
16.950001
16.350000
18.000000
17.400002
17.100000
17.850000
18.300001
19.800001
19.800001
20.850000
24.150002
24.750002
26.700001
25.800001
27.750002
27.750002
28.200001
28.950001
31.050001
31.800001
36.600002
37.650002
38.550003
40.350002
41.250000
42.000000
42.750000
43.050003
43.200001
44.250000
47.400002
49.500004
49.950001
49.800003
49.500004
49.800003
49.800003
49.050003
50.100002
51.150002
49.800003
49.350002
48.750004
48.750004
48.300003
46.050003
45.900002
43.650002
42.150002
39.900002
32.400002
30.600000
27.750002
25.500002
24.150002
21.450001
19.500000
19.050001
16.800001
16.950001
16.050001
16.650002
16.650002
17.700001
15.900001
16.650002
18.300001
17.850000
17.100000
17.700001
22.650002
22.950001
24.150002
24.150002
25.350000
25.350000
25.350000
28.050001
28.800001
28.950001
33.750000
35.550003
37.350002
37.350002
38.850002
39.750000
41.250000
42.900002
42.300003
43.950001
46.950001
47.100002
49.200001
49.500004
49.500004
48.300003
49.800003
49.500004
50.400002
49.350002
50.400002
49.350002
48.450001
49.050003
47.550003
47.850002
45.600002
47.550003
45.600002
44.850002
46.200001
45.600002
44.400002
44.700001
45.150002
46.350002
45.900002
46.050003
46.800003
46.800003
49.050003
49.500004
50.250004
51.000004
50.100002
49.950001
50.850002
49.950001
50.250004
49.950001
48.450001
48.000000
47.700001
48.750004
47.400002
46.650002
46.800003
45.600002
45.600002
44.250000
41.400002
40.650002
38.550003
38.100002
37.200001
35.100002
36.150002
35.700001
34.500000
33.450001
28.500002
28.200001
27.450001
26.700001
25.800001
24.000000
24.300001
23.400002
21.600000
21.750000
19.500000
18.450001
17.700001
18.750000
17.850000
16.800001
16.800001
17.400002
17.850000
16.800001
17.550001
15.600000
17.400002
17.700001
17.700001
17.850000
19.050001
19.950001
19.050001
19.950001
24.900002
24.150002
24.750002
25.800001
26.400002
27.750002
28.200001
30.300001
28.050001
30.450001
35.250000
35.850002
35.700001
36.600002
38.250000
38.550003
40.350002
39.000000
41.250000
43.650002
45.450001
46.050003
46.800003
47.100002
46.800003
49.050003
48.300003
48.600002
49.500004
49.950001
50.850002
51.150002
50.400002
50.850002
49.800003
50.400002
50.100002
51.600002
49.800003
49.500004
49.050003
49.200001
48.450001
48.300003
47.100002
48.000000
48.000000
48.300003
48.450001
48.000000
48.750004
49.350002
48.600002
49.350002
49.050003
48.600002
49.800003
50.400002
50.100002
49.050003
49.950001
50.850002
49.950001
49.350002
51.000004
51.150002
50.700001
51.450001
50.100002
50.400002
49.500004
50.400002
50.400002
50.400002
49.500004
49.200001
49.050003
49.050003
48.450001
49.500004
49.800003
48.750004
49.500004
48.300003
49.200001
48.300003
47.550003
48.750004
49.200001
47.850002
48.300003
48.750004
48.300003
47.550003
47.700001
47.700001
46.800003
47.550003
47.400002
48.450001
48.000000
48.300003
47.700001
46.800003
47.700001
48.750004
47.400002
47.400002
47.100002
47.700001
45.900002
46.650002
46.950001
47.100002
47.700001
46.050003
46.800003
45.450001
46.350002
46.350002
46.950001
46.800003
46.650002
46.950001
48.000000
46.650002
46.350002
47.550003
46.800003
46.800003
46.800003
46.950001
46.350002
46.650002
46.800003
46.200001
47.550003
48.600002
47.400002
47.850002
46.950001
47.100002
48.000000
46.950001
47.550003
47.550003
46.800003
48.450001
48.000000
47.850002
47.700001
48.750004
48.000000
47.550003
48.600002
47.100002
47.700001
47.550003
49.500004
48.300003
48.000000
48.300003
49.050003
48.600002
48.000000
47.700001
49.200001
48.750004
48.300003
49.950001
48.450001
48.450001
49.500004
48.600002
48.600002
48.300003
49.050003
48.750004
48.300003
48.300003
47.850002
49.800003
48.750004
49.800003
48.750004
49.200001
48.600002
49.500004
49.350002
49.950001
49.500004
50.100002
49.800003
48.600002
49.800003
49.200001
50.250004
48.000000
50.250004
50.100002
49.950001
49.950001
49.350002
48.750004
48.750004
49.350002
49.800003
49.800003
50.850002
49.800003
49.800003
50.700001
49.200001
49.500004
50.100002
49.500004
50.850002
49.950001
49.950001
50.850002
50.100002
49.500004
48.450001
49.350002
49.050003
49.950001
48.600002
49.050003
48.300003
49.050003
47.400002
47.400002
48.000000
47.100002
46.650002
47.850002
47.850002
47.550003
47.550003
47.100002
46.800003
46.800003
45.900002
47.550003
45.600002
45.900002
46.800003
46.050003
47.400002
46.350002
46.650002
46.200001
45.150002
46.050003
45.300003
45.300003
47.100002
45.600002
44.850002
45.300003
46.200001
45.450001
46.350002
46.200001
45.900002
46.800003
45.150002
45.900002
45.600002
45.450001
45.900002
46.350002
45.300003
47.100002
45.600002
46.650002
44.850002
45.900002
45.900002
46.200001
45.900002
46.800003
46.200001
46.350002
45.300003
47.100002
46.650002
46.350002
46.650002
47.100002
46.800003
46.800003
47.550003
47.850002
47.850002
47.700001
48.000000
47.850002
48.300003
48.750004
48.450001
49.200001
49.350002
50.100002
50.250004
49.950001
49.950001
49.050003
49.950001
51.150002
50.400002
50.100002
50.850002
51.450001
50.100002
49.200001
51.150002
50.400002
50.700001
50.250004
50.700001
48.000000
50.700001
49.050003
49.050003
49.050003
48.450001
49.200001
47.850002
47.850002
47.400002
45.450001
46.200001
44.850002
45.300003
45.900002
43.200001
44.850002
43.800003
43.800003
42.000000
40.800003
39.900002
40.050003
39.000000
38.850002
38.850002
38.100002
38.100002
36.600002
36.150002
35.550003
34.050003
33.750000
33.750000
34.050003
33.750000
33.300003
33.000000
32.100002
31.800001
31.800001
31.800001
32.400002
31.650002
30.450001
30.900002
30.150002
30.900002
30.150002
29.250002
29.250002
29.550001
27.900002
28.800001
27.750002
26.400002
27.000002
27.750002
26.700001
26.400002
25.800001
25.500002
25.350000
25.350000
25.050001
24.900002
25.500002
25.800001
25.500002
23.700001
23.100000
24.150002
24.000000
24.000000
23.400002
23.700001
24.000000
22.950001
24.000000
22.650002
23.700001
22.650002
23.100000
22.650002
21.900002
23.700001
22.950001
23.250000
23.850000
23.100000
24.300001
24.000000
23.700001
24.600000
24.000000
24.000000
25.650002
23.850000
24.300001
24.150002
23.700001
24.600000
24.150002
23.700001
22.650002
23.700001
24.750002
23.850000
24.150002
23.100000
22.350000
22.350000
21.900002
21.450001
22.950001
24.000000
23.400002
22.950001
22.650002
22.350000
23.700001
22.500000
22.650002
23.100000
22.950001
24.300001
23.400002
23.100000
22.950001
23.850000
22.950001
22.950001
22.350000
23.250000
23.700001
22.950001
23.850000
23.100000
22.950001
23.250000
23.250000
23.100000
22.350000
24.000000
25.350000
24.300001
24.300001
23.850000
24.300001
25.350000
25.050001
26.400002
24.000000
24.750002
25.050001
25.350000
26.100000
26.250002
27.150002
27.000002
27.900002
27.000002
27.750002
28.650002
27.300001
28.800001
27.300001
27.900002
27.900002
27.750002
27.450001
28.650002
28.050001
27.300001
27.450001
27.450001
27.750002
26.700001
27.750002
26.700001
25.650002
26.250002
26.400002
25.650002
27.150002
27.450001
26.100000
26.550001
25.650002
25.650002
24.600000
26.100000
25.050001
26.400002
25.350000
25.650002
24.300001
23.850000
24.750002
24.000000
23.700001
23.100000
23.700001
22.950001
23.700001
24.000000
23.850000
23.700001
23.100000
21.450001
22.500000
21.900002
23.100000
22.350000
21.750000
21.150002
21.000000
22.200001
23.850000
20.700001
19.500000
20.250000
20.850000
19.950001
20.250000
20.700001
20.100000
20.850000
21.450001
19.800001
19.500000
18.750000
19.800001
18.750000
20.550001
19.050001
19.200001
19.350000
18.450001
18.600000
19.350000
17.700001
17.700001
18.000000
18.750000
18.600000
18.300001
17.400002
18.300001
18.450001
17.850000
17.700001
18.000000
17.400002
18.000000
17.850000
18.000000
18.450001
18.300001
18.000000
18.600000
18.600000
20.100000
20.550001
20.550001
23.250000
20.700001
22.200001
21.600000
23.400002
25.050001
25.050001
25.350000
26.700001
27.450001
27.450001
27.450001
28.200001
29.700001
31.950001
33.000000
33.300003
34.950001
34.800003
34.800003
35.700001
36.750000
38.400002
37.200001
40.500000
42.000000
42.300003
43.200001
43.500000
44.700001
43.950001
45.450001
45.150002
44.400002
45.900002
45.600002
46.200001
45.900002
46.200001
45.150002
45.600002
45.600002
45.150002
45.600002
45.600002
46.050003
46.200001
45.600002
46.800003
44.700001
46.050003
45.150002
45.900002
45.900002
46.050003
45.600002
45.450001
44.850002
45.150002
46.050003
46.050003
46.350002
45.600002
45.300003
45.300003
46.650002
46.650002
45.450001
46.050003
45.600002
46.050003
46.050003
46.650002
46.050003
46.350002
45.900002
46.650002
45.600002
47.100002
45.450001
45.450001
46.200001
46.050003
46.200001
46.350002
45.900002
46.050003
46.050003
47.100002
47.100002
46.050003
46.650002
46.050003
46.650002
45.900002
46.650002
46.200001
46.650002
46.350002
47.100002
45.600002
45.600002
46.650002
45.900002
46.650002
45.900002
46.650002
46.200001
46.200001
47.400002
47.550003
45.450001
46.350002
46.350002
46.050003
45.600002
47.400002
46.650002
46.050003
46.650002
46.350002
46.200001
46.050003
45.900002
46.800003
45.900002
46.650002
46.050003
46.950001
45.900002
45.600002
46.800003
47.100002
45.900002
46.200001
46.050003
46.800003
46.950001
46.350002
46.200001
46.200001
46.950001
45.900002
46.650002
46.050003
45.450001
46.650002
45.300003
45.450001
45.900002
45.900002
45.450001
45.150002
44.700001
44.550003
43.500000
44.700001
44.400002
42.900002
44.250000
44.550003
43.500000
43.500000
42.450001
42.150002
43.050003
42.450001
42.450001
43.050003
42.450001
43.500000
43.050003
42.150002
42.450001
43.200001
43.650002
43.800003
43.200001
42.750000
43.650002
44.400002
43.650002
42.900002
44.550003
44.250000
44.250000
45.150002
43.950001
44.550003
45.150002
44.400002
43.950001
43.050003
43.500000
44.400002
44.250000
45.150002
45.450001
44.250000
43.050003
44.250000
43.650002
43.800003
43.950001
42.750000
44.850002
43.800003
44.550003
44.550003
42.900002
44.550003
42.900002
42.450001
43.050003
42.450001
42.150002
41.400002
42.450001
42.900002
41.400002
43.050003
43.200001
42.000000
42.750000
41.550003
40.650002
41.400002
41.700001
39.750000
40.650002
40.800003
41.250000
40.800003
40.800003
40.050003
41.100002
40.500000
40.800003
42.450001
40.500000
40.800003
41.100002
39.750000
40.350002
38.850002
38.250000
38.250000
36.600002
36.750000
36.000000
35.250000
35.700001
33.750000
33.450001
31.800001
31.800001
32.550003
31.050001
29.550001
30.900002
28.950001
30.900002
30.300001
30.300001
29.250002
30.150002
30.150002
31.950001
30.450001
30.900002
30.600000
31.650002
31.350000
31.950001
35.550003
36.450001
37.200001
36.900002
37.200001
39.150002
38.550003
39.300003
38.850002
41.100002
44.400002
43.500000
44.850002
46.050003
45.150002
46.200001
46.050003
47.700001
45.900002
47.850002
49.500004
49.050003
49.200001
49.350002
49.050003
49.050003
49.350002
50.250004
49.200001
49.050003
49.500004
50.100002
49.350002
49.500004
48.000000
49.350002
48.000000
49.950001
49.950001
49.350002
47.700001
48.000000
47.700001
48.450001
48.750004
48.000000
47.700001
47.700001
47.850002
47.850002
48.450001
48.600002
47.700001
48.000000
47.700001
47.100002
48.000000
49.200001
48.000000
47.100002
46.800003
46.950001
46.050003
46.650002
46.350002
45.450001
45.450001
45.300003
44.550003
44.700001
44.400002
44.400002
44.400002
44.550003
44.400002
44.850002
43.800003
43.800003
43.950001
43.650002
44.250000
43.650002
44.250000
44.400002
43.200001
43.950001
44.250000
44.400002
43.200001
42.900002
43.950001
44.400002
43.800003
43.200001
43.950001
42.900002
43.800003
42.900002
42.750000
42.300003
41.400002
42.000000
42.450001
41.100002
40.500000
40.050003
40.500000
40.650002
40.650002
40.500000
40.500000
40.050003
40.800003
41.100002
41.250000
41.700001
40.500000
40.650002
41.100002
40.800003
42.300003
42.900002
42.900002
43.050003
43.500000
43.050003
42.750000
42.300003
43.050003
42.150002
40.500000
39.000000
38.550003
37.650002
38.250000
38.250000
36.150002
35.550003
34.800003
33.450001
30.900002
30.900002
29.550001
30.300001
30.300001
28.950001
27.450001
27.900002
27.300001
27.900002
26.400002
25.800001
27.000002
26.700001
25.500002
25.350000
25.800001
25.800001
25.500002
26.400002
26.100000
27.000002
26.400002
26.250002
26.700001
26.250002
25.650002
26.400002
26.400002
28.200001
28.050001
27.900002
28.950001
28.800001
29.400002
29.550001
29.250002
29.700001
29.400002
30.600000
32.550003
31.800001
32.550003
32.550003
33.450001
32.550003
34.350002
34.800003
33.600002
33.600002
36.000000
37.200001
36.750000
36.450001
37.200001
37.950001
38.850002
36.750000
39.150002
38.850002
40.350002
40.500000
42.150002
42.450001
42.000000
42.300003
43.650002
43.800003
44.250000
44.250000
47.400002
47.700001
48.600002
49.350002
49.050003
50.250004
51.000004
51.150002
51.600002
51.900002
54.150002
54.900002
54.600002
55.650002
54.900002
54.750004
55.650002
56.700001
56.700001
56.700001
56.100002
56.100002
57.300003
55.800003
56.550003
55.800003
57.150002
55.800003
57.000004
57.000004
54.900002
55.350002
54.600002
55.050003
55.500004
54.600002
55.650002
54.600002
55.050003
54.000004
53.250004
51.900002
53.100002
52.500004
52.350002
51.750004
52.650002
52.950001
53.100002
51.450001
50.400002
51.000004
51.000004
50.700001
50.850002
50.400002
50.700001
51.000004
49.200001
50.250004
49.200001
51.600002
49.350002
50.400002
49.950001
49.350002
49.950001
50.700001
49.800003
49.800003
49.950001
49.500004
49.800003
49.350002
50.250004
50.250004
51.000004
49.800003
50.400002
49.350002
49.350002
49.050003
49.800003
49.350002
49.500004
48.600002
47.850002
47.700001
47.100002
49.050003
47.400002
45.150002
45.150002
44.850002
44.400002
44.550003
43.800003
43.500000
42.750000
41.400002
39.300003
37.950001
36.450001
36.150002
35.550003
35.100002
34.200001
33.450001
32.700001
32.100002
26.700001
26.550001
25.500002
25.050001
24.900002
25.500002
23.250000
22.650002
24.000000
21.900002
21.000000
21.900002
21.600000
21.000000
20.700001
21.150002
21.600000
21.450001
21.750000
22.200001
21.150002
22.500000
22.500000
22.950001
23.250000
23.250000
22.500000
24.300001
24.000000
23.700001
25.800001
25.800001
26.250002
26.550001
28.950001
28.500002
28.500002
30.150002
30.600000
30.450001
34.500000
35.250000
35.700001
36.750000
37.200001
37.500000
38.550003
39.900002
41.100002
41.550003
44.550003
45.450001
46.050003
45.450001
46.350002
47.550003
48.000000
49.200001
49.350002
49.800003
52.500004
52.350002
52.650002
52.950001
52.650002
52.500004
53.400002
51.450001
52.650002
53.250004
52.500004
50.850002
52.350002
51.000004
50.250004
49.950001
51.000004
49.200001
47.850002
48.750004
45.900002
42.900002
44.400002
43.650002
42.150002
41.400002
43.500000
42.150002
40.800003
39.150002
37.500000
36.900002
36.900002
35.700001
35.550003
36.000000
33.450001
34.350002
34.350002
33.750000
31.050001
29.700001
30.300001
30.300001
28.200001
28.650002
28.500002
27.300001
28.050001
27.300001
26.250002
26.400002
24.900002
24.600000
24.600000
24.000000
23.400002
22.500000
22.950001
22.950001
22.200001
22.650002
21.600000
23.100000
21.150002
21.600000
21.000000
20.850000
20.700001
21.600000
19.950001
20.100000
20.100000
20.100000
20.100000
19.350000
20.100000
19.950001
19.800001
20.850000
20.250000
19.950001
19.050001
19.500000
18.750000
19.950001
19.500000
19.800001
19.200001
20.700001
20.100000
20.100000
20.850000
20.250000
19.950001
20.250000
18.600000
19.200001
20.250000
19.950001
19.350000
19.800001
20.250000
20.550001
20.550001
19.950001
19.800001
19.350000
20.550001
19.350000
19.050001
20.250000
20.250000
19.800001
19.500000
20.100000
20.550001
19.950001
20.100000
19.350000
20.250000
18.300001
19.800001
19.950001
19.500000
19.800001
18.600000
20.700001
18.600000
19.350000
19.800001
18.000000
19.050001
19.050001
18.000000
18.000000
18.600000
18.450001
18.600000
17.400002
17.100000
18.000000
17.400002
18.000000
16.050001
17.400002
17.100000
17.850000
17.550001
16.650002
16.950001
16.650002
16.950001
16.950001
16.650002
16.800001
16.350000
17.100000
16.650002
17.400002
16.800001
16.200001
16.200001
16.350000
18.300001
17.400002
16.800001
17.550001
18.600000
16.200001
16.650002
15.900001
17.100000
18.000000
16.050001
16.950001
17.550001
16.950001
17.400002
18.300001
16.800001
18.300001
18.000000
17.850000
16.950001
16.350000
16.800001
17.400002
17.100000
17.850000
18.450001
18.600000
18.300001
19.950001
19.500000
19.200001
19.350000
21.000000
19.500000
21.750000
25.050001
26.100000
26.700001
26.700001
27.750002
28.800001
29.550001
31.350000
31.800001
32.100002
36.750000
37.500000
39.750000
40.350002
40.500000
40.800003
41.700001
42.750000
44.700001
44.250000
47.550003
49.050003
48.600002
48.450001
49.500004
49.050003
49.200001
49.500004
50.250004
49.950001
50.700001
51.450001
49.800003
50.400002
49.050003
49.050003
49.200001
49.500004
47.850002
48.000000
44.250000
44.400002
44.250000
42.750000
42.750000
42.000000
41.700001
41.100002
39.000000
39.000000
33.300003
32.550003
31.650002
31.950001
29.850000
28.650002
28.200001
26.700001
26.550001
26.400002
21.000000
20.550001
20.550001
18.600000
18.450001
18.000000
16.950001
16.800001
16.950001
16.050001
13.950001
14.250001
13.800000
12.750001
14.550000
14.250001
14.550000
15.150001
14.850000
15.900001
16.650002
18.750000
18.450001
18.600000
20.100000
21.600000
22.350000
21.750000
23.250000
24.300001
27.750002
28.800001
31.800001
31.950001
33.300003
32.850002
35.550003
35.850002
36.450001
38.850002
42.450001
43.200001
44.550003
44.550003
45.450001
46.800003
45.900002
46.800003
49.050003
48.450001
51.000004
50.250004
49.800003
51.450001
51.600002
49.500004
49.950001
50.100002
50.250004
49.200001
48.600002
48.000000
46.950001
46.200001
45.150002
45.600002
45.600002
44.250000
43.950001
42.300003
38.400002
38.100002
35.550003
35.550003
34.800003
33.750000
33.300003
31.350000
30.300001
30.150002
24.750002
22.500000
23.400002
21.750000
20.850000
20.250000
19.350000
19.200001
17.700001
17.400002
15.150001
14.850000
13.800000
14.850000
14.250001
13.200001
14.850000
14.400001
14.250001
14.700001
17.400002
16.800001
17.850000
17.700001
17.850000
18.600000
19.950001
20.250000
20.850000
21.900002
26.100000
27.750002
29.550001
29.700001
30.900002
33.300003
33.750000
34.800003
36.450001
37.200001
40.650002
41.700001
43.800003
43.500000
45.150002
45.450001
46.350002
46.350002
46.800003
48.450001
50.250004
50.400002
49.350002
50.250004
50.850002
50.850002
50.250004
50.400002
50.250004
49.800003
47.700001
48.450001
48.300003
46.800003
46.650002
46.200001
44.850002
44.550003
43.650002
42.300003
37.650002
36.450001
36.600002
34.500000
34.950001
34.500000
33.750000
31.350000
31.350000
30.300001
28.050001
26.100000
26.400002
25.500002
25.500002
26.250002
24.900002
25.500002
25.050001
24.150002
24.600000
26.250002
25.650002
27.000002
26.550001
28.500002
28.500002
29.700001
31.050001
31.050001
36.000000
37.350002
37.500000
37.500000
39.000000
39.300003
40.050003
42.150002
42.750000
43.500000
47.400002
47.700001
48.450001
48.450001
49.950001
49.950001
49.500004
49.500004
51.600002
51.600002
51.750004
51.750004
51.750004
50.400002
51.000004
51.150002
51.450001
50.700001
51.150002
51.600002
47.700001
46.650002
47.100002
45.150002
46.050003
45.300003
43.800003
41.700001
42.900002
42.900002
38.100002
37.350002
36.600002
35.250000
35.550003
34.500000
32.850002
33.000000
32.100002
31.800001
27.900002
26.550001
26.250002
26.250002
24.750002
24.600000
23.700001
23.250000
22.200001
22.500000
18.000000
18.750000
18.300001
17.850000
17.550001
16.050001
16.200001
14.700001
16.800001
17.100000
15.600000
15.900001
16.350000
16.350000
17.550001
15.900001
16.800001
17.550001
16.800001
17.400002
19.950001
19.200001
22.500000
20.550001
22.500000
23.250000
22.950001
24.750002
25.800001
25.350000
30.150002
31.350000
31.800001
33.450001
33.600002
35.250000
35.100002
37.200001
38.100002
39.000000
43.050003
44.550003
44.850002
44.850002
46.350002
46.050003
47.550003
48.300003
48.000000
48.600002
51.600002
52.350002
52.200001
51.150002
52.350002
51.750004
52.500004
52.200001
51.900002
51.750004
50.400002
48.600002
49.800003
48.750004
48.600002
48.000000
46.950001
46.650002
46.650002
45.900002
41.550003
40.050003
40.050003
39.750000
37.650002
38.550003
37.350002
36.600002
35.100002
33.750000
29.400002
29.550001
30.600000
29.550001
28.200001
27.750002
26.700001
27.300001
26.550001
26.550001
24.000000
25.050001
23.250000
22.650002
22.200001
22.500000
21.900002
22.350000
22.950001
22.650002
20.250000
21.150002
20.100000
20.700001
21.000000
20.550001
21.150002
19.500000
19.800001
19.800001
19.200001
20.250000
18.000000
18.000000
18.600000
18.750000
19.200001
18.600000
18.300001
18.600000
17.550001
18.450001
16.650002
17.550001
17.100000
17.550001
16.350000
16.650002
17.400002
17.400002
16.650002
16.650002
16.050001
17.700001
17.550001
16.800001
17.550001
17.700001
16.350000
15.600000
16.050001
16.800001
16.800001
16.050001
18.450001
16.800001
16.950001
16.800001
16.650002
17.100000
17.100000
17.550001
17.700001
16.800001
16.350000
17.400002
16.200001
18.300001
16.350000
19.050001
17.700001
17.100000
17.100000
17.550001
17.550001
17.850000
17.550001
17.100000
19.050001
18.450001
18.450001
17.700001
18.450001
18.450001
18.750000
17.400002
17.850000
17.100000
18.000000
18.450001
17.550001
17.700001
18.450001
19.200001
18.450001
17.400002
18.600000
18.000000
17.850000
18.300001
18.600000
19.500000
18.750000
19.200001
18.450001
17.850000
19.050001
18.750000
19.500000
18.600000
18.450001
17.400002
17.700001
18.300001
19.200001
18.600000
18.300001
18.000000
18.450001
17.850000
19.350000
19.050001
19.200001
17.700001
18.600000
19.200001
19.050001
18.750000
18.750000
19.800001
18.600000
19.950001
20.550001
20.550001
18.450001
19.050001
19.350000
18.600000
18.750000
18.600000
19.500000
20.100000
18.750000
19.200001
20.250000
20.250000
18.750000
20.550001
19.950001
21.450001
20.250000
21.000000
20.700001
20.100000
20.250000
21.000000
21.450001
20.700001
21.150002
19.950001
21.150002
22.350000
20.100000
21.600000
20.700001
21.450001
19.500000
19.800001
20.250000
20.850000
21.150002
20.100000
20.100000
19.800001
21.450001
21.450001
23.250000
21.450001
21.600000
22.200001
20.850000
21.750000
21.750000
21.750000
22.950001
21.000000
22.350000
21.750000
21.450001
21.150002
22.500000
23.700001
21.600000
22.650002
21.750000
20.550001
21.600000
21.450001
21.150002
20.850000
22.500000
21.450001
22.950001
21.750000
21.150002
22.200001
24.150002
23.700001
23.250000
22.200001
22.950001
23.700001
22.350000
23.850000
22.950001
24.000000
23.100000
22.350000
23.850000
24.300001
24.150002
24.000000
25.050001
24.000000
24.600000
23.250000
24.900002
24.000000
23.850000
23.700001
25.050001
26.400002
23.850000
25.650002
25.650002
24.000000
26.100000
25.800001
25.500002
25.650002
25.350000
24.750002
25.500002
25.800001
26.100000
25.500002
25.800001
25.650002
24.750002
25.650002
26.100000
26.250002
25.650002
26.100000
25.800001
24.600000
26.400002
25.800001
27.150002
26.250002
26.550001
25.050001
24.150002
25.500002
25.350000
25.350000
26.250002
26.400002
25.800001
26.550001
25.050001
25.350000
26.250002
25.650002
24.150002
25.650002
23.850000
24.900002
24.900002
25.350000
25.800001
25.500002
25.500002
26.550001
25.650002
25.500002
26.100000
25.800001
26.700001
24.000000
25.350000
26.100000
25.650002
25.350000
25.800001
25.800001
24.900002
25.650002
25.350000
26.250002
25.500002
26.100000
25.650002
25.050001
24.900002
24.750002
25.800001
24.750002
25.650002
25.500002
25.350000
22.650002
23.700001
24.300001
24.000000
24.900002
24.600000
23.250000
24.300001
24.150002
23.400002
25.500002
23.400002
23.850000
24.000000
24.000000
25.650002
23.850000
24.150002
23.250000
24.000000
24.300001
23.400002
24.150002
22.650002
24.000000
24.750002
24.900002
24.300001
24.750002
23.100000
23.850000
23.700001
24.750002
23.100000
23.400002
23.700001
24.000000
23.100000
23.850000
24.000000
24.600000
22.950001
23.850000
22.950001
23.400002
22.950001
22.200001
23.250000
24.000000
23.400002
22.650002
22.350000
23.400002
23.700001
22.950001
23.250000
23.100000
22.200001
23.100000
22.350000
23.100000
23.400002
23.400002
22.350000
22.350000
23.400002
23.850000
22.350000
24.000000
24.000000
21.000000
23.400002
24.150002
23.250000
23.400002
23.100000
24.000000
23.100000
23.850000
23.400002
22.950001
23.850000
22.950001
21.600000
22.350000
20.250000
22.200001
21.900002
22.500000
21.450001
22.500000
22.350000
23.100000
22.500000
25.350000
24.750002
23.850000
25.650002
22.950001
24.750002
24.600000
24.750002
25.650002
23.850000
23.400002
23.700001
23.100000
24.150002
23.700001
24.300001
23.850000
24.750002
23.850000
23.850000
24.300001
23.700001
22.650002
24.600000
24.900002
25.350000
24.600000
23.400002
24.150002
24.000000
24.300001
24.150002
24.750002
23.100000
23.250000
24.750002
24.750002
25.050001
25.050001
24.600000
24.150002
24.000000
24.900002
25.800001
25.350000
24.300001
24.300001
25.500002
25.350000
26.700001
25.650002
26.100000
24.600000
27.000002
26.550001
27.450001
27.750002
27.900002
27.150002
28.950001
27.900002
28.050001
26.400002
26.700001
27.900002
26.400002
26.250002
27.450001
26.550001
27.750002
27.150002
27.900002
27.300001
27.150002
27.750002
27.900002
28.650002
28.200001
27.450001
27.450001
28.800001
28.200001
27.000002
28.200001
29.400002
28.500002
27.900002
27.900002
28.800001
28.500002
28.650002
28.650002
28.050001
28.500002
28.200001
28.200001
28.800001
27.900002
29.550001
27.300001
27.150002
28.050001
27.150002
27.150002
26.250002
28.050001
27.300001
26.250002
26.400002
26.400002
26.700001
25.650002
25.800001
26.550001
25.800001
24.600000
24.750002
22.950001
24.900002
25.050001
23.700001
24.300001
24.600000
23.100000
23.850000
23.400002
23.250000
21.600000
22.200001
22.650002
22.350000
22.500000
21.750000
22.350000
22.200001
21.900002
21.450001
21.000000
20.850000
21.600000
21.000000
21.450001
21.000000
20.850000
20.700001
21.000000
19.350000
20.850000
19.950001
20.700001
20.100000
18.750000
18.750000
19.200001
20.100000
19.050001
19.500000
18.450001
18.600000
18.600000
19.050001
19.050001
19.050001
17.850000
17.700001
19.500000
17.550001
18.750000
17.550001
18.600000
16.800001
18.450001
18.300001
18.750000
20.550001
17.100000
18.000000
17.850000
18.300001
18.600000
18.450001
18.450001
18.750000
18.000000
18.000000
17.850000
18.750000
18.450001
17.850000
18.450001
18.750000
18.300001
18.300001
18.000000
18.600000
19.350000
18.300001
17.850000
18.300001
17.850000
17.850000
17.400002
19.050001
18.600000
18.000000
17.850000
17.400002
18.600000
18.000000
18.300001
17.550001
18.750000
17.850000
17.100000
17.400002
16.950001
18.300001
18.000000
18.600000
17.700001
18.300001
17.550001
16.800001
18.450001
16.350000
17.100000
17.400002
16.950001
18.000000
16.650002
17.400002
17.700001
16.950001
16.950001
17.550001
17.400002
18.450001
16.800001
18.450001
19.050001
18.750000
16.950001
19.050001
16.650002
16.650002
17.100000
17.100000
18.000000
17.550001
16.950001
18.750000
17.700001
17.400002
18.000000
17.700001
17.550001
16.800001
16.950001
17.550001
17.100000
17.550001
18.000000
18.300001
18.000000
17.400002
17.550001
17.850000
18.750000
17.700001
17.550001
16.650002
17.100000
17.100000
17.850000
16.650002
17.550001
16.800001
16.200001
16.050001
16.200001
17.100000
16.950001
17.100000
17.700001
16.650002
16.200001
16.200001
17.550001
17.700001
17.850000
18.450001
18.300001
17.100000
18.300001
17.850000
16.800001
17.850000
18.000000
17.700001
16.800001
16.800001
16.950001
15.600000
18.450001
16.350000
16.800001
15.600000
16.350000
17.400002
17.850000
16.800001
17.550001
16.950001
16.050001
16.800001
17.850000
18.750000
18.750000
16.650002
17.850000
18.750000
18.600000
17.700001
18.750000
19.500000
21.000000
19.500000
21.000000
21.150002
22.350000
20.250000
22.350000
21.150002
22.200001
22.200001
25.350000
24.150002
25.050001
24.300001
25.050001
24.900002
24.750002
25.650002
24.900002
26.250002
25.500002
26.250002
25.650002
26.100000
28.200001
27.450001
27.300001
27.150002
27.750002
27.150002
28.050001
27.900002
27.450001
28.500002
27.000002
28.650002
27.300001
27.750002
27.450001
29.400002
28.800001
27.150002
28.200001
28.500002
29.250002
29.400002
29.400002
30.150002
29.550001
28.950001
28.650002
29.250002
29.700001
30.600000
28.950001
29.250002
29.250002
28.650002
28.500002
29.550001
29.700001
27.450001
29.250002
29.250002
29.250002
27.750002
28.050001
29.550001
27.900002
27.300001
28.050001
27.450001
27.900002
27.450001
27.300001
27.150002
27.000002
26.700001
25.650002
27.150002
25.350000
26.100000
25.500002
25.050001
23.400002
25.350000
24.300001
24.300001
23.700001
23.850000
21.600000
21.750000
22.200001
22.350000
21.750000
24.150002
21.600000
20.850000
21.150002
21.600000
20.550001
20.700001
21.150002
19.500000
21.000000
20.550001
20.250000
21.000000
19.350000
20.250000
21.600000
19.500000
20.850000
18.000000
19.500000
18.750000
18.000000
18.300001
18.750000
17.850000
18.300001
19.050001
17.100000
17.850000
17.700001
17.550001
17.700001
18.000000
18.000000
17.850000
18.450001
18.000000
17.700001
17.550001
18.300001
18.300001
18.300001
18.300001
17.400002
17.700001
18.750000
18.750000
18.000000
18.600000
19.800001
18.450001
18.300001
18.450001
19.950001
18.450001
18.600000
19.350000
19.800001
20.250000
20.250000
20.850000
19.200001
21.000000
20.250000
20.100000
20.850000
21.150002
20.850000
21.900002
21.750000
21.450001
20.700001
21.450001
21.000000
21.450001
23.850000
23.250000
23.100000
22.650002
22.500000
23.100000
23.400002
23.250000
23.250000
24.600000
24.750002
23.400002
23.700001
23.850000
25.050001
24.600000
24.600000
23.700001
24.000000
24.150002
23.850000
23.700001
23.250000
24.300001
24.750002
25.800001
24.000000
23.100000
24.750002
23.250000
24.150002
24.150002
25.350000
23.250000
23.700001
23.400002
23.250000
23.850000
23.400002
25.500002
23.100000
22.650002
23.400002
21.900002
23.850000
22.650002
22.350000
22.650002
22.500000
22.350000
21.600000
21.600000
21.750000
21.600000
22.650002
21.150002
21.000000
20.850000
21.000000
21.750000
20.850000
20.550001
20.850000
20.700001
19.950001
20.850000
20.550001
20.700001
19.800001
20.700001
20.250000
20.850000
20.100000
19.350000
19.500000
18.600000
19.200001
19.050001
20.250000
18.300001
18.300001
18.600000
18.300001
18.300001
17.550001
18.300001
18.600000
19.500000
18.600000
17.550001
19.800001
18.300001
18.450001
17.400002
17.100000
18.000000
18.600000
18.450001
17.850000
17.550001
17.700001
17.100000
16.350000
17.700001
17.850000
16.650002
16.650002
16.800001
18.000000
17.400002
16.800001
16.200001
16.800001
16.350000
16.200001
17.400002
17.550001
16.800001
16.800001
17.850000
16.050001
16.350000
16.350000
17.100000
15.600000
15.900001
16.200001
15.900001
17.100000
17.400002
16.950001
16.350000
16.200001
15.900001
16.200001
16.950001
14.850000
15.900001
16.650002
15.900001
15.450001
17.100000
16.650002
16.950001
15.600000
15.600000
15.900001
16.650002
16.050001
16.200001
17.400002
16.200001
16.200001
16.350000
14.850000
16.050001
15.450001
16.050001
16.950001
15.450001
16.200001
15.900001
17.400002
16.650002
17.400002
17.550001
16.350000
17.400002
17.850000
17.100000
17.700001
16.650002
17.400002
17.100000
17.850000
18.000000
16.800001
17.550001
17.400002
18.450001
17.850000
17.850000
17.100000
18.750000
17.700001
18.450001
18.000000
17.700001
19.500000
18.300001
18.600000
19.950001
19.800001
20.250000
19.500000
18.600000
20.700001
19.350000
20.550001
20.700001
19.950001
19.950001
19.800001
19.200001
19.200001
20.250000
19.350000
17.550001
18.300001
18.300001
18.600000
17.550001
19.050001
18.600000
19.200001
19.200001
19.050001
17.850000
17.100000
17.100000
17.550001
18.000000
18.450001
17.400002
17.400002
17.850000
18.000000
18.450001
18.300001
19.350000
18.450001
19.350000
17.850000
17.700001
18.600000
17.550001
17.550001
18.300001
17.550001
18.600000
17.100000
17.100000
16.950001
17.700001
16.800001
17.850000
18.450001
17.850000
16.200001
16.350000
17.400002
17.100000
17.700001
17.550001
17.400002
16.200001
17.100000
17.400002
17.700001
16.800001
17.100000
17.550001
16.950001
16.050001
16.350000
17.550001
16.050001
17.400002
16.950001
17.550001
17.100000
16.350000
16.050001
16.950001
16.950001
17.700001
16.350000
16.800001
17.550001
16.350000
16.950001
17.550001
16.650002
16.350000
15.900001
16.950001
16.650002
16.650002
16.050001
16.050001
16.950001
16.350000
17.100000
17.400002
15.900001
15.900001
16.950001
16.050001
16.950001
16.800001
16.200001
15.150001
15.600000
15.900001
16.200001
16.200001
16.650002
16.800001
15.600000
15.900001
16.050001
14.700001
16.800001
15.150001
15.300000
15.600000
15.150001
15.900001
16.050001
14.550000
15.150001
15.150001
14.250001
14.850000
15.900001
14.850000
13.950001
14.850000
14.400001
14.550000
15.300000
13.500001
13.800000
13.800000
12.900001
12.300000
12.750001
12.900001
14.400001
13.200001
11.100000
12.750001
11.550000
10.650001
12.300000
10.800000
11.400001
11.100000
8.850000
8.700001
8.100000
7.650000
9.000000
7.950000
8.700001
7.350000
7.650000
8.100000
7.350000
7.500000
5.250000
5.100000
6.150000
4.200000
4.800000
3.750000
5.250000
4.800000
4.050000
4.350000
4.050000
2.850000
3.600000
2.700000
3.000000
3.600000
2.550000
3.600000
2.700000
2.400000
2.550000
2.700000
3.300000
2.550000
1.200000
1.650000
1.350000
1.350000
1.950000
2.550000
2.400000
1.800000
2.550000
2.850000
1.950000
2.400000
1.950000
2.100000
2.100000
1.200000
1.200000
2.400000
1.350000
2.550000
2.400000
1.950000
2.550000
2.550000
1.650000
2.550000
2.550000
2.700000
1.650000
2.400000
2.100000
2.700000
2.100000
2.100000
2.850000
1.650000
1.350000
1.650000
0.300000
1.200000
2.100000
1.800000
0.900000
0.000000
0.150000
0.150000
1.050000
1.350000
0.300000
0.300000
0.600000
1.200000
-0.600000
0.000000
0.150000
0.900000
1.050000
0.150000
1.350000
0.150000
0.450000
1.650000
0.900000
1.650000
2.400000
1.800000
1.050000
1.950000
1.950000
1.650000
3.300000
3.600000
2.700000
1.800000
2.550000
1.800000
2.550000
3.600000
4.050000
5.850000
5.100000
4.800000
4.800000
3.750000
4.500000
5.250000
5.250000
6.900000
6.600000
5.700000
6.600000
6.000000
7.350000
7.350000
6.150000
7.650000
8.100000
7.650000
8.700001
8.250000
9.300000
9.150001
7.950000
9.600000
7.650000
9.300000
9.900001
10.500000
10.350000
10.650001
9.750000
10.050000
9.600000
10.350000
10.800000
10.350000
11.100000
12.000000
12.150001
12.150001
12.900001
12.750001
11.850000
11.400001
11.850000
12.300000
13.500001
13.500001
12.450001
13.200001
12.900001
12.900001
12.300000
12.900001
13.200001
12.750001
13.500001
12.000000
13.050000
12.750001
13.500001
13.800000
13.500001
14.700001
14.700001
15.900001
13.950001
12.750001
13.500001
14.700001
13.800000
14.850000
14.700001
15.600000
14.400001
16.350000
13.650001
15.150001
15.300000
14.700001
14.400001
16.050001
14.400001
14.700001
13.650001
14.850000
14.850000
14.700001
14.700001
15.150001
15.300000
15.150001
15.150001
14.400001
15.900001
14.550000
16.950001
16.200001
16.050001
17.400002
17.100000
17.550001
17.550001
17.100000
17.100000
18.300001
19.200001
20.250000
20.550001
20.850000
21.600000
21.900002
21.900002
22.950001
23.850000
23.100000
26.100000
27.450001
27.300001
28.500002
29.400002
30.150002
29.250002
31.200001
31.050001
32.400002
34.950001
34.950001
35.700001
35.550003
35.700001
37.950001
36.450001
37.200001
37.200001
38.100002
39.300003
39.300003
39.150002
41.250000
41.250000
41.550003
42.150002
42.450001
42.900002
41.700001
43.500000
44.250000
43.950001
45.300003
43.200001
43.650002
43.650002
44.400002
43.800003
44.250000
44.700001
44.550003
44.700001
44.550003
45.150002
44.850002
45.300003
45.600002
45.600002
45.600002
46.050003
45.450001
45.600002
45.600002
45.300003
45.600002
46.050003
46.350002
45.900002
45.450001
46.050003
45.300003
46.350002
45.300003
45.300003
46.200001
45.900002
45.600002
45.600002
44.550003
44.700001
45.300003
44.400002
44.700001
44.400002
44.250000
44.550003
43.650002
44.400002
42.750000
43.650002
42.300003
42.300003
43.650002
43.800003
43.200001
42.750000
42.750000
43.950001
43.500000
43.950001
42.750000
43.050003
43.500000
44.250000
43.950001
43.200001
42.150002
42.150002
43.500000
43.800003
43.200001
43.800003
43.200001
43.650002
43.650002
44.550003
44.550003
45.150002
43.500000
45.450001
43.950001
43.950001
45.150002
44.700001
43.200001
45.300003
45.450001
44.550003
44.700001
43.950001
45.600002
45.450001
45.150002
45.900002
45.150002
45.300003
45.600002
44.700001
43.650002
44.550003
44.400002
45.450001
45.300003
44.700001
44.700001
45.600002
45.900002
46.650002
46.650002
45.900002
47.100002
46.200001
47.400002
46.800003
47.100002
47.700001
47.550003
48.600002
49.500004
48.750004
48.300003
48.000000
48.300003
48.600002
48.750004
49.050003
49.050003
48.450001
48.000000
48.600002
48.450001
49.050003
48.750004
48.300003
47.700001
48.300003
47.400002
48.300003
49.050003
48.300003
47.400002
49.050003
48.300003
48.000000
47.700001
47.550003
47.700001
47.100002
47.850002
47.850002
48.600002
48.450001
48.300003
47.700001
49.050003
49.050003
49.200001
49.950001
48.750004
49.500004
50.100002
49.200001
49.800003
50.850002
49.500004
49.950001
49.800003
50.250004
49.350002
50.700001
49.350002
49.950001
50.700001
49.500004
49.950001
49.350002
49.350002
50.400002
49.200001
49.950001
49.350002
49.500004
49.950001
49.050003
49.950001
50.700001
48.450001
49.500004
49.350002
48.600002
49.200001
49.050003
48.600002
49.200001
49.200001
48.600002
48.450001
48.450001
49.800003
48.750004
47.550003
47.850002
48.000000
47.550003
46.950001
46.950001
47.400002
47.550003
46.800003
47.100002
47.700001
47.700001
46.950001
46.950001
48.000000
48.300003
46.800003
47.100002
47.400002
46.950001
47.100002
46.350002
46.050003
46.950001
47.100002
46.800003
46.800003
47.700001
46.800003
48.600002
46.800003
46.200001
47.550003
47.550003
49.200001
47.700001
46.200001
49.500004
47.400002
48.000000
48.450001
48.750004
48.000000
48.000000
47.400002
49.050003
48.450001
49.350002
49.950001
49.800003
49.200001
49.200001
48.750004
49.200001
49.800003
49.200001
49.350002
48.750004
49.500004
49.950001
48.600002
50.850002
49.050003
50.850002
49.050003
49.800003
50.250004
49.050003
50.250004
50.850002
50.100002
50.850002
49.800003
50.250004
50.400002
49.950001
51.600002
49.500004
51.600002
50.850002
50.250004
49.500004
50.100002
50.250004
50.850002
50.250004
50.100002
50.700001
50.100002
49.800003
50.400002
49.800003
50.250004
49.800003
49.800003
50.850002
49.350002
50.700001
49.500004
50.700001
50.100002
50.100002
49.800003
49.950001
49.800003
50.250004
50.700001
50.100002
49.200001
49.050003
48.300003
48.450001
48.600002
47.700001
48.300003
47.550003
48.450001
47.700001
46.800003
45.300003
45.300003
43.800003
42.300003
42.900002
43.050003
42.450001
41.700001
40.650002
40.650002
38.850002
36.900002
35.550003
35.100002
35.550003
35.250000
33.000000
33.750000
32.850002
32.100002
30.300001
27.300001
26.550001
27.450001
27.900002
26.400002
26.250002
25.050001
24.300001
23.700001
21.150002
20.250000
19.350000
19.200001
19.350000
17.550001
18.300001
19.800001
18.600000
18.300001
16.650002
14.850000
15.600000
15.300000
16.050001
14.700001
14.850000
15.300000
15.300000
14.700001
14.700001
13.950001
14.700001
15.600000
14.400001
15.150001
14.850000
15.600000
14.850000
16.050001
17.700001
18.450001
15.600000
17.100000
17.100000
18.300001
18.000000
18.600000
19.350000
19.500000
18.450001
20.550001
19.500000
20.550001
21.150002
20.850000
20.850000
21.450001
22.200001
22.500000
24.000000
23.100000
24.300001
23.100000
23.850000
24.300001
24.750002
24.750002
24.900002
24.150002
26.550001
26.250002
28.500002
27.000002
27.000002
27.000002
27.150002
27.450001
26.700001
27.900002
29.700001
28.650002
28.050001
29.400002
29.550001
28.500002
28.200001
28.650002
28.800001
28.950001
28.200001
28.200001
28.800001
29.250002
27.750002
28.200001
29.250002
27.450001
28.050001
28.200001
28.050001
28.500002
28.050001
28.200001
28.050001
28.050001
29.250002
29.700001
29.250002
28.500002
29.550001
28.200001
28.800001
29.400002
28.500002
30.450001
28.650002
30.600000
28.950001
29.850000
31.200001
30.300001
32.400002
29.700001
31.050001
29.850000
31.800001
31.050001
32.100002
31.800001
33.750000
32.550003
32.550003
32.550003
32.850002
33.450001
32.700001
33.600002
32.850002
33.000000
32.100002
32.850002
32.850002
34.050003
34.200001
32.700001
34.050003
33.450001
33.750000
33.750000
35.550003
36.600002
36.900002
37.350002
37.500000
38.550003
38.550003
39.000000
37.650002
39.150002
40.800003
42.000000
42.900002
43.050003
43.200001
42.450001
43.650002
44.250000
45.300003
44.700001
46.800003
47.400002
48.000000
46.800003
47.850002
49.050003
47.700001
48.600002
48.750004
49.200001
49.500004
48.600002
49.200001
49.500004
49.950001
49.500004
49.500004
49.200001
48.300003
50.850002
49.350002
48.600002
48.450001
48.000000
48.600002
46.800003
47.400002
46.800003
47.100002
44.700001
43.800003
42.750000
42.150002
42.000000
41.550003
41.400002
41.100002
40.500000
39.900002
39.600002
36.150002
35.100002
34.950001
34.350002
32.700001
32.400002
32.100002
32.700001
30.450001
30.300001
27.300001
25.650002
27.000002
25.350000
24.750002
25.350000
25.050001
23.850000
23.400002
22.950001
22.200001
21.150002
21.450001
21.450001
20.700001
21.000000
20.550001
20.100000
20.700001
20.550001
19.950001
20.850000
20.550001
19.950001
20.550001
20.100000
19.350000
20.100000
20.250000
21.150002
19.800001
20.100000
19.800001
18.750000
19.050001
19.200001
20.250000
18.450001
18.600000
20.250000
19.200001
19.950001
19.500000
19.500000
18.750000
19.350000
19.200001
19.350000
19.350000
19.500000
19.200001
20.100000
19.500000
19.500000
19.050001
19.200001
19.800001
19.050001
19.500000
19.200001
19.500000
18.450001
20.250000
18.750000
18.000000
19.200001
18.600000
18.300001
19.500000
19.500000
18.000000
20.250000
20.250000
19.350000
20.550001
19.800001
18.750000
18.450001
18.600000
18.600000
19.050001
17.550001
19.500000
19.200001
18.750000
19.200001
18.450001
19.800001
18.600000
18.600000
19.350000
19.200001
17.850000
19.200001
19.350000
17.850000
19.500000
18.300001
19.050001
18.300001
19.200001
18.000000
19.500000
19.200001
19.500000
19.350000
18.750000
19.500000
20.100000
19.500000
19.200001
19.950001
19.500000
20.550001
19.350000
19.800001
20.850000
20.100000
20.850000
19.050001
20.850000
21.600000
21.450001
21.750000
23.100000
22.350000
20.700001
20.700001
21.450001
23.100000
21.450001
21.600000
22.500000
22.350000
21.450001
23.100000
22.200001
22.650002
22.200001
23.700001
23.250000
24.600000
25.050001
24.600000
24.750002
24.300001
23.850000
25.650002
25.800001
24.150002
26.100000
26.100000
26.700001
26.700001
26.400002
26.400002
27.300001
26.550001
27.000002
26.100000
28.500002
28.050001
27.150002
28.050001
27.150002
28.500002
27.150002
27.750002
27.300001
27.300001
28.800001
27.750002
28.200001
27.750002
28.050001
27.150002
27.150002
27.900002
28.500002
25.650002
26.700001
25.500002
25.650002
24.000000
24.900002
24.750002
25.500002
25.800001
24.600000
24.750002
23.250000
22.500000
23.400002
23.850000
22.650002
22.950001
22.500000
22.350000
22.350000
22.500000
21.000000
21.150002
22.200001
22.500000
20.850000
21.600000
22.350000
23.700001
21.900002
22.500000
22.350000
22.650002
22.950001
24.600000
23.850000
22.950001
22.650002
22.950001
22.500000
23.850000
23.400002
23.250000
24.000000
24.000000
23.850000
24.150002
23.400002
24.000000
23.850000
23.850000
25.050001
25.500002
24.900002
24.750002
26.100000
25.500002
24.750002
24.900002
24.900002
25.800001
25.650002
25.050001
27.150002
25.800001
26.250002
25.800001
25.650002
25.800001
26.400002
26.550001
27.300001
27.750002
26.250002
26.550001
28.050001
27.000002
26.400002
26.700001
25.800001
25.800001
27.750002
27.300001
27.300001
27.750002
27.000002
27.000002
27.300001
28.050001
27.150002
27.450001
27.000002
27.150002
27.450001
26.250002
28.050001
27.300001
27.300001
26.550001
27.150002
27.000002
28.200001
27.300001
27.900002
28.050001
27.000002
25.800001
28.200001
27.300001
27.300001
28.650002
27.000002
26.100000
26.550001
25.650002
26.700001
27.000002
26.550001
25.800001
24.600000
23.850000
24.750002
25.350000
24.000000
23.400002
24.600000
24.000000
23.850000
23.400002
25.350000
24.750002
22.650002
22.650002
22.950001
22.650002
22.950001
23.700001
24.150002
22.950001
22.350000
22.500000
24.000000
22.500000
22.200001
22.500000
23.250000
23.250000
23.700001
22.500000
23.850000
23.250000
24.000000
23.400002
24.600000
22.650002
23.100000
23.700001
24.150002
21.450001
23.100000
23.700001
24.750002
22.200001
22.650002
24.300001
23.100000
24.150002
22.950001
24.750002
23.700001
24.750002
25.050001
24.000000
23.850000
24.600000
24.150002
24.150002
23.850000
24.150002
24.600000
23.700001
24.000000
24.000000
24.600000
23.250000
23.100000
25.650002
24.150002
24.300001
24.750002
23.700001
24.900002
24.150002
24.150002
24.150002
23.850000
24.000000
24.000000
24.900002
24.000000
23.850000
24.600000
24.000000
25.050001
22.950001
24.150002
24.750002
22.350000
23.100000
22.650002
23.250000
23.850000
21.750000
23.100000
24.000000
22.950001
23.250000
23.700001
22.350000
23.400002
22.650002
23.850000
22.650002
22.950001
23.250000
23.100000
23.850000
22.650002
22.950001
22.950001
21.900002
21.150002
22.350000
22.650002
22.950001
23.250000
23.700001
23.400002
22.500000
23.100000
22.500000
23.100000
23.250000
22.200001
22.950001
22.350000
21.600000
21.600000
22.200001
22.200001
22.500000
21.000000
21.900002
20.700001
20.700001
21.600000
22.500000
21.000000
21.450001
22.200001
21.600000
20.850000
22.350000
20.850000
21.450001
20.700001
21.000000
20.850000
20.550001
22.200001
20.700001
21.600000
21.600000
20.250000
21.750000
20.550001
20.850000
19.350000
20.250000
21.000000
19.950001
21.000000
20.550001
19.350000
21.000000
20.850000
20.550001
20.550001
19.500000
19.200001
19.350000
20.850000
20.100000
20.700001
19.950001
19.950001
19.350000
20.250000
22.200001
19.800001
20.100000
19.350000
19.950001
19.950001
21.450001
19.800001
19.950001
21.000000
19.950001
20.250000
20.550001
19.950001
18.750000
19.350000
18.450001
18.450001
19.800001
19.050001
20.250000
19.800001
19.200001
20.100000
18.750000
19.200001
19.200001
18.000000
18.750000
19.200001
18.300001
19.500000
19.350000
19.350000
19.050001
18.750000
19.800001
19.050001
20.700001
19.200001
19.200001
19.350000
20.700001
19.800001
20.850000
19.800001
18.300001
20.100000
18.750000
19.800001
19.050001
19.050001
20.700001
19.800001
17.700001
20.250000
19.800001
19.350000
19.350000
18.750000
19.200001
19.800001
18.750000
19.800001
19.800001
19.200001
20.250000
18.750000
19.950001
19.050001
20.100000
18.300001
19.350000
19.500000
19.350000
19.500000
19.950001
19.050001
18.450001
19.950001
18.450001
18.450001
19.200001
18.450001
19.350000
18.000000
19.200001
18.600000
19.050001
20.250000
19.050001
18.750000
18.750000
19.500000
19.050001
20.250000
19.050001
18.600000
19.500000
19.050001
19.800001
19.200001
19.200001
19.200001
18.600000
19.050001
19.500000
18.450001
17.550001
18.600000
19.800001
19.050001
20.550001
19.050001
19.800001
19.200001
18.750000
19.800001
18.600000
19.350000
19.350000
19.950001
20.250000
19.500000
19.200001
19.950001
19.800001
19.950001
19.950001
19.800001
20.700001
20.100000
18.750000
19.200001
19.500000
19.500000
19.200001
20.100000
18.300001
19.200001
19.350000
19.200001
19.800001
19.800001
18.300001
18.750000
18.750000
20.100000
17.550001
18.450001
20.100000
19.050001
18.450001
19.350000
18.600000
19.050001
18.300001
19.200001
19.050001
18.600000
18.300001
18.750000
19.050001
20.250000
18.600000
17.550001
18.300001
18.450001
18.600000
17.700001
19.350000
18.450001
18.300001
19.500000
18.000000
17.850000
18.000000
19.050001
17.700001
18.450001
18.750000
18.300001
18.600000
19.500000
17.850000
17.100000
18.450001
17.400002
19.350000
19.350000
17.400002
18.600000
19.200001
18.000000
18.600000
18.600000
17.850000
19.050001
18.450001
18.600000
18.750000
17.850000
18.750000
19.800001
19.050001
20.100000
18.600000
18.600000
18.600000
18.600000
19.800001
18.750000
19.800001
19.500000
19.200001
19.200001
17.850000
19.500000
19.200001
19.950001
18.600000
19.200001
19.350000
21.000000
19.950001
20.100000
19.200001
19.800001
21.000000
19.350000
19.800001
18.750000
18.750000
19.350000
19.200001
19.950001
19.800001
17.400002
19.800001
19.500000
18.750000
19.350000
18.600000
19.500000
19.950001
20.550001
19.500000
19.350000
19.050001
19.050001
19.050001
19.350000
19.800001
19.050001
19.050001
18.600000
19.950001
19.050001
18.600000
19.050001
20.850000
19.200001
18.750000
18.750000
18.750000
18.600000
18.750000
21.000000
18.750000
18.000000
19.050001
19.200001
19.500000
19.050001
19.050001
18.450001
19.500000
19.200001
19.050001
19.350000
19.350000
19.200001
18.000000
18.750000
18.450001
18.600000
18.300001
19.050001
17.700001
19.200001
19.800001
18.000000
19.200001
18.450001
18.450001
19.500000
20.250000
19.800001
19.050001
19.350000
19.200001
18.750000
18.750000
19.200001
19.500000
19.050001
19.800001
18.450001
19.500000
18.600000
17.400002
18.750000
18.600000
18.300001
17.550001
17.700001
17.400002
17.400002
17.400002
16.200001
16.200001
15.300000
16.950001
15.900001
18.000000
16.800001
16.350000
16.800001
17.100000
17.700001
18.000000
17.850000
16.650002
17.550001
17.400002
17.550001
17.400002
18.600000
18.300001
17.550001
19.050001
18.600000
20.100000
20.850000
21.600000
22.200001
21.450001
21.600000
22.350000
22.200001
23.700001
23.100000
24.000000
24.150002
24.750002
24.600000
25.050001
25.350000
24.750002
25.650002
24.150002
24.900002
25.050001
24.750002
24.600000
23.700001
23.100000
23.250000
23.850000
23.850000
23.250000
22.650002
21.900002
21.000000
20.700001
20.850000
20.250000
19.500000
19.500000
19.800001
20.850000
19.500000
18.300001
19.050001
17.400002
18.750000
17.850000
17.850000
19.500000
18.450001
18.750000
18.450001
17.550001
17.550001
17.850000
18.000000
19.350000
17.100000
17.850000
18.300001
17.550001
17.850000
18.300001
16.800001
17.850000
17.550001
17.850000
18.450001
19.050001
18.000000
19.050001
18.750000
18.000000
19.050001
17.700001
19.200001
17.850000
18.600000
19.050001
18.600000
19.050001
20.250000
19.500000
18.750000
19.800001
20.700001
20.100000
20.250000
19.050001
19.950001
19.500000
19.200001
21.000000
20.250000
19.500000
20.250000
19.200001
19.500000
20.100000
19.950001
18.600000
19.950001
19.350000
19.200001
20.550001
20.100000
19.500000
19.050001
20.100000
19.800001
19.050001
18.600000
19.050001
17.850000
19.350000
18.000000
18.300001
19.050001
20.550001
19.350000
18.750000
20.250000
18.300001
19.050001
18.600000
19.200001
19.050001
18.000000
18.300001
18.450001
19.350000
19.350000
18.300001
19.050001
18.300001
18.000000
19.800001
18.600000
18.450001
18.600000
18.600000
18.750000
19.050001
18.300001
19.500000
19.200001
19.200001
18.600000
18.600000
18.600000
18.750000
19.050001
19.050001
19.050001
19.800001
19.200001
19.350000
19.050001
19.800001
19.500000
18.750000
19.800001
19.200001
19.950001
19.800001
18.450001
18.750000
18.450001
19.800001
19.950001
19.500000
19.050001
18.600000
18.600000
19.200001
19.200001
19.350000
19.200001
18.750000
18.750000
20.250000
19.800001
19.050001
18.300001
19.800001
18.600000
19.350000
17.850000
19.500000
19.800001
19.050001
19.200001
19.350000
19.050001
18.450001
18.000000
18.450001
18.600000
18.300001
19.350000
19.950001
18.450001
19.500000
18.750000
18.300001
19.950001
18.600000
19.800001
19.200001
18.000000
17.700001
19.800001
18.300001
19.350000
19.200001
19.950001
18.000000
19.500000
20.550001
19.500000
18.750000
19.500000
19.050001
18.600000
18.750000
19.200001
17.850000
19.500000
20.100000
19.200001
19.950001
20.100000
17.700001
19.050001
19.050001
20.100000
19.050001
18.450001
19.350000
19.050001
18.300001
18.600000
18.600000
19.350000
18.750000
20.100000
19.050001
19.950001
19.050001
18.600000
17.700001
19.350000
19.200001
18.000000
18.750000
18.750000
18.450001
19.050001
19.050001
19.200001
19.350000
19.050001
19.500000
20.100000
18.750000
19.950001
18.750000
18.600000
18.300001
19.500000
19.800001
18.450001
19.950001
19.200001
19.050001
18.450001
18.450001
19.950001
17.700001
17.100000
18.000000
18.750000
18.450001
18.450001
18.750000
19.200001
19.800001
18.750000
19.050001
18.450001
19.200001
19.050001
18.000000
18.000000
19.500000
18.750000
19.050001
18.450001
19.200001
18.450001
17.850000
18.000000
17.550001
18.600000
20.250000
20.550001
19.800001
18.300001
19.050001
18.450001
18.750000
19.800001
19.350000
18.000000
19.200001
19.050001
18.750000
18.750000
19.500000
19.050001
18.450001
18.300001
19.050001
19.050001
19.050001
18.000000
20.250000
17.700001
19.950001
18.000000
18.450001
18.450001
19.050001
17.400002
18.600000
18.750000
19.050001
18.450001
18.450001
18.300001
19.350000
18.000000
18.300001
18.750000
18.450001
19.050001
18.750000
19.200001
18.000000
18.000000
18.600000
19.200001
17.550001
18.450001
17.700001
18.600000
19.200001
18.750000
18.300001
18.450001
18.750000
19.200001
17.700001
16.950001
18.000000
17.700001
19.350000
18.000000
18.000000
19.200001
18.750000
18.000000
18.300001
18.450001
18.300001
18.450001
18.600000
18.750000
17.400002
17.850000
18.000000
18.000000
18.000000
19.050001
18.000000
19.050001
18.450001
18.750000
18.300001
18.600000
19.200001
18.000000
16.650002
18.300001
18.450001
18.300001
18.750000
18.300001
19.350000
19.050001
18.000000
18.000000
18.450001
18.450001
18.300001
19.200001
19.200001
18.750000
18.600000
18.750000
18.450001
19.800001
17.850000
18.000000
17.700001
19.350000
18.450001
18.600000
19.200001
18.750000
18.600000
17.100000
18.450001
18.750000
18.450001
18.450001
19.050001
18.600000
17.700001
19.500000
17.850000
19.050001
18.300001
17.850000
17.550001
19.200001
19.500000
19.050001
18.750000
18.300001
17.700001
17.550001
18.750000
17.850000
18.750000
18.750000
18.750000
19.050001
18.000000
18.750000
19.350000
19.500000
17.550001
17.550001
19.200001
19.200001
18.750000
18.000000
18.300001
18.600000
19.050001
19.050001
18.300001
18.000000
18.300001
19.350000
18.300001
18.000000
18.300001
19.050001
18.600000
19.350000
19.200001
18.450001
19.050001
17.400002
18.000000
18.450001
17.850000
16.950001
17.850000
18.600000
18.750000
18.000000
19.500000
18.300001
18.300001
18.300001
18.300001
18.300001
17.400002
16.800001
18.000000
17.850000
18.000000
18.750000
18.300001
17.400002
18.750000
17.100000
17.100000
17.550001
19.200001
18.750000
18.750000
16.650002
18.750000
18.450001
18.000000
19.500000
17.700001
17.700001
17.550001
16.650002
19.350000
19.200001
19.200001
19.200001
17.850000
17.550001
18.750000
18.000000
17.400002
18.600000
19.350000
18.600000
18.600000
18.450001
18.750000
19.050001
18.600000
18.000000
18.000000
18.450001
18.750000
19.500000
19.500000
18.750000
16.950001
18.450001
19.200001
19.800001
19.350000
19.950001
18.600000
20.700001
20.700001
19.950001
20.250000
20.850000
21.000000
21.900002
21.450001
22.650002
22.500000
22.650002
23.400002
23.100000
23.250000
24.000000
24.000000
24.750002
23.250000
25.050001
24.900002
25.650002
25.500002
26.100000
25.650002
26.250002
26.550001
26.250002
26.700001
27.150002
27.150002
28.200001
28.650002
28.200001
28.200001
28.050001
28.500002
28.200001
28.500002
29.400002
29.700001
29.400002
29.700001
29.400002
30.150002
29.550001
30.300001
28.950001
29.550001
29.550001
30.300001
30.450001
30.300001
30.300001
30.600000
30.600000
30.300001
31.950001
32.400002
32.850002
32.550003
32.850002
32.100002
32.550003
32.700001
31.800001
31.950001
31.350000
32.550003
31.950001
31.950001
31.950001
31.650002
33.000000
32.400002
31.650002
31.650002
31.650002
32.850002
31.800001
32.100002
32.100002
32.550003
32.550003
31.650002
31.350000
32.550003
31.800001
31.950001
31.200001
31.950001
32.700001
30.900002
32.400002
31.050001
32.100002
31.050001
31.200001
32.400002
31.350000
30.450001
31.200001
31.050001
31.200001
30.450001
30.300001
29.700001
29.700001
30.450001
30.600000
31.350000
29.850000
30.150002
31.050001
30.900002
30.900002
30.900002
29.400002
30.900002
30.450001
30.450001
29.700001
30.600000
29.550001
28.950001
29.400002
28.200001
29.550001
29.850000
29.400002
28.650002
29.250002
29.400002
29.550001
29.400002
28.650002
29.400002
29.400002
30.900002
31.050001
30.150002
28.800001
29.250002
29.400002
28.200001
28.950001
28.650002
29.250002
27.750002
29.250002
28.500002
29.250002
28.800001
27.900002
27.300001
28.200001
28.650002
28.050001
28.650002
29.700001
27.450001
27.900002
29.850000
28.200001
27.900002
27.000002
28.650002
27.300001
26.250002
28.050001
26.700001
27.450001
28.500002
27.450001
27.750002
27.300001
27.900002
28.200001
27.300001
27.750002
27.750002
27.750002
27.900002
27.900002
28.050001
27.150002
26.700001
28.200001
27.300001
27.300001
26.400002
27.150002
27.150002
26.550001
26.400002
26.400002
27.300001
26.400002
25.800001
27.450001
28.050001
26.700001
27.150002
28.050001
27.150002
27.000002
26.400002
27.300001
25.650002
25.800001
27.000002
27.000002
26.100000
26.250002
26.100000
26.400002
26.250002
26.400002
26.250002
25.050001
25.800001
25.650002
24.900002
25.650002
26.250002
25.800001
26.250002
26.100000
26.400002
25.350000
25.350000
25.350000
25.650002
25.350000
24.300001
24.900002
24.600000
23.400002
24.000000
24.600000
23.250000
23.250000
23.700001
22.650002
23.850000
22.650002
23.850000
21.450001
22.650002
21.150002
21.450001
19.950001
20.100000
21.000000
20.100000
21.600000
20.700001
19.500000
20.100000
19.500000
19.950001
19.950001
19.800001
18.750000
19.200001
19.050001
20.850000
21.150002
20.100000
20.850000
19.950001
19.950001
20.850000
20.550001
20.850000
19.500000
20.850000
19.800001
20.850000
21.150002
21.000000
20.850000
21.750000
21.750000
21.600000
22.500000
22.500000
22.350000
22.500000
22.350000
21.600000
21.900002
22.500000
21.900002
23.700001
22.350000
21.900002
22.950001
22.950001
22.650002
23.700001
22.650002
22.500000
21.900002
23.250000
22.950001
22.200001
21.900002
22.650002
22.500000
22.950001
24.300001
22.500000
22.650002
21.600000
22.950001
22.650002
23.100000
22.350000
22.350000
21.900002
22.350000
23.850000
23.700001
23.850000
23.100000
23.850000
23.700001
24.000000
24.900002
25.050001
24.600000
26.100000
26.250002
26.250002
26.400002
27.750002
27.450001
27.150002
28.050001
29.700001
31.050001
29.700001
30.300001
30.900002
31.200001
31.350000
33.000000
32.850002
34.950001
34.500000
35.550003
35.550003
35.100002
36.450001
36.000000
36.000000
36.900002
37.500000
37.950001
39.750000
39.000000
39.300003
39.000000
39.300003
40.050003
39.300003
40.800003
40.350002
41.550003
41.700001
42.150002
41.700001
42.450001
40.800003
42.450001
42.450001
42.900002
41.550003
43.050003
42.300003
42.150002
41.700001
42.150002
42.900002
42.900002
43.500000
42.750000
44.550003
44.250000
43.500000
42.300003
43.800003
42.750000
43.650002
42.900002
43.050003
43.650002
43.650002
43.500000
43.050003
43.050003
42.750000
42.900002
42.300003
42.900002
43.500000
42.450001
43.050003
42.300003
42.150002
42.000000
42.150002
42.150002
41.250000
42.450001
41.400002
41.400002
41.100002
40.050003
39.600002
39.750000
39.150002
39.750000
40.050003
39.600002
39.000000
39.000000
39.000000
38.100002
37.200001
36.750000
37.650002
36.450001
38.400002
35.850002
35.850002
35.850002
36.600002
35.250000
34.950001
33.750000
33.450001
35.100002
33.450001
33.300003
33.000000
32.700001
32.550003
29.850000
29.700001
29.700001
29.550001
30.450001
29.850000
29.700001
27.450001
28.200001
27.000002
26.400002
26.400002
25.500002
26.400002
25.050001
26.100000
24.000000
23.850000
24.000000
23.850000
22.200001
21.600000
22.200001
21.900002
22.950001
21.750000
20.700001
20.100000
21.450001
20.700001
20.100000
19.950001
19.200001
18.750000
19.500000
18.300001
19.050001
17.850000
19.200001
19.800001
18.300001
18.450001
18.000000
17.400002
17.850000
17.550001
16.650002
17.700001
16.800001
16.350000
15.900001
16.350000
16.200001
15.900001
16.800001
17.100000
15.900001
16.050001
15.600000
16.350000
17.100000
15.450001
16.800001
16.800001
16.050001
16.050001
15.900001
17.100000
16.650002
16.650002
17.400002
17.700001
16.050001
16.650002
17.400002
16.800001
17.550001
16.350000
16.200001
16.800001
16.950001
17.850000
17.100000
16.800001
17.100000
16.350000
15.900001
16.800001
16.200001
17.100000
16.950001
18.600000
17.550001
17.550001
15.300000
16.200001
16.200001
16.200001
16.650002
16.050001
16.350000
15.450001
15.600000
15.450001
15.450001
16.350000
16.650002
15.900001
16.350000
16.050001
17.700001
16.050001
15.150001
16.650002
17.400002
17.550001
15.450001
16.950001
16.200001
15.300000
16.950001
17.100000
17.100000
16.350000
16.350000
16.950001
17.400002
15.900001
15.450001
15.600000
16.650002
16.950001
15.900001
15.450001
15.450001
15.450001
16.350000
15.300000
15.300000
