-2.389313
-3.480916
-1.900763
0.763359
2.984733
-0.908397
-3.832061
-1.595420
2.030534
-2.282443
-4.038168
-1.847328
-1.320611
3.068702
-3.946565
-3.175573
-0.419847
0.038168
-7.465649
-2.038168
-1.068702
-0.854962
-2.770992
-2.045802
0.679389
0.015267
-2.190840
-5.389313
-0.916031
4.297710
-1.206107
-2.068702
-3.061069
-1.893130
3.526718
-0.511450
-0.862595
-5.557252
-0.557252
2.595420
-0.328244
-1.496183
0.343511
-4.694656
0.259542
-1.961832
-2.801527
-5.099236
-2.580153
-2.725191
0.595420
-0.259542
-0.801527
-1.938931
-3.893130
-1.206107
0.374046
0.564885
-1.702290
-3.419847
-2.351145
-5.152672
-1.786260
-0.251908
-0.458015
-1.038168
-3.198473
-1.480916
1.175573
-0.091603
-5.992366
-1.160305
-0.473282
0.519084
-0.251908
1.320611
2.839695
3.267176
-3.503817
0.625954
-0.465649
0.961832
3.740458
-2.938931
0.412214
3.419847
1.877863
1.389313
-2.076336
3.946565
4.236641
1.358779
1.114504
-1.442748
1.206107
2.793893
2.557252
0.030534
-1.374046
-2.251908
-0.854962
-0.572519
-3.007634
0.664122
1.099237
1.763359
0.618321
-3.053435
1.335878
2.198473
0.465649
2.992366
1.526718
2.862595
2.282443
0.977099
0.648855
0.442748
2.206107
3.114504
1.549618
2.862595
-1.206107
1.343511
-0.549618
0.961832
0.595420
0.213740
1.671756
0.335878
0.076336
-2.206107
-1.175573
0.679389
-1.610687
-1.137405
0.503817
1.335878
2.068702
1.015267
2.259542
-2.717557
-0.748092
-0.320611
-0.366412
-0.572519
-5.175572
-4.167939
-2.824427
-1.694656
0.137405
-3.687023
-2.152672
-0.977099
0.229008
1.297710
0.541985
-0.198473
2.664122
2.251908
0.763359
1.442748
-0.572519
3.450382
-0.877863
-0.709924
-1.068702
0.908397
1.259542
-0.549618
1.832061
-3.480916
-0.213740
0.221374
-3.030534
-3.198473
-2.862595
-5.580153
-5.175572
-1.351145
-1.290076
0.038168
-3.748092
-2.603053
-3.916031
-1.908397
-7.900764
-5.305344
-1.106870
-0.442748
-3.381679
-4.435114
-3.847328
-0.717557
0.694656
-4.022901
-0.725191
-2.557252
-2.160305
0.038168
-2.335878
-6.183206
-4.625954
-2.167939
-2.320611
-0.061069
-2.854962
-2.587786
-0.251908
1.969466
2.572519
0.893130
0.396947
-1.923664
0.809160
4.007634
1.725191
1.404580
2.038168
-3.320611
-1.229008
3.091603
2.656489
0.992366
0.145038
0.068702
3.389313
2.702290
2.076336
-1.381679
1.862595
2.832061
3.061069
0.587786
-3.122137
0.351145
-0.847328
-0.007634
-0.450382
-1.557252
-0.335878
3.549618
-1.091603
-2.213740
-2.694656
-0.496183
1.541985
0.877863
0.419847
-0.816794
-8.175572
-4.778626
-4.305344
-2.778626
-0.320611
-4.488550
-2.183206
-2.068702
-0.099237
-0.297710
0.335878
1.671756
2.038168
-1.076336
-1.923664
0.274809
0.236641
-0.244275
-4.511450
3.679389
2.083969
-3.854962
-3.305344
-0.633588
-1.106870
3.366412
-1.984733
-3.167939
-2.000000
-4.022901
1.061069
2.961832
-1.389313
-2.809160
-7.267176
-3.366412
-1.572519
0.549618
0.038168
0.641221
-7.587786
-3.167939
-0.519084
0.320611
-0.541985
-1.137405
1.938931
-2.938931
-3.916031
-2.755725
0.534351
-2.236641
0.923664
-4.213740
-5.572519
-0.938931
1.366412
-1.984733
-0.923664
-5.671756
0.099237
-0.633588
-3.824427
-0.496183
-3.183206
-1.503817
-2.633588
-1.343511
1.251908
2.328244
-1.083969
-1.503817
-3.473282
0.473282
-0.809160
-0.137405
-0.946565
-3.603053
1.824427
-3.480916
-1.190840
-0.832061
-4.305344
-1.045802
-1.083969
-4.129771
-1.297710
-0.389313
-4.664122
-0.312977
2.022901
-2.320611
0.885496
4.099236
1.175573
-3.007634
2.549618
-1.374046
-0.885496
-5.122138
-1.312977
3.404580
-6.160306
0.564885
1.328244
0.709924
-4.007634
1.076336
0.030534
0.931298
-1.183206
-0.061069
-1.366412
-0.740458
0.893130
-5.022901
1.083969
-3.412214
2.053435
-2.671756
1.290076
-2.900763
0.122137
-1.564885
-0.839695
3.801527
-3.938931
1.465649
-3.770992
-6.709924
1.870229
-5.068702
1.412214
-4.167939
-0.633588
-2.297710
-0.938931
2.229008
-8.083969
2.854962
-0.198473
-5.122138
-1.251908
3.129771
-0.778626
-5.870229
0.755725
-0.076336
-3.480916
-1.366412
-4.190840
4.580153
-5.427481
-6.007634
-5.435114
0.290076
1.122137
-2.007634
-4.015267
-1.000000
-1.519084
0.022901
1.099237
0.190840
2.083969
-0.984733
-3.106870
-1.465649
-6.022901
-1.404580
-2.091603
-0.816794
-1.244275
0.961832
-3.931298
-3.809160
-2.175573
-1.442748
1.564885
2.496183
1.267176
-1.167939
0.893130
-1.038168
-2.442748
-3.374046
-4.236641
1.725191
-0.984733
0.740458
1.564885
-3.603053
-1.480916
-4.221374
2.022901
2.007634
5.290076
3.572519
-0.687023
-0.984733
0.282443
0.832061
0.022901
0.549618
-3.328244
-4.679389
-3.022901
-1.145038
-1.083969
-1.366412
-7.022901
-2.969466
-3.877863
-2.076336
3.396947
5.160306
1.244275
1.305344
-0.992366
-0.061069
-4.366412
-3.267176
-1.992366
-2.404580
2.519084
-1.877863
-8.038168
-7.450382
-0.656489
-0.053435
2.122137
1.381679
-2.732824
-4.427481
0.106870
2.503817
3.595420
2.106870
1.694656
-1.694656
-1.183206
-4.961832
-0.343511
1.091603
2.145038
-1.931298
-3.832061
-7.068702
-2.725191
-1.687023
2.167939
2.335878
1.587786
2.358779
-1.977099
-4.694656
-9.992367
2.992366
6.122138
-0.083969
-6.274809
-4.541985
-1.786260
3.725191
0.183206
8.435115
3.312977
-0.221374
-2.732824
-5.106870
-7.381680
4.297710
3.961832
0.816794
-0.007634
-2.748092
-3.442748
-1.900763
-2.587786
0.786260
2.740458
1.587786
-3.641221
-5.900764
-0.687023
-2.503817
-0.328244
-5.587786
-5.007634
1.015267
-4.473282
-6.458015
-0.083969
-4.282443
-5.000000
1.473282
-2.839695
-2.328244
2.274809
-5.557252
-5.488550
2.145038
-2.511450
-5.038168
-6.572519
-6.503817
-0.160305
-2.267176
-8.045801
2.282443
3.076336
0.511450
0.519084
-3.511450
-7.778626
-6.854962
-5.664122
-1.694656
-1.671756
-0.725191
-3.076336
0.793893
0.198473
-3.458015
-4.992366
-2.267176
-5.740458
-3.320611
2.122137
-3.106870
-1.099237
-0.427481
-2.778626
-6.648855
-5.488550
-1.740458
-5.259542
-6.251908
-0.419847
-2.839695
-7.022901
-3.664122
-4.885496
-1.320611
-7.717557
-2.587786
-6.305344
-5.809160
-2.885496
-2.603053
-4.633588
-4.389313
-2.877863
-3.503817
-1.557252
-1.328244
-1.274809
-5.244275
-4.610687
-3.877863
-2.595420
-1.480916
-0.091603
-2.748092
-0.503817
-2.381679
-2.305344
-2.977099
-1.274809
-6.900764
-0.564885
-0.396947
-1.526718
-4.427481
-2.442748
1.435115
-1.335878
-4.473282
-0.251908
-3.076336
4.412214
-5.664122
-0.793893
-1.931298
-2.984733
-0.236641
-3.473282
-1.160305
-6.129771
-1.320611
-3.519084
-0.541985
-3.282443
-4.618320
-1.877863
2.923664
-4.656488
-1.312977
-1.480916
-6.076336
2.190840
-1.839695
-1.435115
-1.396947
-2.091603
-0.564885
0.290076
-6.190840
0.938931
-2.587786
-0.671756
-1.473282
-4.366412
1.992366
-1.183206
-7.236641
1.229008
-2.786260
-4.282443
-1.610687
-5.343512
-1.725191
-4.351145
-3.244275
-9.259542
4.625954
-7.740458
-1.312977
-4.618320
-5.274809
-0.351145
-10.335877
2.908397
-9.969465
-1.648855
-3.221374
-4.282443
-5.221374
-7.954198
1.061069
-5.458015
-7.183206
0.473282
-9.435115
0.015267
-8.870229
-0.748092
-4.671756
-2.671756
-0.839695
-8.053435
-0.755725
1.152672
-5.244275
-5.396946
-0.908397
-1.541985
-3.259542
2.519084
-3.198473
-7.076336
0.488550
-0.977099
-4.473282
-2.328244
0.473282
-6.442748
-3.694656
-1.519084
-7.114504
-1.099237
2.580153
-3.404580
-1.282443
0.061069
-5.625954
0.870229
-2.167939
-4.770992
4.549618
-1.152672
0.427481
0.450382
-2.717557
1.183206
1.389313
-4.938931
-3.198473
1.541985
-7.740458
-1.786260
4.954198
0.129771
-1.251908
-5.755725
2.083969
0.259542
-2.603053
2.297710
1.809160
-4.885496
0.763359
-0.099237
-1.175573
-4.473282
6.343512
-0.870229
5.610687
1.534351
3.526718
0.419847
-6.236641
-1.946565
-8.137404
-1.938931
0.793893
2.488550
-1.900763
2.374046
-3.656489
-1.847328
0.290076
-6.641222
-1.404580
2.938931
1.030534
0.885496
4.198473
-8.244275
-4.603054
-0.809160
-4.473282
3.190840
-2.229008
-1.809160
7.709924
-0.694656
6.839694
-1.916031
3.961832
-0.030534
5.603054
-0.442748
7.526718
3.984733
-1.282443
4.977099
0.923664
2.274809
3.496183
-3.664122
3.961832
-7.419847
0.389313
-1.442748
8.786260
-0.106870
3.320611
1.091603
-6.877862
2.083969
-6.282443
4.702290
-1.221374
6.625954
-0.549618
0.854962
-1.824427
-7.274809
0.916031
-1.671756
4.877862
5.740458
-1.770992
-3.679389
-2.870229
-1.564885
-6.000000
4.450382
0.977099
3.786260
4.908397
-7.167939
-0.992366
-2.969466
5.580153
-0.251908
-0.862595
1.664122
-6.305344
-0.221374
6.931298
-2.450382
-3.236641
5.656488
-2.732824
-2.648855
2.587786
-0.778626
0.267176
-1.564885
-0.404580
-1.541985
-1.152672
-4.419847
-1.015267
-1.099237
-2.450382
-2.160305
-3.030534
-3.732824
-3.022901
-2.083969
2.152672
-5.450382
-1.839695
0.190840
2.916031
-0.557252
0.244275
-0.786260
-3.145038
-0.587786
-3.732824
0.778626
-0.641221
-2.458015
-2.496183
-4.038168
-1.786260
-1.145038
0.122137
1.488550
-0.083969
-2.129771
-0.320611
-3.465649
-2.893130
-1.221374
-1.549618
2.076336
-1.083969
-0.404580
-2.480916
-2.610687
-1.030534
-0.503817
-0.954198
1.083969
-1.442748
-0.717557
-1.839695
-2.893130
-2.312977
-0.030534
-3.717557
-2.022901
-2.786260
-1.801527
-3.022901
-1.770992
-1.541985
0.427481
-1.618321
-3.580153
-1.015267
-6.099236
-2.244275
-1.534351
-2.312977
1.076336
-1.572519
0.229008
-0.702290
-2.900763
-0.732824
-3.580153
-0.366412
3.038168
-0.007634
-0.335878
-2.259542
-2.587786
-4.083970
-3.977099
-0.801527
-0.801527
-1.526718
3.244275
-2.961832
-5.847328
-0.030534
2.290076
2.244275
-0.824427
-1.480916
-0.847328
-0.709924
3.618321
-0.206107
1.442748
0.862595
1.839695
0.389313
-2.412214
-2.175573
-0.305344
-3.946565
-0.541985
-3.053435
0.389313
-0.458015
-0.992366
-2.519084
-2.465649
-2.458015
0.259542
0.122137
-5.076336
-0.236641
-0.969466
2.335878
-1.213740
0.175573
-2.572519
-0.167939
0.671756
-3.259542
-2.137405
-2.389313
-1.862595
-3.145038
-1.916031
-3.290076
-2.671756
-1.702290
-3.274809
-3.687023
-5.068702
-3.068702
-1.656489
0.312977
-5.442748
-0.427481
-2.977099
1.015267
-2.488550
-3.274809
-1.870229
-4.503817
-2.274809
-3.328244
-1.106870
-6.977099
-2.793893
-2.793893
0.152672
-5.297710
-1.343511
-4.526718
-1.389313
-4.709924
0.473282
-1.442748
-1.167939
-1.236641
-1.412214
-2.870229
-0.381679
-3.404580
-4.732824
-3.137405
-4.328244
-3.549618
-1.916031
-6.610687
0.053435
-2.717557
-1.694656
-5.877862
-4.496183
-4.358778
-3.229008
-2.916031
-5.954198
-4.251908
-0.908397
-4.000000
-2.572519
-5.740458
-4.488550
-2.816794
-2.832061
-4.396946
-1.106870
-6.290076
-2.198473
-3.091603
-4.343512
-2.251908
0.381679
-3.114504
-4.541985
-2.954198
0.900763
-2.053435
-0.862595
-3.358779
-2.068702
-2.648855
-4.045802
1.030534
-1.801527
-1.450382
-1.847328
-1.091603
-5.274809
-1.007634
-1.641221
-2.038168
-1.984733
-3.480916
-3.244275
-2.671756
1.503817
1.480916
-0.290076
0.931298
-3.977099
0.206107
-3.229008
2.000000
-4.015267
3.480916
0.076336
0.465649
3.435115
-1.961832
-2.458015
-3.641221
-2.091603
-4.893130
-2.923664
0.717557
-7.442748
0.847328
-2.870229
0.038168
-3.618321
0.786260
-5.328244
-1.053435
-4.526718
-1.374046
0.320611
4.114504
-4.770992
0.541985
-3.778626
-5.687023
-1.832061
-3.427481
-2.458015
-0.480916
-3.198473
1.282443
-3.694656
-1.381679
-3.259542
-0.198473
0.343511
0.648855
-0.290076
-4.824428
-4.030534
-1.106870
-4.931298
0.458015
1.030534
-1.687023
0.000000
-3.847328
3.656489
-1.061069
-3.725191
-2.641221
-1.572519
-4.969466
-2.809160
-2.786260
-1.633588
-5.244275
1.396947
0.030534
-1.137405
0.404580
0.458015
1.969466
-0.916031
0.251908
2.068702
-3.053435
-5.374046
-1.450382
-3.305344
-1.625954
-3.213740
-2.374046
-5.305344
-2.076336
-4.786260
-5.061069
0.572519
-4.129771
1.702290
-0.458015
-2.961832
-2.702290
-2.862595
-3.022901
-4.190840
-4.045802
-2.259542
-2.221374
-1.335878
-1.030534
-2.412214
-4.740458
-3.183206
-3.045802
1.068702
0.244275
0.564885
2.099237
3.442748
1.793893
-3.145038
-2.916031
-4.740458
-2.061069
-1.694656
-0.992366
2.702290
-3.030534
-0.893130
-3.045802
-3.114504
-2.267176
1.259542
1.274809
2.778626
2.511450
-0.366412
-5.549618
-3.190840
-0.916031
1.572519
-0.259542
0.664122
-5.732824
-1.000000
-4.290076
0.908397
1.748092
-1.748092
-3.007634
-3.664122
-1.045802
2.526718
-1.435115
-0.335878
-2.450382
-1.259542
-5.267176
-4.274809
-5.190840
0.969466
-5.442748
0.152672
-5.847328
1.893130
2.099237
-1.236641
1.801527
-2.519084
-1.351145
-0.190840
0.503817
0.694656
-1.450382
1.458015
-2.938931
-1.190840
-3.633588
-4.229008
-1.725191
-4.511450
-1.641221
-2.793893
-2.335878
5.236641
-1.129771
0.595420
-2.221374
1.007634
-2.045802
-2.175573
-3.458015
-1.679389
-2.320611
0.694656
0.580153
-1.000000
-2.748092
-4.870229
-0.595420
-1.007634
-3.106870
-2.053435
-2.793893
-0.297710
-3.038168
-3.862595
-0.312977
-0.763359
-4.175572
-0.419847
-0.053435
-0.687023
-6.083970
-1.145038
-0.511450
1.374046
-0.541985
1.251908
1.816794
-1.709924
-1.381679
-1.770992
-2.702290
-1.114504
-5.473282
-3.519084
-1.335878
-1.229008
2.274809
-2.030534
-3.671756
1.152672
-0.190840
-2.030534
-3.396947
1.206107
-1.702290
-3.213740
-0.221374
-0.809160
2.198473
-1.656489
-3.106870
0.137405
1.923664
-2.610687
-0.106870
-3.717557
1.916031
1.480916
-3.305344
0.206107
0.687023
1.587786
0.145038
-3.603053
-1.954198
-4.312977
-0.916031
-0.389313
-1.076336
-3.267176
-2.541985
-0.916031
-1.152672
-2.183206
-1.687023
-0.725191
-6.557252
2.770992
-0.931298
-1.297710
-0.916031
-1.442748
0.656489
-0.396947
-3.603053
-3.717557
-6.114504
3.664122
-0.610687
-4.603054
-1.206107
-2.763359
0.458015
2.389313
-3.801527
-0.687023
-5.183206
0.648855
0.122137
-0.916031
-0.977099
-1.877863
-3.412214
-1.816794
-7.099236
-0.038168
-0.465649
-0.786260
-0.572519
-2.137405
-3.580153
-1.534351
-1.435115
1.473282
-2.160305
2.419847
2.541985
-4.572519
0.549618
1.458015
-2.091603
-1.618321
2.183206
-0.603053
-2.366412
-4.694656
-4.259542
1.664122
-0.763359
-4.770992
1.396947
-0.916031
-2.396947
1.015267
-3.183206
-1.496183
-5.114504
-2.763359
-2.587786
-2.732824
-3.099237
-1.709924
-1.809160
-0.885496
-1.198473
0.541985
-3.114504
-6.000000
0.824427
-0.145038
-4.213740
-0.633588
-1.244275
-2.732824
-7.519084
-6.213740
0.106870
1.480916
-3.419847
-2.564885
-0.870229
-0.679389
-2.175573
-2.297710
2.549618
-1.022901
-4.816794
-1.419847
2.740458
-6.022901
-0.458015
-0.496183
-0.389313
-0.183206
-1.282443
-2.229008
-0.511450
-2.229008
-4.030534
0.213740
-0.366412
-4.282443
-2.633588
0.045802
-0.923664
-3.496183
-4.030534
-0.580153
-2.221374
1.419847
-2.748092
3.045802
-4.923664
-1.267176
-4.282443
0.931298
1.221374
0.000000
-0.572519
-4.328244
-1.442748
0.847328
-2.587786
2.106870
-3.496183
-2.694656
-2.770992
2.351145
-0.190840
-0.938931
1.061069
-1.870229
2.748092
-1.351145
-2.427481
-2.320611
-0.412214
-3.801527
1.160305
-2.274809
-3.618321
-2.160305
-3.396947
-0.312977
-1.083969
-1.847328
-0.152672
-3.641221
-1.396947
1.885496
-3.648855
-2.480916
3.717557
-2.702290
-4.206107
-3.000000
-3.290076
0.488550
-1.732824
-0.763359
-2.862595
-0.954198
0.076336
-3.267176
-4.480916
-2.053435
0.740458
0.557252
-0.465649
-1.534351
-2.618321
1.076336
-5.122138
-2.114504
-0.992366
-1.129771
0.557252
-3.007634
-3.923664
-2.221374
-3.061069
2.641221
-1.152672
-1.664122
-1.351145
-2.618321
-4.824428
-2.129771
-3.564885
-4.992366
-3.106870
-2.450382
-5.045802
-3.038168
-2.549618
-3.412214
-1.282443
1.557252
-2.992366
-3.206107
-1.000000
-5.007634
-3.954198
-0.679389
0.709924
-4.259542
-3.526718
-2.679389
3.198473
2.290076
0.465649
-1.809160
-2.885496
-5.053435
-2.404580
-1.312977
-1.656489
-3.931298
-1.862595
0.740458
0.442748
-0.564885
-3.534351
-0.725191
-1.351145
-2.335878
-2.564885
0.122137
4.007634
-3.206107
-0.694656
-1.366412
2.595420
-2.480916
-3.564885
0.450382
1.572519
-0.404580
0.893130
-0.458015
-2.167939
-0.152672
-0.473282
-1.557252
-2.862595
0.137405
-0.152672
-1.946565
1.778626
-2.992366
-2.786260
-1.320611
-4.061069
-0.862595
-4.030534
-1.000000
-0.320611
0.167939
-0.595420
1.045802
-5.236641
-0.274809
-4.251908
-2.961832
-1.839695
-1.755725
-3.076336
-5.717557
0.603053
1.305344
-3.022901
2.877863
1.381679
-1.503817
0.305344
1.290076
0.526718
-0.755725
-4.213740
-3.404580
-4.213740
-1.114504
1.038168
-5.335878
-2.015267
1.709924
-2.229008
-5.778626
-0.625954
0.137405
-4.328244
-3.083969
2.129771
-3.053435
-3.030534
-2.519084
-0.160305
-1.786260
3.679389
0.740458
-0.916031
-3.045802
-3.534351
-0.549618
1.251908
0.267176
-1.854962
0.458015
-1.954198
-0.351145
1.305344
1.045802
-3.725191
-1.732824
-6.045802
-2.511450
-2.152672
-1.320611
-2.763359
-3.045802
-1.045802
-0.793893
-0.358779
-0.435115
-4.297710
-3.022901
-2.045802
0.511450
-1.557252
-1.877863
-2.312977
1.992366
0.435115
-3.022901
-2.519084
-1.152672
0.114504
0.633588
-3.977099
-5.045802
1.068702
-1.045802
-2.969466
-4.595420
-0.297710
1.129771
0.809160
0.954198
-4.580153
-6.083970
-0.946565
-1.580153
-4.938931
-0.221374
1.793893
0.083969
-3.396947
-0.893130
-4.137404
2.801527
1.412214
0.549618
1.076336
-4.183206
1.763359
-2.381679
-0.251908
-4.595420
-3.190840
2.160305
0.030534
-2.656489
-1.351145
-0.022901
-1.961832
-1.618321
-1.137405
-2.312977
0.396947
-0.748092
-0.961832
-1.366412
1.396947
-0.229008
-0.572519
-6.526718
3.000000
0.786260
-2.564885
0.374046
0.404580
-3.145038
-2.076336
-1.801527
-3.129771
-1.106870
-4.320611
-4.412214
0.297710
-3.534351
-4.801527
-0.732824
-0.442748
-5.236641
-0.435115
2.923664
-2.969466
-0.984733
0.496183
-1.885496
-4.473282
-0.053435
1.099237
-2.427481
-1.229008
-1.702290
0.748092
-1.442748
-0.312977
-3.625954
-1.770992
-2.839695
-1.213740
-3.000000
-3.847328
-1.022901
-1.916031
-2.259542
0.213740
0.893130
-4.053435
-3.900763
-0.732824
-0.900763
-0.267176
0.916031
-5.320611
-1.748092
-2.229008
-4.312977
0.572519
0.969466
-4.587786
-3.480916
-0.931298
-0.694656
-2.740458
-4.679389
0.854962
-3.267176
0.755725
1.167939
-2.916031
-1.511450
1.396947
-2.038168
-0.656489
-1.977099
-5.053435
1.305344
-2.335878
-5.435114
-0.709924
0.419847
0.114504
2.343511
0.717557
-0.480916
-0.374046
-2.251908
-2.618321
1.099237
-2.145038
-0.351145
-4.847328
-4.786260
1.000000
-4.206107
-2.122137
-0.816794
-0.458015
0.854962
-2.229008
-6.732824
2.145038
-1.526718
2.564885
-3.687023
-1.916031
1.213740
0.129771
-2.549618
-1.709924
-4.122138
-2.083969
-0.282443
-4.198473
-2.885496
-0.679389
-1.053435
0.587786
-3.312977
-4.816794
0.572519
-1.335878
-3.870229
0.152672
0.816794
-1.175573
-1.480916
-1.992366
-3.198473
-2.419847
-5.931298
-2.083969
-1.366412
2.190840
-0.687023
3.656489
0.480916
1.618321
0.137405
-0.748092
0.633588
-0.664122
-2.427481
-5.625954
-4.717557
-2.305344
0.801527
-3.732824
-3.015267
0.679389
1.656489
-2.702290
-1.389313
-3.312977
-1.000000
3.564885
-0.969466
-2.213740
1.045802
-0.770992
1.152672
0.587786
0.183206
-2.587786
-1.198473
-1.061069
-1.549618
-6.824428
-1.244275
-3.992366
-0.473282
-0.030534
-3.458015
1.282443
0.519084
-1.778626
-3.458015
2.961832
-3.969466
-0.198473
-3.816794
2.824427
1.343511
0.511450
-0.519084
-2.580153
-1.343511
0.106870
-2.908397
-3.961832
-2.106870
-2.282443
-1.977099
-2.954198
-5.465649
-2.961832
-4.351145
-1.557252
-1.793893
-5.633588
-1.816794
-1.137405
-0.618321
-0.580153
-3.908397
-0.396947
-2.526718
-3.099237
0.290076
-3.267176
0.580153
0.221374
1.122137
-1.526718
-0.832061
-2.748092
-2.358779
-2.770992
-5.862596
-1.595420
-0.099237
-0.236641
-3.809160
-1.290076
-3.358779
-1.885496
-0.236641
-3.244275
0.022901
-3.404580
-0.244275
-1.206107
0.595420
1.923664
-0.198473
0.480916
-2.435115
0.114504
-1.183206
-0.587786
1.137405
-2.244275
-1.083969
-2.335878
-3.480916
-4.648855
1.312977
-0.824427
-2.465649
-5.190840
-6.137404
0.412214
-2.877863
1.290076
1.496183
-4.412214
-0.961832
-4.122138
2.381679
0.122137
-4.106870
-3.229008
-1.519084
-0.832061
-0.297710
-4.618320
-2.969466
-0.015267
-3.419847
-0.221374
-5.404580
-1.519084
3.000000
-1.603053
-2.473282
-1.763359
-3.244275
0.969466
0.511450
-6.305344
1.114504
0.534351
-1.473282
-2.274809
-4.923664
-0.175573
-1.656489
1.198473
-1.061069
-1.175573
-3.328244
-2.396947
1.244275
0.015267
-0.412214
-4.709924
-0.564885
-1.633588
-2.290076
-0.175573
-5.038168
0.145038
2.458015
-1.656489
-4.381680
1.083969
0.603053
-4.442748
-3.587786
-0.061069
-0.442748
0.404580
-1.732824
-3.664122
2.877863
-2.053435
-3.931298
0.732824
-0.763359
-3.061069
-2.580153
-2.511450
-0.267176
0.946565
-3.419847
-2.442748
0.251908
-1.778626
3.328244
-4.419847
-1.335878
-2.229008
1.083969
-4.519084
-4.221374
0.839695
-4.557252
-2.435115
0.687023
-2.297710
-0.389313
-1.206107
0.458015
-6.404580
-0.824427
0.923664
-0.312977
-3.519084
3.229008
0.190840
-0.198473
-2.190840
-4.366412
0.183206
-0.236641
-6.435114
-1.015267
0.076336
-0.190840
-3.595420
1.740458
-0.404580
-2.328244
-1.458015
-1.633588
-0.419847
-3.900763
1.206107
0.007634
-1.572519
-1.045802
1.213740
1.908397
-1.618321
-4.175572
-2.145038
-0.412214
-0.854962
2.809160
-3.862595
-4.786260
-0.129771
-3.717557
-2.732824
-1.160305
-3.526718
1.900763
0.992366
-2.381679
-2.030534
-3.274809
-2.671756
2.664122
0.381679
0.068702
0.641221
-1.274809
1.541985
-0.435115
-1.229008
-4.664122
-1.824427
-2.473282
0.572519
-1.259542
-2.488550
-1.839695
0.198473
-3.473282
-1.083969
1.213740
-3.099237
-0.251908
-0.419847
-2.587786
-1.213740
1.320611
1.106870
-3.725191
-2.580153
-1.687023
-3.374046
-3.656489
-1.923664
-2.816794
1.709924
1.755725
-2.587786
0.435115
-1.923664
-0.549618
-0.450382
1.610687
-0.503817
0.099237
-1.717557
-5.709924
-1.335878
-2.587786
2.297710
0.274809
-4.557252
-1.221374
-1.687023
-3.236641
-1.961832
-2.152672
0.152672
1.549618
-0.908397
-1.603053
-7.618320
-1.832061
-0.236641
-3.984733
-3.641221
-3.213740
2.702290
0.221374
-1.595420
-1.671756
-4.145038
1.061069
1.908397
-3.809160
-1.167939
-6.381680
-0.526718
-4.015267
-3.763359
2.633588
-1.061069
-1.809160
-0.221374
-4.381680
-2.267176
-2.122137
-1.419847
-3.786260
-2.435115
-0.458015
-4.832061
-0.465649
-2.824427
-0.473282
0.412214
0.145038
-0.488550
-2.183206
-3.129771
-1.549618
0.389313
-1.664122
-3.839695
-2.038168
0.511450
-1.587786
-1.183206
-2.129771
-3.007634
-4.435114
-0.488550
0.648855
-2.503817
-2.244275
-3.007634
-0.732824
-3.503817
0.648855
-0.847328
3.129771
-4.160306
-0.503817
-3.763359
1.030534
-1.854962
-2.091603
-3.274809
-4.801527
-1.526718
0.503817
-0.526718
-3.839695
-4.213740
0.786260
-1.458015
-0.633588
-5.145038
-1.534351
0.450382
-3.465649
-4.488550
-0.396947
-1.328244
-2.175573
-3.770992
-2.519084
0.282443
1.496183
-1.595420
-5.091603
-0.534351
-2.694656
-0.458015
-2.251908
-3.610687
0.404580
-2.000000
-3.694656
-0.061069
-2.679389
1.267176
-0.396947
-3.083969
-2.656489
-0.465649
-0.740458
0.160305
-2.129771
1.893130
-1.213740
-0.259542
-2.015267
0.374046
-1.664122
-0.404580
-1.435115
0.702290
-2.549618
-0.152672
-0.916031
-0.732824
-3.656489
-2.229008
-0.755725
-3.931298
-3.221374
0.847328
-1.709924
-2.374046
-4.885496
0.534351
2.335878
-2.496183
0.496183
-3.671756
-4.587786
-2.671756
-2.045802
1.770992
-0.351145
-0.435115
-5.167939
-1.450382
-4.770992
0.045802
-4.503817
0.580153
-0.648855
0.541985
0.198473
-0.053435
-3.465649
-1.732824
-1.816794
-2.404580
-1.083969
-1.931298
-1.282443
-0.358779
-1.045802
-1.145038
-2.961832
-2.343511
-1.099237
-3.839695
1.702290
0.030534
0.374046
-0.229008
-1.824427
-4.862596
-4.641222
-1.160305
-1.099237
-0.458015
1.908397
-2.381679
0.740458
-0.763359
0.267176
1.969466
-1.755725
0.931298
0.496183
-2.961832
1.221374
-1.190840
-1.763359
-1.679389
-3.732824
-2.167939
2.022901
-1.206107
-1.633588
-0.992366
0.229008
-2.656489
-1.786260
-1.320611
-4.923664
-2.312977
-3.465649
-1.053435
-1.587786
-4.938931
-2.984733
-3.229008
-4.381680
-1.129771
0.183206
-1.656489
-0.122137
-1.664122
-1.526718
-0.702290
-0.282443
-2.877863
-1.358779
-3.801527
-0.152672
0.977099
1.717557
-2.122137
-1.091603
-3.167939
-3.877863
-1.618321
0.282443
-0.007634
-1.625954
-0.763359
-1.389313
-1.312977
-3.198473
-1.908397
-2.847328
0.809160
-2.396947
-2.801527
0.725191
-1.786260
-0.267176
-0.244275
0.473282
-3.572519
-1.832061
-1.564885
-0.251908
-0.320611
-4.893130
-0.839695
-1.893130
0.076336
1.770992
-3.045802
1.206107
0.007634
0.358779
1.282443
-4.427481
-2.725191
0.114504
-2.114504
-3.648855
0.244275
1.374046
-1.381679
-0.458015
-2.801527
-2.297710
0.893130
-0.091603
-1.595420
-2.519084
-1.717557
0.664122
0.946565
-5.809160
-2.587786
2.137405
-1.832061
3.641221
-1.030534
-0.083969
-2.267176
-2.496183
-1.320611
-1.022901
3.725191
1.015267
-2.022901
-0.206107
2.045802
-2.564885
-4.068702
1.061069
1.312977
-2.954198
-1.351145
-1.625954
1.129771
-3.549618
-4.816794
1.793893
-0.312977
-5.900764
-2.534351
-0.564885
-2.236641
2.297710
-5.778626
-2.916031
-3.045802
1.175573
-1.954198
0.824427
-1.404580
0.954198
-3.534351
-2.381679
0.969466
1.679389
0.801527
-1.244275
-2.793893
-1.961832
-2.801527
-0.984733
-2.106870
0.404580
1.595420
-1.488550
-1.549618
-6.251908
-1.145038
-5.381680
0.007634
-2.114504
1.496183
1.351145
-0.152672
-2.152672
-1.206107
-4.473282
-0.862595
-1.427481
0.045802
-0.358779
-3.045802
-2.778626
-2.954198
-4.106870
-0.526718
0.244275
1.160305
0.045802
-3.496183
-0.213740
-0.328244
0.335878
1.938931
-2.824427
-1.106870
-3.465649
-1.534351
-5.549618
0.786260
-1.564885
1.786260
-3.786260
-0.282443
-4.129771
-0.114504
2.099237
-0.328244
-1.961832
-3.916031
1.656489
0.648855
-1.847328
-1.007634
-2.022901
-2.694656
-0.221374
0.114504
-0.343511
-1.717557
-0.122137
0.587786
-3.076336
-3.068702
-2.282443
-2.984733
0.358779
-3.740458
-2.870229
-0.687023
-2.259542
-1.206107
-2.221374
-1.778626
0.030534
-2.083969
-3.412214
-0.694656
-3.389313
2.183206
-6.961832
1.969466
-5.213740
0.267176
-5.091603
-0.732824
-1.709924
4.480916
-5.580153
-3.900763
2.786260
-1.763359
-3.175573
2.366412
-2.412214
-2.572519
-2.870229
1.343511
-4.145038
-1.977099
-1.748092
-3.954198
-0.145038
3.847328
-3.671756
-1.480916
0.091603
-1.900763
-2.770992
-3.038168
-1.725191
-3.748092
-1.725191
-8.870229
-3.687023
-5.488550
-3.687023
-3.030534
-3.656489
-6.770992
-1.519084
-3.633588
-4.351145
-8.045801
-9.618320
-9.038168
-3.961832
-9.595420
-8.549619
-4.740458
-8.625955
-9.396947
-10.931297
-1.282443
-9.129771
-1.183206
-4.954198
-10.511451
-5.137404
-1.755725
-3.595420
-4.328244
-6.816794
-0.045802
1.305344
-0.679389
-3.618321
-1.595420
0.931298
3.732824
-7.061069
1.305344
1.297710
-2.038168
-2.030534
4.732824
1.763359
-2.671756
5.480916
-0.167939
4.633588
2.931298
1.793893
6.221374
3.877863
6.160306
2.633588
4.137404
7.236641
-0.396947
5.740458
8.213740
4.526718
4.732824
5.404580
1.198473
9.625955
4.351145
-0.244275
9.572519
10.671756
0.259542
4.625954
6.877862
2.541985
5.603054
5.824428
3.961832
-3.236641
0.725191
7.603054
9.587787
9.541985
5.229008
0.732824
1.419847
9.694656
5.099236
4.664122
0.916031
-3.099237
-2.748092
-3.473282
-3.083969
-1.465649
1.664122
-1.251908
-0.603053
-0.633588
0.427481
-2.305344
0.358779
-1.610687
-0.175573
-4.015267
-3.335878
-4.412214
-4.870229
-7.931298
-7.625954
-2.648855
-5.167939
-3.580153
-6.213740
-3.213740
-6.061069
-4.404580
-4.885496
-5.572519
-6.312977
-8.259542
-7.870229
-10.511451
-6.587786
-10.832061
-11.274809
-9.076336
-9.748092
-8.022901
-5.847328
-6.931298
-5.305344
-4.335878
-7.435114
-6.450382
-8.519084
-6.854962
-4.290076
-9.030535
-10.534351
-4.519084
-8.572519
-4.442748
-6.908397
-3.511450
-7.236641
-5.877862
-6.053435
-8.870229
-10.129771
-4.320611
-10.343512
-5.122138
-5.083970
-8.305344
-7.290076
-10.236641
-4.282443
-7.251908
-4.381680
-9.847328
-5.931298
-8.755725
-9.847328
-5.022901
-7.862596
-3.648855
-7.732824
-8.793893
-4.343512
-10.099236
-3.984733
-7.992366
-8.206107
-7.824428
-6.770992
-5.564886
-6.916030
-7.496183
-0.152672
-1.832061
-8.870229
-8.076336
-7.694656
-0.801527
-0.198473
-3.282443
-5.274809
-6.267176
-7.488550
-2.366412
-3.381679
-3.206107
-1.740458
-4.572519
-6.862596
0.870229
-1.732824
3.419847
-3.870229
-2.343511
-2.717557
0.648855
-0.435115
-2.290076
1.824427
1.534351
3.038168
3.198473
-2.244275
2.832061
3.511450
6.664122
3.580153
5.923664
6.267176
4.442748
5.137404
3.839695
7.564886
6.305344
9.022901
9.893129
6.488550
4.061069
8.954199
8.717557
1.145038
2.412214
7.442748
5.015267
11.114504
8.473283
2.419847
9.221375
10.465649
2.580153
6.488550
3.442748
7.221374
4.763359
10.435115
1.916031
0.167939
2.030534
6.236641
4.496183
7.175572
8.244275
1.068702
0.244275
3.900763
6.763359
10.572519
0.503817
2.885496
8.427481
7.229008
3.061069
9.465649
1.977099
1.229008
0.519084
1.183206
7.160306
5.541985
4.007634
6.541985
6.290076
8.404580
4.946565
9.259542
6.358778
8.427481
6.305344
8.076336
5.419847
4.625954
3.969466
4.564886
7.610687
4.496183
7.877862
6.893130
6.793893
5.450382
6.770992
3.618321
5.618320
3.839695
2.580153
6.122138
6.167939
4.328244
4.992366
8.442748
4.267176
4.061069
6.801527
4.045802
5.618320
8.381680
1.893130
5.946565
7.122138
3.045802
3.633588
10.847328
4.122138
9.099236
6.427481
6.274809
8.328244
8.305344
9.343512
3.358779
4.419847
7.236641
4.335878
4.992366
0.435115
0.969466
2.595420
2.916031
-1.847328
-2.374046
-2.236641
-0.633588
-6.358778
-1.610687
-3.022901
-4.847328
-5.870229
-7.351145
-7.183206
-6.030534
-8.114504
-4.618320
-8.946565
-8.083969
-4.480916
-10.366412
-7.198473
-10.526717
-9.374045
-9.435115
-5.664122
-8.717557
-5.519084
-9.786260
-7.916030
-7.717557
-6.114504
-10.458015
-7.480916
-8.893129
-9.496183
-7.083970
-7.709924
-7.916030
-7.877862
-4.480916
-7.549618
-8.854961
-9.610687
-7.687023
-8.526717
-6.381680
-8.030535
-9.274809
-6.496183
-8.786260
-8.954199
-7.114504
-5.916030
-9.122137
-9.099236
-9.938931
-5.641222
-7.534351
-11.977099
-9.770992
-3.656489
-2.312977
-5.442748
-7.541985
-4.946565
-9.045801
-10.633588
-5.687023
-9.824428
-8.374045
-7.351145
-9.519084
-9.106871
-4.076336
-4.076336
-10.297709
-7.213740
-8.229008
-11.923664
-12.267176
-4.274809
-5.740458
-6.465649
-8.656488
-7.381680
-8.618320
-3.862595
-8.641221
-8.442748
-8.862596
-7.786260
-5.419847
-6.854962
-4.656488
-6.656488
-7.152672
-8.839695
-8.106871
-11.763359
-7.175572
-7.587786
-8.099236
-7.396946
-8.557252
-9.412213
-7.832061
-6.473282
-4.793893
-2.816794
-7.603054
-3.679389
-8.389313
-3.549618
-0.083969
-5.122138
-0.236641
-1.091603
-0.824427
-1.519084
-1.717557
-1.183206
0.404580
2.404580
-2.625954
0.000000
-2.633588
1.442748
-0.954198
3.473282
0.778626
1.679389
1.290076
0.496183
-0.076336
0.725191
1.786260
1.603053
-1.305344
4.137404
0.152672
3.221374
1.938931
-1.259542
2.969466
-0.458015
1.732824
-1.145038
2.916031
-2.198473
1.374046
-2.343511
3.259542
-0.885496
3.022901
0.755725
-0.694656
2.114504
-1.152672
-0.763359
-0.778626
0.748092
-4.603054
0.885496
-3.625954
-2.068702
-2.664122
3.221374
-2.374046
1.770992
0.206107
2.106870
-1.106870
-0.549618
0.389313
-3.129771
-0.809160
-1.923664
3.809160
-0.312977
1.061069
0.015267
-3.816794
-0.213740
-1.473282
-0.916031
-2.488550
-2.374046
-1.007634
-1.564885
-2.045802
-4.748092
-0.687023
-1.366412
-2.198473
-0.015267
1.297710
-3.862595
-0.793893
-1.916031
-4.618320
-0.450382
-1.229008
0.297710
-3.839695
0.129771
-2.740458
-1.786260
-1.717557
-2.328244
-4.297710
-1.534351
-1.503817
-0.435115
1.473282
-2.312977
-1.274809
-3.496183
-0.625954
-0.068702
-0.809160
-0.129771
-3.480916
-6.656488
-0.946565
-4.854962
-1.847328
-3.236641
-2.404580
-0.572519
-2.030534
-3.557252
-0.557252
-0.610687
-1.000000
-2.351145
-0.641221
-2.396947
-4.167939
-0.832061
2.190840
-2.083969
-0.923664
-1.351145
-2.671756
-2.106870
-2.511450
-2.412214
-4.839694
-1.671756
-0.900763
-2.305344
-3.091603
-2.282443
-0.656489
-3.488550
-1.893130
-2.122137
-2.396947
-0.847328
-4.595420
-1.778626
-2.732824
-2.580153
-3.641221
-2.893130
-1.786260
-0.923664
-1.809160
-1.076336
-1.374046
-2.770992
-1.938931
-4.106870
1.503817
0.106870
-0.870229
-0.984733
0.404580
-3.793893
-0.404580
-3.832061
-1.091603
4.458015
-5.633588
1.297710
0.717557
-0.183206
-0.625954
-1.274809
0.847328
0.167939
-2.641221
-1.213740
-4.099236
3.832061
-1.045802
-2.274809
2.839695
3.175573
-6.244275
5.396946
-1.122137
3.580153
1.137405
-0.419847
1.709924
-1.450382
-3.473282
0.603053
2.633588
1.038168
-1.465649
-0.717557
-2.351145
0.633588
0.083969
-2.847328
1.167939
-0.549618
-1.648855
-0.458015
-1.534351
1.145038
-2.137405
-2.122137
3.854962
-1.603053
0.358779
0.251908
-2.770992
-1.137405
-0.969466
-4.541985
-2.152672
-2.725191
-0.351145
-0.022901
-0.251908
-2.984733
-1.374046
-0.893130
-0.503817
-4.335878
-1.106870
-1.290076
2.106870
-0.793893
-0.580153
-0.641221
-0.748092
-3.748092
0.801527
-2.541985
-0.389313
-2.793893
-2.671756
-5.992366
-1.816794
-7.030534
-0.312977
-0.587786
-0.603053
-6.038168
-1.603053
-3.931298
-0.809160
-2.755725
-1.412214
-4.679389
-4.190840
-7.534351
-5.885496
-5.290076
-2.038168
-6.992366
-5.793893
-5.206107
-5.236641
-3.770992
-4.557252
-8.679389
-2.450382
-4.755725
-6.526718
-1.106870
-4.137404
-3.916031
-8.969465
-3.916031
-8.305344
-3.480916
-1.587786
-5.946565
-8.534351
-6.038168
-0.351145
-1.473282
-0.442748
-4.923664
-11.022901
-6.435114
-3.572519
-3.213740
-6.641222
-12.137404
-6.923664
-2.114504
-0.992366
-3.236641
-11.114504
-10.496183
-4.083970
-4.290076
-1.038168
-12.114504
0.267176
-7.549618
-3.412214
-3.442748
-5.458015
-7.450382
-2.618321
1.000000
-6.778626
-2.625954
-4.160306
-3.000000
-1.519084
-8.358779
-0.435115
0.671756
-5.381680
-1.824427
-4.343512
-0.450382
-4.740458
-2.893130
-1.183206
-3.992366
-5.671756
2.946565
-5.793893
-2.954198
-0.916031
-8.526717
1.251908
-6.770992
-3.435115
-1.114504
-5.557252
-0.091603
-5.534351
0.343511
-6.954198
0.793893
-8.732824
2.396947
-2.961832
-3.748092
2.541985
-4.656488
4.839694
-7.290076
1.946565
-5.778626
-0.030534
-7.473282
-3.511450
-2.870229
-5.282443
2.045802
-10.503817
-0.961832
-1.442748
-7.603054
0.625954
-4.877862
-2.610687
-0.603053
-1.129771
-1.190840
1.580153
-3.328244
0.862595
-10.687023
-0.022901
0.488550
-2.259542
3.404580
-4.022901
-4.419847
1.206107
-1.496183
0.297710
-0.038168
-1.381679
-3.358779
-2.465649
-7.847328
-4.809160
-0.267176
-2.221374
-1.503817
-6.129771
-5.236641
-2.061069
0.832061
1.221374
0.297710
-1.145038
0.389313
-1.748092
3.534351
-0.412214
0.877863
-2.801527
3.435115
-5.091603
0.938931
-3.229008
-4.328244
2.786260
-2.725191
1.221374
-2.801527
-5.251908
0.648855
-2.160305
-6.656488
0.854962
-4.603054
-2.190840
-6.183206
2.167939
-0.122137
-3.167939
2.419847
3.526718
5.068702
1.648855
-0.541985
-2.129771
-1.587786
2.343511
-0.801527
-2.816794
3.343511
1.832061
-3.931298
4.541985
-3.251908
-3.496183
-4.427481
-0.106870
5.984733
3.961832
-2.793893
-1.106870
-1.396947
-2.687023
-2.389313
-0.038168
2.854962
-0.961832
-4.351145
1.458015
-2.290076
-3.290076
-3.870229
-1.740458
-3.053435
-1.282443
4.618320
-9.396947
3.511450
-0.503817
-6.480916
2.893130
-5.564886
5.259542
-4.770992
1.374046
2.755725
-1.748092
1.671756
-5.503817
-0.465649
-5.549618
1.404580
-6.664122
3.229008
-0.587786
-1.282443
0.992366
-3.778626
-6.633588
-2.954198
4.328244
2.763359
1.290076
-0.198473
-6.664122
1.595420
1.083969
1.770992
-0.030534
1.381679
-2.267176
-2.877863
-4.480916
1.053435
-5.053435
-3.297710
1.007634
-8.106871
5.977099
-12.618320
1.236641
-6.343512
5.679389
-4.274809
-1.083969
4.412214
-0.717557
2.977099
-8.954199
4.832061
-8.618320
0.755725
1.343511
-4.312977
2.251908
-0.465649
-6.427481
-7.297710
-2.091603
-7.671756
-2.641221
-5.854962
-9.740458
-3.045802
-2.519084
-10.671756
-6.183206
-4.664122
-4.977099
-4.129771
-6.709924
-6.664122
-3.137405
-5.717557
-3.297710
-9.137404
-2.045802
-4.725191
-5.450382
-5.366412
-6.274809
-8.496183
-4.480916
-3.618321
-1.961832
-2.526718
-5.053435
-4.816794
-6.549618
-7.832061
-2.755725
-4.786260
-6.557252
-4.854962
-8.045801
-5.000000
-4.694656
-5.396946
-6.374046
-5.725191
-5.175572
-0.580153
-5.366412
-8.190840
-7.251908
-6.282443
-3.480916
-5.137404
-2.770992
-5.908397
-6.091603
-5.702290
-5.381680
-3.167939
-2.290076
-2.152672
2.213740
-4.328244
-0.610687
-1.763359
2.404580
-3.198473
1.022901
-3.824427
1.862595
-2.725191
-2.038168
-5.206107
-1.190840
-2.809160
0.572519
1.167939
-6.961832
-0.908397
1.725191
-1.946565
-1.488550
-4.427481
-2.473282
-1.381679
-2.877863
1.984733
-0.587786
-3.374046
1.122137
-4.557252
-0.770992
-1.343511
0.167939
-5.335878
-1.328244
-0.564885
-3.229008
-2.793893
0.259542
-6.694656
-3.236641
3.709924
-2.511450
-4.312977
-1.022901
0.687023
-2.687023
-2.229008
0.732824
-5.366412
-2.664122
1.503817
-0.458015
-3.977099
-1.122137
-3.465649
0.709924
-1.740458
-0.465649
-0.702290
1.160305
-2.007634
-1.656489
-2.038168
-1.702290
-0.755725
-1.396947
-1.290076
-4.206107
-2.618321
-1.351145
1.152672
-6.320611
-0.824427
-1.580153
-0.114504
-1.305344
-3.801527
-2.396947
-3.862595
1.030534
-2.557252
0.297710
-0.312977
-1.587786
-4.396946
-5.030534
-0.893130
-2.076336
-4.129771
-3.335878
-2.458015
-4.839694
-1.557252
-1.458015
-0.977099
-1.274809
0.595420
1.832061
1.664122
-1.877863
2.236641
-3.328244
2.877863
-5.343512
3.213740
-4.305344
0.343511
-3.320611
5.793893
-6.557252
-0.022901
-4.198473
-3.847328
-2.000000
-4.190840
3.229008
-1.778626
-2.213740
-6.274809
1.320611
-2.931298
-1.213740
6.786260
-2.038168
-5.580153
1.320611
0.290076
-2.641221
-3.236641
-0.641221
-4.282443
-4.290076
5.129771
-0.091603
-7.351145
-1.900763
-1.412214
-2.725191
1.305344
-1.625954
0.572519
4.748092
-3.305344
-1.206107
0.160305
-5.938931
2.595420
1.977099
-0.259542
2.572519
-1.129771
2.816794
-1.740458
-8.312977
2.312977
-1.618321
-3.114504
4.259542
2.564885
-2.435115
-0.183206
-7.450382
-4.267176
-1.022901
-0.496183
-2.000000
2.625954
-5.977099
2.450382
1.488550
-9.312977
0.793893
1.022901
-1.625954
5.549618
-3.038168
7.259542
-2.786260
-7.488550
-0.198473
-8.389313
0.320611
0.519084
0.076336
-3.557252
4.870229
-3.259542
-0.083969
-2.099237
0.145038
-0.641221
0.160305
-1.725191
-4.236641
-1.282443
-2.587786
-2.961832
-3.274809
-0.076336
1.519084
1.465649
-1.549618
0.740458
-0.030534
-3.251908
1.305344
3.526718
0.083969
2.862595
3.648855
-2.671756
1.351145
2.175573
6.709924
2.358779
-0.038168
0.923664
4.358778
0.000000
3.549618
-1.480916
1.473282
2.175573
-1.145038
-2.534351
-1.190840
1.244275
0.267176
0.083969
-3.503817
0.641221
-3.954198
-2.748092
-6.885496
-3.908397
-4.603054
-0.862595
-3.068702
-5.213740
-10.931297
-7.900764
-7.671756
-6.473282
-4.931298
-6.656488
-4.381680
-4.145038
-6.419847
-3.923664
-4.038168
-5.954198
-4.519084
-4.839694
-5.458015
-7.389313
-6.374046
-4.931298
-5.648855
-2.786260
-4.534351
-2.305344
-1.832061
-2.030534
-3.343511
-2.625954
-1.488550
-2.320611
-2.061069
-4.503817
-1.854962
-3.984733
1.320611
1.801527
-3.564885
1.564885
0.007634
1.053435
1.557252
-0.190840
3.099237
0.564885
-1.832061
-3.030534
-1.152672
1.213740
-0.763359
-2.503817
-2.000000
-2.786260
-0.251908
1.312977
-1.335878
1.183206
-0.641221
-1.961832
-0.022901
3.488550
-0.129771
-1.038168
4.083970
2.618321
0.496183
1.312977
0.961832
0.526718
-3.458015
2.786260
4.175572
-0.053435
0.458015
2.030534
0.847328
-3.045802
0.480916
0.297710
-0.145038
-0.137405
-0.832061
-2.885496
-2.236641
-0.633588
-0.015267
-0.190840
-0.137405
-1.221374
-3.648855
-1.183206
-1.938931
2.618321
-4.221374
-2.427481
0.358779
0.000000
2.862595
-1.778626
-0.015267
-2.664122
-2.954198
-2.641221
-3.198473
0.244275
0.809160
-0.625954
-2.076336
-2.656489
-3.687023
-2.908397
0.274809
-0.396947
-4.496183
-0.732824
-1.916031
-3.679389
-4.793893
-4.351145
0.496183
-1.160305
-3.167939
-2.870229
0.099237
-3.251908
0.435115
-0.725191
1.977099
2.068702
0.091603
0.526718
0.633588
2.969466
3.801527
3.580153
3.282443
3.015267
1.328244
2.404580
1.809160
3.022901
0.320611
4.076336
1.351145
4.259542
1.343511
1.061069
3.862595
-0.412214
-1.938931
1.427481
-2.419847
-0.007634
1.755725
-3.351145
0.274809
0.992366
-2.244275
0.160305
0.465649
-1.541985
0.778626
-3.396947
-3.061069
-3.885496
-3.152672
2.068702
-2.862595
2.297710
-0.610687
-2.809160
-2.061069
-2.809160
-2.870229
-1.396947
-2.076336
-3.343511
-1.519084
-4.801527
-3.145038
-2.068702
-3.129771
-4.893130
-4.732824
-5.175572
-0.511450
-2.290076
-4.358778
-3.435115
-5.030534
-2.870229
-1.534351
-3.312977
-3.198473
-2.610687
-4.198473
-5.679389
-2.648855
-5.022901
-2.213740
-2.000000
-6.351145
0.099237
-5.458015
-3.083969
-4.038168
-5.755725
-2.442748
-6.664122
-1.900763
-8.938931
-4.763359
-1.488550
-4.053435
-4.053435
-3.473282
-5.687023
-2.351145
-7.320611
-2.954198
-5.748092
-2.801527
-2.351145
-3.618321
-1.938931
-2.167939
-6.679389
-1.068702
-1.854962
-2.251908
-1.534351
-1.465649
-0.442748
-3.847328
-2.099237
-6.343512
-3.946565
-1.236641
-3.160305
-4.931298
-2.557252
-1.328244
-3.396947
-4.725191
-3.312977
-2.801527
-3.488550
-4.694656
-3.358779
-6.687023
-4.190840
-4.458015
-3.198473
-4.381680
-2.152672
-2.190840
-2.687023
-2.305344
-2.236641
-3.748092
-2.198473
-3.954198
-3.572519
-3.679389
-3.893130
-1.984733
-1.824427
-2.435115
-0.549618
-3.030534
-4.954198
0.145038
-1.977099
-0.229008
-1.938931
-2.687023
-4.335878
-0.709924
1.839695
1.282443
-1.335878
-0.419847
2.870229
3.381679
1.625954
4.053435
-0.717557
1.664122
-0.587786
0.977099
0.274809
4.885496
3.557252
6.625954
3.908397
1.221374
3.419847
4.541985
5.007634
4.038168
2.442748
2.938931
4.564886
3.977099
4.725191
3.480916
7.076336
2.465649
4.709924
3.977099
2.763359
0.572519
4.938931
1.854962
2.717557
6.190840
3.160305
3.839695
0.404580
0.045802
4.145038
9.839695
7.671756
4.877862
2.793893
6.618320
4.412214
4.694656
8.412213
6.763359
1.679389
4.320611
0.664122
-0.343511
-4.732824
-2.969466
-4.473282
-5.587786
-3.412214
-2.854962
-1.259542
-3.908397
0.442748
-0.977099
-0.557252
-4.091603
-5.679389
-4.786260
-7.015267
-3.595420
-6.870229
-3.702290
-5.198473
-7.106870
-0.923664
-5.274809
-0.305344
-1.396947
-5.725191
-5.679389
-4.893130
-6.175572
-11.587787
-10.977099
-5.603054
-9.221375
-7.343512
-6.847328
-5.923664
-6.595420
-7.931298
-7.694656
-4.175572
-2.427481
-3.671756
-4.870229
-5.832061
-3.091603
-5.938931
-6.458015
-6.480916
-7.511450
-2.931298
-6.847328
-8.160305
-1.870229
-8.351145
-7.641222
-1.717557
-15.893129
1.000000
-16.961832
-16.267176
-0.038168
-7.916030
-7.412214
-8.175572
-11.503817
-2.938931
-11.748092
-1.541985
-7.526718
-10.458015
1.801527
-12.503817
-3.068702
-4.946565
-6.152672
-1.458015
-1.274809
-5.618320
-0.419847
-7.526718
-3.145038
-6.946565
-0.832061
-8.732824
-6.839694
-2.900763
-2.381679
-6.809160
-5.870229
-4.610687
-1.885496
-7.519084
-0.213740
-12.152672
2.488550
-10.328244
-3.259542
-3.748092
-2.419847
0.007634
-1.832061
-4.099236
-3.435115
-3.526718
-5.381680
-8.030535
-5.732824
-6.183206
-4.175572
1.030534
-0.938931
-2.923664
-7.022901
-2.709924
-2.854962
-1.870229
-0.755725
-0.839695
-2.923664
-1.900763
-0.725191
-0.923664
-5.412214
-6.549618
-2.282443
0.977099
1.175573
-0.770992
-4.251908
-3.083969
-2.938931
-1.694656
-0.198473
2.572519
-2.175573
-3.412214
-3.618321
0.557252
1.068702
0.122137
0.954198
0.183206
-2.969466
-3.290076
-1.717557
0.732824
2.259542
-2.862595
-2.458015
-3.664122
2.389313
-7.503817
4.519084
-9.297709
1.251908
-1.648855
-4.335878
3.458015
-7.221374
3.885496
-7.847328
-2.129771
-0.282443
-6.870229
0.610687
-1.412214
-6.702290
-3.916031
2.160305
-1.419847
-3.465649
-4.900764
5.007634
-4.076336
-6.328244
-3.557252
4.427481
-1.396947
-5.824428
-3.687023
1.320611
-1.534351
0.267176
1.419847
-1.572519
2.053435
-1.854962
-6.679389
-4.122138
-2.893130
4.641222
2.145038
1.694656
-2.694656
-2.709924
-0.770992
-4.259542
5.595420
-3.167939
0.610687
-0.320611
-1.129771
3.229008
-6.259542
1.977099
-2.366412
-7.221374
-2.282443
-1.328244
-0.419847
-3.511450
-3.557252
-1.068702
-4.465649
-3.145038
-2.595420
-2.396947
0.931298
-0.320611
2.145038
-0.549618
-0.213740
-3.633588
-4.801527
-1.824427
-2.549618
0.175573
2.007634
0.679389
-2.931298
-2.030534
1.442748
-6.183206
-2.473282
-1.122137
-1.312977
0.893130
0.740458
0.427481
-4.114504
-4.541985
5.778626
6.740458
-0.770992
2.633588
2.297710
0.595420
1.862595
5.709924
5.961832
2.526718
6.145038
3.801527
2.862595
3.320611
3.129771
5.297710
3.954198
4.992366
2.839695
7.106870
9.312977
6.641222
-1.946565
5.564886
6.809160
9.030535
9.106871
3.198473
-1.190840
3.679389
5.824428
9.931297
4.656488
3.603053
4.832061
5.885496
3.778626
6.015267
6.083970
2.343511
9.183207
1.167939
5.320611
2.305344
8.396947
1.259542
8.725191
-1.954198
2.290076
6.839694
0.618321
7.000000
1.755725
7.877862
4.480916
9.175572
1.221374
8.389313
10.748092
-0.206107
8.625955
1.725191
11.328244
0.870229
10.877863
0.977099
8.419847
4.763359
-4.000000
13.160305
-0.076336
9.809160
2.206107
11.114504
0.656489
7.198473
5.137404
6.435114
13.450381
-3.007634
15.106871
0.030534
6.923664
6.541985
-2.106870
13.541985
-3.137405
14.320611
-0.190840
5.221374
6.167939
1.969466
14.839695
-0.854962
14.465649
-1.923664
11.259542
0.694656
6.374046
3.351145
3.862595
11.916031
-1.580153
13.671756
0.572519
7.480916
4.801527
1.778626
7.725191
7.106870
3.244275
9.511451
5.083970
4.534351
7.236641
4.137404
3.954198
6.618320
8.969465
4.015267
1.534351
5.541985
7.366412
4.916030
4.977099
10.809160
6.519084
2.954198
5.961832
7.656488
6.977099
8.839695
5.755725
4.671756
1.732824
2.854962
8.954199
6.274809
7.625954
4.465649
1.458015
3.641221
3.984733
6.083970
9.045801
10.763359
5.763359
1.923664
-0.320611
3.328244
6.488550
5.984733
10.389313
7.946565
3.496183
4.068702
3.129771
8.274809
6.030534
8.465649
4.274809
7.572519
4.923664
0.213740
2.167939
9.396947
4.717557
7.442748
9.114504
7.274809
5.679389
6.694656
0.427481
3.564885
2.076336
6.167939
7.610687
6.824428
6.190840
8.389313
3.450382
8.190840
7.267176
5.923664
3.885496
1.137405
3.694656
0.022901
8.061069
7.702290
7.709924
2.221374
3.198473
4.534351
7.419847
5.137404
4.183206
5.809160
11.297709
6.053435
7.229008
4.541985
9.770992
8.267176
8.847328
8.351145
9.145039
7.511450
2.114504
-0.374046
2.801527
3.351145
1.175573
3.618321
5.267176
5.198473
0.778626
5.633588
5.175572
0.114504
4.664122
1.648855
3.534351
1.885496
-1.328244
3.473282
4.145038
4.641222
7.442748
-5.106870
2.801527
-2.122137
0.740458
-2.381679
-2.625954
-3.167939
-0.496183
2.122137
-5.526718
-4.603054
-7.381680
-7.816794
-6.793893
-6.374046
-7.129771
-4.641222
-7.450382
-8.732824
-6.198473
-10.183207
-12.480916
-6.786260
-8.732824
-6.519084
-5.786260
-8.389313
-2.099237
-5.030534
-10.732824
-5.137404
-6.160306
-8.526717
-8.648855
-9.045801
-4.213740
-6.389313
-7.587786
-6.343512
-2.122137
-7.572519
-8.709924
-5.877862
-7.885496
-6.320611
-8.992367
-7.045802
-11.419847
-9.076336
-11.198473
-4.152672
-3.122137
-5.160306
-6.931298
-10.015267
-10.167939
-10.221375
-8.419847
-6.190840
-4.412214
-10.694656
-5.427481
-10.900764
-7.083970
-7.885496
-6.091603
-9.274809
-10.320611
-7.351145
-11.106871
-10.198473
-12.832061
-4.083970
-8.854961
-5.412214
-5.030534
-11.648855
-4.618320
-11.625955
-6.206107
-10.251908
-5.862596
-9.267176
-8.221375
-5.045802
-8.618320
-6.229008
-5.786260
-6.458015
-5.664122
-8.061069
-10.938931
-7.679389
-9.740458
-5.824428
-8.053435
-5.122138
-9.641221
-8.816793
-10.053435
-6.068702
-6.000000
-9.167939
-10.679389
-5.366412
-9.282443
-6.366412
-11.488549
-4.473282
-5.625954
-9.488549
-4.320611
-2.381679
-8.816793
-3.358779
-9.358779
-9.755725
-8.167939
-9.870229
-9.702291
-11.694656
-8.450381
-6.022901
-9.465649
-4.740458
-5.122138
-8.748092
-5.206107
-9.358779
-5.519084
-10.832061
-5.511450
-2.389313
-6.717557
-2.954198
-4.793893
-4.374046
-8.465649
-3.824427
-9.557252
-6.862596
-9.442748
-6.190840
-7.374046
-4.297710
-5.351145
-10.122137
-7.076336
-7.687023
-8.297709
-9.389313
-9.801527
-5.320611
-11.595420
-5.045802
-9.671756
-7.488550
-8.549619
-2.129771
-6.832061
-3.404580
-2.160305
-11.687023
-0.229008
-10.190840
1.312977
-7.458015
-7.137404
-5.740458
-8.603053
-2.923664
-4.221374
-10.832061
7.175572
-3.419847
3.648855
-7.503817
-7.290076
-2.175573
2.656489
-4.641222
-3.625954
-2.786260
-6.824428
0.786260
2.167939
-6.877862
-5.725191
-2.015267
-2.328244
2.763359
-8.229008
-3.893130
-4.931298
-3.396947
-1.694656
0.740458
1.267176
-1.809160
-2.809160
-4.122138
0.885496
-0.450382
-2.656489
-2.229008
-2.900763
-0.190840
-2.137405
-0.145038
-1.748092
-0.274809
-1.923664
0.022901
-1.259542
-1.129771
-0.885496
-1.137405
-1.793893
0.061069
2.847328
-2.908397
-2.251908
0.274809
-4.183206
-0.908397
-2.061069
3.618321
-1.931298
2.045802
0.603053
-1.763359
-3.893130
-0.862595
0.389313
-0.694656
-1.931298
-0.137405
-1.854962
-1.198473
-0.244275
-0.328244
-2.564885
-4.450382
-0.793893
-0.870229
-1.282443
-3.251908
-3.618321
0.389313
-3.618321
-3.152672
-2.374046
-2.832061
-0.648855
-0.099237
-0.648855
-2.748092
-0.450382
-0.954198
-1.412214
-3.137405
-2.282443
-4.442748
-1.648855
2.412214
-0.274809
-1.114504
-1.458015
-3.274809
2.038168
-1.877863
-0.992366
1.389313
-1.412214
0.511450
-2.458015
-0.534351
-0.480916
-2.587786
0.068702
-1.000000
-1.938931
-1.595420
-2.076336
-3.793893
-0.305344
-3.366412
-3.625954
1.694656
-4.557252
-0.877863
-0.557252
-4.793893
0.358779
-1.450382
-0.419847
1.656489
-2.458015
-2.511450
2.129771
1.854962
2.015267
-2.748092
-1.389313
-3.541985
-0.465649
-3.015267
-2.969466
-0.427481
0.083969
-2.312977
0.450382
-2.732824
2.412214
-4.862596
-0.549618
1.114504
-3.244275
-3.717557
-2.687023
-2.511450
-0.099237
2.824427
-0.847328
1.083969
-2.435115
-0.473282
-2.404580
-5.022901
-0.992366
-2.564885
-0.832061
-3.030534
-5.725191
1.175573
-2.778626
0.175573
3.038168
1.793893
-3.580153
-2.366412
1.229008
-0.259542
-0.076336
1.648855
2.641221
-0.587786
-3.000000
-1.534351
-2.412214
-0.007634
-2.839695
1.267176
-0.251908
-2.458015
-2.106870
-4.053435
-1.045802
2.175573
2.076336
-0.870229
-4.282443
-2.763359
-5.099236
-4.580153
-2.809160
-3.664122
-1.297710
2.923664
-4.732824
0.549618
-1.099237
1.106870
2.732824
2.480916
0.603053
1.847328
-2.664122
0.526718
1.656489
-2.068702
-0.580153
1.541985
0.160305
-2.587786
-4.282443
3.412214
-6.053435
0.137405
1.000000
-3.045802
-2.839695
1.893130
-0.938931
-3.541985
2.343511
-4.160306
-2.267176
-0.305344
-2.786260
-2.580153
-0.633588
-2.259542
0.717557
-0.312977
-2.862595
-0.854962
-1.175573
-1.717557
2.770992
0.022901
-0.053435
-1.511450
-0.740458
-5.435114
-2.389313
-2.511450
-0.358779
-1.511450
-2.129771
-2.122137
-2.709924
-5.320611
1.770992
-0.343511
1.053435
3.396947
0.992366
0.923664
-2.213740
-2.633588
1.045802
-3.297710
5.167939
-4.412214
3.801527
-3.450382
-1.290076
-1.664122
1.618321
-3.656489
0.564885
-3.106870
0.213740
-1.854962
-4.335878
-3.358779
-0.320611
-0.427481
-0.358779
-3.091603
-1.038168
-1.061069
-0.374046
-0.061069
-1.244275
-2.564885
1.877863
-1.854962
-3.603053
-0.076336
-3.458015
1.007634
-6.587786
-1.854962
-4.847328
0.961832
-2.977099
2.526718
-1.687023
-1.099237
-2.320611
-1.694656
0.458015
-2.587786
-2.236641
1.450382
-2.480916
3.488550
-3.893130
-4.793893
-6.389313
0.916031
-3.122137
1.160305
-4.587786
0.717557
-1.297710
0.267176
0.236641
-0.091603
2.099237
0.687023
-0.465649
-1.801527
-4.648855
-3.374046
4.580153
-7.152672
-1.450382
-4.053435
-3.984733
0.717557
-4.404580
1.954198
-0.007634
-4.091603
3.625954
-7.038168
0.587786
-7.503817
0.610687
1.877863
-5.167939
3.969466
-4.732824
1.908397
-2.152672
-2.618321
0.671756
-5.000000
0.755725
-6.610687
-2.824427
0.786260
-10.488549
1.458015
2.152672
-4.122138
-5.916030
2.839695
1.099237
-8.664123
4.870229
-8.175572
2.366412
-4.213740
-5.511450
2.618321
2.847328
-4.496183
-5.694656
5.664122
-7.954198
7.595420
-6.839694
2.908397
-3.801527
-3.977099
-3.656489
4.923664
-3.671756
5.427481
-6.465649
6.129771
-10.862596
2.435115
-11.916031
1.534351
3.755725
-2.992366
-6.320611
-1.854962
-0.595420
-7.473282
-4.458015
1.236641
-7.396946
7.755725
-4.335878
2.076336
-0.458015
-10.038168
4.816794
3.198473
5.267176
-0.412214
-1.053435
-3.992366
0.580153
-4.244275
-6.534351
1.312977
-7.244275
-2.038168
0.961832
-3.160305
7.801527
-2.206107
-9.061069
6.236641
-7.190840
-5.244275
1.015267
-4.961832
-8.007633
1.358779
-3.977099
-6.053435
-5.748092
-3.946565
1.687023
-1.282443
-5.511450
3.274809
0.954198
-4.595420
-0.664122
4.305344
2.427481
-2.977099
-5.503817
-1.091603
0.053435
-1.816794
-2.190840
0.687023
-2.473282
-0.435115
1.198473
1.099237
1.450382
4.854962
0.458015
1.938931
1.152672
-3.824427
-2.641221
-0.648855
3.755725
-1.603053
1.099237
-2.786260
2.374046
1.335878
2.076336
-0.916031
-2.496183
-0.412214
-3.618321
4.824428
-1.709924
4.641222
-6.091603
4.007634
-5.809160
2.190840
8.748092
-5.175572
-6.526718
4.679389
-3.175573
4.366412
0.290076
1.832061
-1.053435
-1.251908
3.778626
0.175573
2.450382
-3.687023
5.290076
-4.282443
4.320611
-5.000000
2.725191
-3.656489
-4.419847
-3.358779
-2.984733
2.404580
0.648855
-7.954198
-7.541985
-5.938931
-3.511450
-0.946565
-3.435115
-2.328244
-7.877862
-3.969466
-0.648855
-2.122137
1.427481
2.748092
-0.137405
1.541985
0.206107
-1.061069
-0.908397
0.770992
-0.671756
-2.183206
-4.015267
-3.213740
-1.083969
-7.145038
2.282443
-8.053435
-6.450382
0.419847
-5.396946
-3.358779
-2.862595
-4.083970
4.977099
-9.335877
11.114504
-8.984733
4.549618
-0.038168
1.503817
-1.000000
4.312977
-4.656488
-4.977099
-2.404580
0.267176
-3.427481
-6.030534
10.549619
-6.022901
-15.106871
9.061069
-0.183206
-16.885496
4.687023
-4.572519
-1.595420
2.664122
-7.732824
-4.244275
4.900764
-2.587786
-8.244275
-4.167939
4.015267
1.000000
-7.648855
-0.083969
0.038168
-4.885496
-8.633588
-3.778626
4.618320
4.473282
1.297710
-5.862596
-5.687023
-0.938931
7.687023
-0.801527
-2.435115
-3.610687
-2.435115
0.412214
-1.091603
-4.977099
-0.755725
-3.664122
-2.534351
0.000000
-1.961832
-5.122138
0.259542
-0.053435
-1.114504
-3.122137
-4.396946
0.312977
-8.961832
-6.572519
-0.450382
1.854962
2.526718
-2.450382
0.129771
2.610687
-1.488550
-6.465649
3.801527
-3.641221
-0.732824
-2.175573
-3.687023
-0.190840
-4.183206
-1.862595
-0.305344
-1.732824
-2.351145
0.564885
0.595420
-3.755725
-2.572519
-2.877863
1.732824
-1.564885
-2.450382
-0.671756
-0.526718
0.320611
0.702290
-0.312977
-0.229008
-4.732824
-6.137404
-1.641221
-0.580153
1.969466
0.305344
0.274809
-4.022901
0.106870
-0.877863
-0.572519
-4.381680
-2.335878
-0.312977
-1.801527
-3.511450
-3.061069
-7.221374
-0.954198
0.671756
-1.503817
1.030534
-2.083969
-1.083969
-0.885496
-0.236641
-0.687023
-1.603053
-4.190840
-1.832061
-2.419847
-3.015267
-2.175573
-5.954198
0.221374
0.030534
-2.160305
-2.564885
-0.801527
-3.305344
-5.106870
-5.091603
-1.404580
-1.786260
-6.106870
-2.122137
-1.862595
-1.778626
-1.022901
0.923664
0.992366
0.656489
0.358779
0.580153
-3.396947
-0.030534
0.847328
0.786260
0.129771
-3.297710
-3.458015
-4.000000
-4.297710
-7.038168
-0.961832
-0.213740
-1.404580
-1.511450
-4.442748
-0.404580
-0.503817
-1.816794
-1.702290
-0.183206
1.083969
2.412214
1.732824
-0.167939
0.328244
3.641221
-2.206107
-4.473282
2.244275
-1.824427
-2.503817
0.832061
-3.412214
-3.687023
5.213740
-5.221374
5.717557
1.358779
-0.717557
4.236641
-1.870229
6.152672
-1.717557
8.251908
-4.977099
0.419847
2.511450
-5.366412
2.083969
2.900763
-1.801527
-2.832061
2.603053
-5.511450
4.824428
0.267176
-1.740458
7.122138
-4.236641
-0.259542
-0.351145
0.145038
-1.877863
6.549618
-2.389313
-3.969466
2.572519
-4.053435
-0.984733
-3.427481
3.519084
-3.374046
-0.763359
-0.816794
-10.648855
4.839694
-6.129771
8.122137
-1.312977
3.519084
-0.877863
-5.908397
-0.961832
5.549618
-2.167939
1.053435
-4.076336
0.709924
-7.687023
0.725191
-0.488550
2.709924
-4.961832
-0.511450
-8.572519
4.053435
-7.946565
3.038168
-5.786260
1.839695
-11.236641
4.129771
-6.656488
2.129771
-6.748092
4.358778
-8.122137
3.465649
-8.954199
3.145038
-4.549618
4.923664
-10.236641
0.496183
-5.442748
-8.480916
4.114504
-11.022901
1.877863
-1.610687
-8.557252
0.488550
-9.572519
3.351145
-9.526717
-2.251908
-1.435115
-2.992366
2.435115
-9.847328
0.877863
-9.793893
-3.625954
-1.389313
0.389313
-2.664122
1.862595
-2.519084
-6.702290
5.267176
-7.038168
-1.755725
-6.106870
2.160305
-5.893130
3.221374
1.549618
-7.854962
2.175573
-2.236641
3.427481
-5.847328
0.625954
-11.465649
1.793893
-8.992367
2.900763
-7.671756
3.839695
-0.908397
0.076336
-5.549618
2.366412
-5.206107
1.282443
-1.175573
-4.381680
1.679389
-8.435115
1.603053
-0.725191
3.458015
-9.106871
2.442748
-0.519084
-4.083970
-1.358779
-5.961832
-0.877863
2.358779
-4.175572
1.541985
-8.335877
7.389313
-7.870229
6.167939
-2.641221
4.022901
-6.106870
3.007634
-0.091603
-4.152672
4.290076
-5.183206
3.702290
-7.633588
5.305344
-2.129771
5.984733
-6.358778
2.076336
2.290076
3.610687
1.816794
-2.076336
-0.488550
1.282443
-4.175572
-0.198473
-5.633588
-4.977099
2.198473
-0.770992
-1.801527
3.229008
0.603053
3.824427
-7.893130
-2.435115
-4.465649
-0.122137
-0.854962
-3.763359
-3.290076
-1.473282
-2.992366
-0.938931
-1.129771
-3.809160
-1.526718
1.145038
-0.427481
-0.412214
-0.572519
0.641221
-2.977099
-0.687023
-6.114504
-0.534351
-3.099237
-0.908397
-0.038168
-5.877862
-4.923664
1.465649
-3.908397
2.251908
-2.458015
2.068702
-0.236641
4.274809
1.007634
-5.366412
-0.076336
0.412214
-4.816794
-7.671756
1.564885
-0.534351
-6.969466
-0.580153
-3.396947
-0.061069
2.206107
-4.893130
-3.839695
-2.305344
0.854962
-5.137404
2.419847
0.114504
-2.458015
-1.824427
1.916031
0.702290
-5.396946
-5.458015
-1.793893
-4.885496
-2.106870
-3.381679
-4.977099
-1.923664
-6.045802
1.343511
-4.770992
3.977099
-4.984733
2.648855
-0.259542
1.854962
-1.015267
-4.977099
-4.198473
-0.076336
0.374046
-8.854961
-3.190840
-0.839695
-1.221374
-3.229008
-2.770992
-4.656488
-1.038168
-2.679389
-1.282443
-1.862595
-2.847328
0.290076
-3.389313
1.473282
-2.381679
-1.000000
-4.832061
-0.549618
-1.633588
-1.809160
-2.687023
-3.961832
-2.770992
-4.083970
-4.129771
1.221374
0.954198
-2.877863
-1.129771
-5.290076
-4.412214
-1.694656
-1.290076
-4.045802
-2.381679
-6.900764
-0.160305
-2.847328
-3.603053
-3.847328
-6.022901
-1.755725
1.725191
-1.022901
-3.190840
-0.885496
1.091603
-1.862595
-4.893130
-0.709924
-1.213740
-5.702290
-5.458015
-3.900763
-2.358779
2.412214
-3.290076
-4.335878
-0.450382
-2.908397
-1.618321
-6.587786
0.015267
-1.786260
2.862595
-2.916031
2.030534
-3.450382
-1.061069
-2.297710
-1.000000
-2.351145
-2.931298
0.824427
-2.671756
-1.083969
0.412214
-1.198473
-1.519084
-2.572519
0.183206
-1.106870
-0.641221
-2.770992
0.312977
-3.458015
-5.931298
-3.954198
0.824427
-0.358779
-4.595420
-1.938931
-3.007634
-5.511450
-2.343511
0.213740
1.343511
-3.221374
-6.587786
-3.763359
-2.335878
0.442748
-0.160305
-0.977099
-3.511450
-3.732824
-3.740458
-0.396947
-1.167939
-4.076336
-3.740458
-2.007634
-4.480916
1.877863
0.190840
3.526718
-0.870229
-5.137404
-3.755725
0.015267
-0.290076
-3.000000
0.885496
2.564885
-3.893130
2.122137
-4.488550
3.717557
-7.969466
-2.374046
-2.427481
-1.977099
-0.503817
-8.580153
2.045802
-6.801527
-3.442748
-2.396947
1.923664
2.381679
-7.717557
4.343512
-1.274809
-1.038168
2.412214
-4.679389
4.000000
-3.244275
-2.816794
-3.267176
0.343511
0.526718
-4.328244
-3.862595
1.389313
-5.572519
-0.145038
4.137404
-4.854962
2.419847
-1.496183
-3.435115
3.854962
-7.541985
1.580153
-0.961832
-3.274809
-0.664122
-6.900764
3.198473
-2.320611
0.656489
0.877863
-6.717557
0.618321
-4.541985
-1.564885
1.816794
-4.839694
1.030534
-1.877863
4.412214
-1.694656
-6.213740
1.259542
1.404580
-1.885496
-2.748092
-0.603053
2.694656
3.625954
-2.480916
-8.854961
-0.961832
-3.320611
-4.587786
-0.114504
-1.053435
6.000000
-0.099237
-7.068702
-4.305344
-5.717557
-8.412213
-4.335878
-4.229008
-0.610687
2.984733
1.145038
5.167939
1.412214
6.671756
2.442748
1.977099
4.984733
0.290076
3.702290
0.297710
-5.824428
-1.923664
-3.488550
-0.717557
3.099237
4.687023
-4.893130
2.083969
0.106870
-1.427481
-1.725191
-3.091603
4.488550
-5.916030
3.053435
0.381679
1.977099
-4.847328
2.778626
-3.167939
-2.236641
-5.244275
0.167939
0.083969
0.717557
-1.671756
-0.442748
-8.091603
1.229008
-2.748092
4.450382
-5.068702
5.198473
-0.824427
-1.656489
4.687023
-1.206107
1.946565
2.465649
1.740458
0.931298
0.267176
1.229008
4.389313
-2.511450
2.549618
2.793893
-5.374046
4.442748
3.152672
-2.656489
5.053435
-0.954198
1.809160
2.282443
2.526718
1.511450
3.183206
-1.458015
5.778626
2.450382
0.198473
0.717557
-3.206107
-2.038168
-0.954198
-1.572519
0.801527
-5.076336
3.442748
-1.854962
4.526718
-1.351145
0.656489
-1.954198
-5.511450
1.801527
-5.984733
3.213740
-6.145038
0.290076
-1.816794
-1.977099
-0.511450
-5.145038
-6.206107
5.290076
-9.244275
3.793893
-8.725191
2.366412
-3.007634
-2.328244
-1.099237
-0.213740
2.114504
-6.618320
2.251908
-7.564886
5.412214
-6.343512
-0.748092
-0.801527
-0.366412
-2.687023
-6.763359
-1.190840
-0.404580
-4.213740
2.519084
-2.137405
0.664122
-1.664122
0.496183
-0.763359
-4.519084
-2.488550
-1.641221
0.854962
-9.763359
-2.526718
-3.870229
0.870229
-4.038168
-1.625954
-2.862595
-1.717557
-1.106870
-1.656489
-1.725191
-10.526717
1.839695
-7.862596
0.679389
-6.725191
0.824427
-8.000000
-6.251908
-1.213740
-2.916031
-3.648855
1.763359
1.167939
-8.106871
-5.221374
1.473282
-0.801527
-2.038168
-3.748092
-1.778626
-3.587786
-0.587786
-5.496183
0.305344
-1.740458
-1.732824
-3.885496
-1.969466
-2.129771
-3.328244
-5.335878
-2.816794
-3.702290
-3.816794
-3.931298
0.152672
0.916031
-1.572519
-1.633588
-1.541985
2.427481
-2.786260
-0.938931
0.274809
-0.083969
-1.778626
-1.656489
3.687023
-0.793893
-1.717557
-5.145038
-2.282443
-7.679389
-1.091603
-2.534351
4.503817
3.770992
-7.564886
-5.862596
3.000000
-2.572519
-4.541985
-1.969466
0.534351
-1.335878
4.893130
-2.786260
-6.236641
-0.412214
-0.145038
-1.541985
0.167939
-2.435115
-6.305344
-3.076336
0.992366
-2.106870
-5.511450
-1.854962
3.259542
0.297710
-7.694656
-3.694656
4.580153
1.015267
-9.312977
1.480916
3.908397
-5.511450
5.511450
2.770992
-4.328244
5.137404
-2.320611
0.022901
-7.152672
7.389313
-2.816794
-7.022901
4.152672
-0.549618
-5.770992
1.458015
-1.778626
-1.732824
-2.030534
1.259542
-2.145038
-0.801527
2.748092
-2.610687
-1.450382
-0.931298
-2.923664
0.259542
-8.244275
3.297710
3.015267
-6.671756
5.618320
-0.114504
0.106870
-0.557252
2.251908
0.267176
2.885496
1.793893
1.748092
5.099236
-0.534351
-0.145038
1.068702
4.267176
1.824427
2.229008
4.496183
5.137404
0.992366
4.816794
3.137405
4.267176
4.496183
-1.091603
3.984733
1.358779
10.091603
-1.648855
7.862596
1.053435
6.015267
3.709924
3.343511
6.259542
-1.557252
8.213740
4.641222
-3.992366
5.465649
-0.671756
3.862595
-1.221374
5.343512
-0.244275
6.625954
-6.832061
2.786260
0.534351
0.160305
0.404580
0.320611
1.061069
2.725191
-2.114504
0.816794
1.473282
-1.534351
-2.656489
2.480916
1.893130
-0.717557
-0.893130
-5.328244
0.198473
-2.641221
2.282443
0.160305
-0.625954
-3.190840
-1.083969
0.541985
4.885496
2.236641
-0.488550
-3.404580
-1.847328
2.473282
-3.244275
-1.328244
1.740458
0.396947
-1.030534
-1.717557
-1.450382
2.755725
2.977099
-3.053435
0.778626
-2.427481
-0.916031
-2.671756
-9.770992
8.572519
-8.534351
0.992366
1.419847
0.320611
-5.137404
2.564885
-8.824428
2.709924
-1.740458
-6.259542
3.419847
-6.000000
4.038168
-3.541985
0.152672
-5.961832
1.267176
3.068702
-2.099237
1.160305
4.625954
-6.083970
0.114504
1.534351
-0.442748
-2.030534
0.633588
-6.419847
0.908397
-1.549618
0.030534
-2.358779
-1.167939
-0.770992
-0.160305
-1.091603
0.251908
-5.786260
1.572519
-2.435115
-3.725191
2.786260
-8.213740
6.129771
-3.832061
5.465649
-6.160306
2.694656
-3.519084
-0.137405
0.221374
-2.015267
2.778626
-4.847328
-3.366412
4.206107
-9.694656
5.862596
-8.702291
-0.160305
-4.419847
-1.854962
-1.297710
-4.595420
2.175573
0.160305
-4.564886
-3.900763
-0.755725
-1.175573
0.984733
3.526718
-0.198473
0.854962
-1.534351
-0.427481
1.801527
-2.740458
-2.152672
4.335878
-2.625954
-0.282443
2.618321
0.465649
-3.053435
4.167939
-2.908397
0.267176
-1.541985
-4.465649
0.083969
1.480916
1.625954
-1.480916
0.572519
-2.984733
-1.183206
-4.343512
-0.549618
-1.847328
-1.427481
2.259542
-0.213740
4.099236
-3.961832
2.091603
-5.114504
-0.725191
-2.595420
0.587786
1.297710
-4.641222
2.969466
-2.877863
-1.679389
2.534351
-5.091603
5.641222
-1.496183
-0.351145
7.145038
-4.519084
6.099236
0.786260
8.427481
-4.061069
5.297710
-2.412214
3.045802
-3.603053
5.045802
-5.053435
4.496183
5.526718
-5.679389
8.396947
-5.229008
5.900764
3.503817
2.931298
6.175572
-1.511450
7.015267
5.335878
-9.106871
1.572519
-3.587786
2.992366
-0.534351
1.045802
2.328244
-0.068702
-0.442748
2.732824
-3.450382
0.732824
-2.435115
-0.198473
1.145038
3.320611
0.519084
-0.106870
2.931298
-5.183206
-2.603053
-0.022901
1.503817
1.465649
1.183206
-1.473282
-0.740458
-1.847328
-0.717557
-1.572519
-2.404580
-1.038168
-1.076336
-0.702290
-2.893130
3.206107
-0.175573
-1.618321
0.755725
-0.435115
-2.244275
-3.106870
-1.435115
-3.702290
-5.396946
-2.061069
-3.473282
-2.381679
-1.839695
-2.984733
-4.916030
1.732824
1.656489
-5.099236
-4.083970
-2.236641
1.664122
-2.106870
-7.847328
-3.519084
-2.358779
2.900763
0.312977
-6.030534
-6.381680
-5.603054
-4.190840
-0.916031
0.251908
-0.145038
-4.152672
-7.732824
-7.564886
-2.572519
0.480916
0.396947
-3.442748
-4.251908
-1.885496
0.351145
-3.030534
-1.931298
-8.259542
-6.458015
-3.328244
1.061069
0.595420
-4.221374
-3.137405
-2.122137
-5.404580
-2.725191
0.641221
1.671756
-4.717557
-4.458015
2.274809
1.229008
-2.839695
-1.870229
3.549618
0.992366
-3.137405
-5.870229
-2.687023
-0.396947
-5.320611
-7.312977
-3.251908
-1.351145
-7.816794
-4.335878
-0.221374
-4.335878
-6.190840
-5.419847
-4.694656
-1.496183
0.091603
-4.595420
-4.862596
-7.900764
1.282443
-8.061069
-5.534351
-4.694656
-4.396946
1.198473
-5.786260
-7.839694
2.473282
-3.091603
-5.954198
-2.801527
-0.763359
-2.717557
-7.473282
-5.175572
-3.343511
-0.335878
-5.480916
-4.618320
-2.870229
-5.687023
-5.366412
-4.801527
-6.015267
-7.778626
-6.351145
-3.267176
-5.824428
-5.152672
-5.061069
-6.587786
-1.580153
-6.015267
-5.755725
-7.358778
-9.351145
-7.282443
-6.320611
-7.717557
-4.702290
-7.938931
-6.969466
-5.190840
-5.862596
-8.519084
-5.969466
-3.167939
-8.236641
-6.282443
-7.030534
-4.534351
-7.335878
-4.328244
-6.290076
-8.480916
-5.351145
-7.358778
-3.374046
-4.511450
-7.625954
-2.183206
-4.534351
-8.702291
-5.664122
-7.580153
-5.404580
-7.480916
-2.923664
-4.824428
-6.343512
-4.465649
-5.213740
-7.877862
-2.435115
-4.625954
-7.442748
-3.954198
-5.038168
-0.786260
-0.671756
-8.740458
-6.404580
-4.091603
-3.946565
-8.091603
-2.580153
-3.549618
-2.984733
-2.984733
-2.015267
-3.916031
-3.305344
-3.801527
-6.038168
-5.167939
-1.725191
-3.786260
-0.977099
3.496183
-6.641222
-5.473282
2.389313
-6.435114
-2.832061
-4.923664
-6.519084
-5.053435
0.450382
2.824427
-4.595420
-0.221374
-4.839694
-7.625954
-0.862595
-3.732824
-1.267176
0.091603
2.427481
-6.595420
-4.053435
2.099237
-1.587786
-0.030534
3.748092
-5.091603
-4.969466
-5.549618
3.511450
2.809160
-6.610687
-0.969466
1.374046
-2.190840
-0.854962
2.137405
-5.137404
0.511450
-6.839694
3.404580
-1.106870
1.977099
1.053435
-3.801527
-3.931298
-0.053435
-0.961832
0.213740
-3.618321
-1.931298
-1.961832
-1.809160
2.648855
1.229008
-4.015267
-3.717557
-4.816794
-3.946565
-2.122137
-1.076336
-6.290076
1.213740
-3.167939
0.679389
-2.679389
-3.824427
4.923664
-3.229008
-1.870229
-2.717557
-2.870229
2.022901
-6.190840
-1.664122
-2.977099
-3.610687
-2.832061
-3.541985
-7.190840
-6.167939
-4.839694
5.167939
2.870229
-7.961832
-5.496183
6.114504
-5.900764
-11.267176
6.633588
-8.893129
-1.175573
3.076336
-16.778625
7.671756
-11.992367
-5.183206
4.755725
-13.511451
-1.961832
2.541985
-1.076336
-8.007633
-4.793893
-11.618320
-10.648855
-12.053435
-8.114504
-5.114504
-5.297710
-4.412214
-4.564886
-5.809160
-6.389313
-4.763359
-9.595420
-5.259542
-7.816794
-7.206107
-7.038168
-5.786260
-7.442748
-6.641222
-9.061069
-5.473282
-5.198473
-3.770992
-7.068702
-4.000000
-7.633588
-5.259542
-3.908397
-5.167939
-3.213740
-7.473282
-5.557252
-4.068702
-5.129771
-2.763359
-5.312977
-4.251908
-7.190840
-4.274809
-2.793893
-5.885496
-3.015267
-5.427481
-5.022901
-12.114504
-7.580153
-4.954198
-5.465649
-6.290076
-6.549618
-1.900763
-5.549618
-8.076336
-4.748092
-8.740458
-5.259542
-6.030534
-6.473282
-5.870229
-4.496183
-8.702291
-3.366412
-4.091603
-1.641221
-2.022901
-0.916031
-3.053435
-0.206107
-6.488550
-5.076336
-2.854962
-0.381679
-1.549618
-2.305344
-1.534351
-0.687023
-1.839695
-1.923664
-2.198473
-0.068702
-3.076336
-3.465649
-2.145038
-1.801527
-3.267176
-2.244275
-0.664122
3.450382
-1.312977
-1.076336
-3.473282
-2.129771
-1.587786
-1.778626
1.755725
1.366412
1.000000
1.809160
-1.717557
-2.580153
-2.549618
-2.816794
0.587786
0.267176
-1.992366
-1.213740
-4.297710
-3.870229
-3.618321
-3.106870
-3.908397
-3.496183
-3.229008
-2.961832
6.183206
0.183206
-7.793893
-2.809160
4.763359
-4.053435
-6.809160
3.870229
-1.603053
-6.236641
-9.709924
3.320611
-9.564885
2.992366
-8.068703
5.603054
-7.816794
1.374046
-5.114504
-0.206107
-8.801527
3.145038
-4.671756
0.305344
3.717557
-7.725191
4.122138
-8.625955
4.496183
-6.641222
1.099237
-2.564885
2.412214
-1.114504
-0.282443
-2.076336
-4.541985
0.145038
-4.244275
-1.076336
-6.770992
-0.931298
-4.297710
-1.328244
-1.961832
0.297710
-1.946565
1.641221
-1.259542
-2.923664
-0.267176
-1.496183
-2.114504
2.267176
-1.396947
2.221374
0.992366
1.190840
-0.961832
-6.396946
3.251908
-1.786260
0.793893
-4.480916
1.022901
-1.969466
-0.137405
2.251908
0.122137
3.748092
-2.290076
3.641221
-2.641221
2.809160
1.137405
-2.603053
-0.297710
0.198473
-1.618321
1.938931
-2.083969
-1.725191
-1.145038
2.694656
-2.427481
5.076336
-2.488550
-2.549618
-1.969466
0.557252
-1.083969
0.267176
-1.503817
0.458015
-0.152672
1.687023
1.427481
0.656489
1.000000
-2.091603
-1.053435
-1.503817
0.587786
-0.541985
-0.297710
-1.870229
-0.748092
-0.083969
-1.641221
-0.603053
-4.427481
-3.076336
-2.480916
-5.305344
-0.366412
-5.015267
-8.557252
-4.351145
-5.007634
-5.259542
-2.541985
-6.816794
-2.770992
-5.488550
-7.038168
-3.603053
-8.381680
-0.763359
-8.038168
-7.603054
-3.267176
-4.755725
-3.480916
-5.717557
-6.106870
-5.160306
-7.839694
-5.435114
-9.274809
-8.694656
-1.221374
-5.427481
-4.297710
-3.114504
-4.671756
-2.984733
-8.763359
-5.755725
-7.083970
-1.961832
-1.541985
-6.251908
-5.656488
-7.717557
-6.106870
-3.893130
-1.396947
-3.854962
-2.175573
-5.664122
-7.320611
-6.045802
-2.541985
-1.770992
-2.022901
0.480916
-5.694656
-3.435115
-6.251908
-5.290076
-1.083969
-4.160306
-4.068702
-5.755725
-1.671756
-3.190840
-0.633588
-3.213740
0.358779
-1.709924
0.854962
-3.061069
1.442748
-2.770992
-0.076336
-3.297710
0.251908
-1.938931
-1.687023
-2.030534
-4.045802
-0.022901
-2.312977
-0.519084
0.099237
-3.977099
0.519084
-2.106870
-0.175573
-1.839695
-3.801527
-4.587786
-2.854962
-4.114504
-1.030534
-0.938931
0.916031
-2.061069
0.259542
2.938931
-1.541985
-0.931298
-3.183206
1.885496
-2.320611
-2.351145
-0.488550
-4.435114
-1.969466
-3.274809
1.717557
-0.541985
2.244275
-0.274809
-4.290076
1.236641
-1.816794
2.511450
-0.419847
2.274809
-2.290076
2.305344
1.717557
3.091603
2.358779
2.236641
1.625954
-0.610687
2.381679
-0.671756
4.961832
-1.725191
1.374046
3.213740
-0.809160
6.343512
5.328244
-0.175573
-1.961832
6.725191
7.687023
6.961832
3.625954
3.053435
4.732824
0.885496
6.007634
0.618321
5.244275
-0.725191
6.343512
-0.740458
6.450382
2.343511
7.061069
2.038168
6.435114
2.473282
8.152672
2.885496
1.519084
-1.633588
-0.404580
-1.610687
-2.045802
0.099237
-2.931298
1.832061
4.160306
-1.167939
-4.000000
-5.335878
7.946565
-9.870229
4.969466
2.679389
-9.625955
9.770992
-8.366412
-2.763359
12.045801
-11.519084
-1.442748
1.931298
-12.244275
12.198473
-8.916031
2.977099
1.206107
-2.984733
1.496183
-2.419847
-7.648855
6.969466
-12.351145
10.961832
-11.687023
8.015267
-9.992367
4.030534
-9.931297
5.687023
-3.526718
2.740458
-1.320611
-6.404580
-1.106870
-2.473282
3.267176
-8.427481
-5.458015
-2.251908
-4.038168
-2.312977
2.183206
-1.435115
-2.854962
-0.603053
-5.839694
2.625954
-10.473283
4.526718
-7.549618
5.778626
-8.213740
2.488550
-6.725191
2.717557
-7.496183
4.503817
4.740458
-10.221375
6.007634
-9.007633
8.007633
-12.496183
5.473282
-13.106871
7.122138
-7.496183
8.938931
-11.145039
4.236641
-6.801527
4.106870
-5.450382
0.206107
-4.755725
-1.305344
-4.770992
7.816794
-9.931297
7.213740
-8.702291
6.145038
-9.557252
2.969466
-2.854962
0.557252
-4.068702
-0.152672
-5.229008
3.083969
-6.221374
0.641221
1.969466
-4.282443
-2.992366
-6.725191
4.854962
-11.290076
6.519084
-7.931298
4.412214
-7.290076
3.114504
-11.122137
6.671756
-8.664123
4.931298
-8.694656
3.694656
-5.603054
3.702290
0.045802
-4.305344
-3.091603
-0.328244
-1.450382
3.938931
-0.694656
-4.358778
-3.045802
0.679389
3.961832
-1.122137
-1.519084
-5.007634
0.152672
0.160305
0.198473
-7.465649
-6.083970
-3.206107
-1.893130
0.969466
3.847328
-3.610687
-5.534351
-2.832061
-0.022901
-0.748092
4.267176
-4.412214
-3.977099
-0.076336
1.320611
4.526718
-6.610687
-3.236641
3.366412
-2.503817
-4.419847
-2.793893
-5.679389
-2.587786
-0.091603
1.106870
-3.893130
-4.206107
-2.290076
-1.641221
5.106870
0.923664
-5.000000
1.564885
-4.473282
-3.648855
2.870229
0.389313
-0.572519
2.167939
-3.404580
-4.251908
-1.007634
1.816794
-7.458015
-6.068702
1.473282
1.007634
-4.083970
3.824427
-2.435115
-3.328244
-6.145038
-2.083969
2.832061
0.465649
-4.938931
-5.374046
-6.740458
0.687023
1.389313
2.198473
-5.190840
-6.129771
-0.221374
-7.038168
-0.244275
-0.221374
-6.603054
-6.343512
-0.526718
3.396947
-1.099237
-3.900763
-6.824428
-2.671756
4.473282
3.603053
-6.893130
-2.893130
-1.778626
0.091603
0.870229
-2.297710
-4.564886
-3.251908
2.793893
-0.244275
1.832061
3.984733
-5.908397
-7.786260
2.648855
-4.099236
-7.145038
-0.519084
3.015267
-5.793893
1.893130
-3.076336
-3.030534
-0.404580
-0.305344
-6.519084
-2.374046
-2.427481
-1.740458
-0.167939
-1.656489
-3.106870
-4.557252
-2.679389
0.229008
0.511450
0.610687
-3.175573
-1.206107
-6.099236
0.152672
-3.549618
-0.343511
-3.175573
-1.198473
-1.854962
4.129771
-2.969466
-1.702290
-5.770992
-0.206107
-1.702290
-1.328244
-4.900764
-0.343511
-0.450382
-2.435115
-2.969466
-1.977099
2.580153
-2.801527
-0.732824
2.839695
-5.587786
-4.236641
-0.152672
1.580153
-4.015267
-4.251908
-4.190840
-3.160305
-0.114504
0.770992
1.679389
0.351145
-2.175573
-0.381679
-5.465649
-3.496183
-6.358778
-4.137404
-1.206107
-2.099237
-3.129771
2.595420
0.221374
1.587786
-0.282443
-6.076336
-2.541985
-4.480916
-1.198473
-1.183206
-6.610687
-4.145038
-1.633588
0.374046
2.076336
-1.160305
-1.076336
-3.274809
-3.083969
-4.061069
-1.061069
-4.671756
-4.152672
0.549618
-2.793893
-0.030534
-5.305344
0.320611
-2.244275
-0.335878
-3.473282
-1.595420
0.526718
0.099237
-0.519084
-3.893130
-1.053435
-0.099237
-2.335878
1.213740
-1.557252
-1.290076
-2.618321
0.427481
-2.946565
-1.687023
-0.725191
-1.251908
0.381679
1.793893
1.755725
-1.755725
-0.908397
0.000000
0.465649
-2.496183
-1.045802
-2.694656
-2.038168
-2.427481
1.000000
-2.793893
-2.137405
-2.687023
0.259542
-1.435115
-0.625954
-3.183206
-0.366412
-0.160305
0.458015
1.290076
-4.000000
-1.213740
-0.152672
0.893130
-0.587786
-2.694656
0.259542
-1.396947
-5.061069
-3.801527
-0.572519
-1.618321
1.099237
-1.938931
1.015267
-0.770992
-3.893130
-3.648855
-1.847328
-2.122137
-2.496183
-0.916031
-3.015267
-3.526718
-3.015267
-0.877863
-0.572519
-0.832061
-0.862595
-2.450382
-0.122137
0.328244
-1.030534
-0.885496
-1.297710
-2.534351
-2.709924
-1.610687
-1.427481
0.740458
-1.740458
-4.496183
-2.152672
0.969466
0.587786
-1.580153
-1.916031
0.343511
-1.381679
-3.106870
-2.267176
-2.740458
-3.160305
-5.290076
-2.129771
0.587786
-0.793893
-2.083969
-0.305344
-0.839695
-1.038168
-2.870229
-2.984733
-5.412214
-1.259542
0.587786
-1.595420
-1.488550
-2.488550
-5.969466
-0.007634
-5.221374
-2.007634
-0.702290
-0.229008
-3.480916
-0.648855
-3.145038
-4.167939
-2.412214
0.290076
-1.335878
-3.503817
-3.679389
-3.931298
-1.412214
0.061069
-2.053435
-1.549618
-5.862596
-6.847328
-6.488550
-4.091603
-5.572519
-1.870229
0.442748
-2.740458
-3.022901
-3.923664
-2.007634
-1.885496
-1.946565
-0.618321
2.076336
-1.496183
2.381679
3.244275
5.603054
6.076336
6.099236
3.038168
-1.389313
1.267176
3.419847
4.900764
1.083969
-3.061069
-0.244275
2.961832
6.427481
4.374046
0.679389
1.328244
6.473282
0.557252
3.015267
1.458015
-1.122137
-3.282443
-1.725191
2.862595
0.251908
-2.572519
-3.969466
-0.916031
-3.053435
0.122137
0.038168
-2.229008
-5.435114
-3.931298
-1.496183
-1.343511
-5.335878
-6.770992
-4.671756
-7.564886
-1.732824
-5.633588
-4.343512
-10.549619
-5.557252
0.343511
-4.213740
-8.038168
-5.038168
-4.030534
-2.679389
-4.152672
0.198473
-3.625954
-1.564885
-0.526718
-4.206107
-2.862595
-3.877863
-1.702290
-0.709924
-2.358779
-0.977099
-1.778626
1.748092
-1.900763
-2.931298
0.419847
-0.916031
1.778626
-0.297710
-4.351145
-0.458015
3.610687
-2.419847
-1.473282
0.557252
-2.618321
-1.122137
4.748092
-3.534351
-0.893130
1.221374
-1.244275
-3.167939
1.519084
-2.160305
-1.145038
0.526718
1.022901
-0.656489
-1.519084
1.091603
-2.900763
-2.038168
-2.061069
-2.694656
-0.946565
-3.129771
-2.190840
-2.137405
-4.068702
-1.015267
-3.259542
-3.854962
0.145038
-2.900763
0.923664
-0.099237
-3.129771
-0.656489
1.534351
-4.038168
-2.664122
-0.282443
-1.847328
1.312977
-3.251908
0.267176
-0.099237
-3.229008
-2.931298
-2.610687
1.045802
-4.496183
2.541985
-3.022901
3.885496
-3.045802
-1.541985
-0.328244
-1.030534
-0.893130
-4.435114
-2.519084
0.183206
-2.190840
-1.404580
1.015267
1.267176
-2.671756
-0.396947
-5.167939
-1.992366
0.641221
-3.320611
2.114504
-2.801527
-1.625954
-1.175573
-3.259542
2.534351
-1.816794
-2.083969
1.290076
-2.870229
-0.564885
-1.511450
-3.389313
2.480916
2.954198
-3.175573
-1.961832
-1.244275
-2.870229
-2.938931
1.786260
1.404580
-3.099237
-1.038168
3.290076
-5.274809
-3.290076
2.106870
-0.236641
-3.045802
-5.236641
0.320611
-3.274809
-1.351145
-4.160306
0.290076
-1.725191
-1.801527
-3.633588
-0.526718
-0.106870
-2.931298
-1.396947
2.068702
-0.832061
-1.175573
-0.954198
-2.175573
1.305344
1.412214
-5.328244
-2.473282
-2.335878
-5.000000
0.259542
1.694656
0.374046
0.580153
-3.900763
-0.366412
-4.206107
-1.641221
-1.213740
-4.694656
-1.870229
-2.251908
0.053435
1.404580
3.145038
-1.061069
-4.404580
-2.030534
-0.083969
-0.854962
-1.244275
-4.053435
-4.625954
-2.732824
-1.786260
-1.473282
-2.030534
0.389313
-3.625954
0.221374
-1.145038
-0.564885
-2.534351
-2.389313
-3.229008
0.053435
-3.603053
-1.450382
0.358779
0.656489
-1.770992
-2.854962
-3.015267
-2.526718
-4.694656
-3.908397
1.129771
3.068702
1.343511
0.160305
0.458015
-1.351145
-4.160306
-6.152672
-4.923664
-1.198473
-1.335878
2.213740
-2.312977
-2.916031
1.129771
1.977099
2.015267
-3.992366
-2.877863
-2.374046
-2.404580
-0.816794
-0.053435
-1.290076
-0.473282
-5.519084
-5.076336
-2.091603
-0.343511
1.732824
0.175573
0.221374
3.954198
1.770992
-0.984733
-3.221374
-2.038168
-5.312977
-2.755725
-0.465649
-1.320611
0.809160
-3.381679
2.412214
-0.526718
1.595420
-1.908397
-5.442748
-2.854962
-2.511450
-0.229008
-0.954198
-3.664122
-1.381679
-0.664122
1.145038
-0.030534
-1.000000
-2.099237
-7.053435
-3.297710
-3.877863
-4.625954
-0.374046
0.038168
0.404580
1.145038
1.854962
-0.053435
-1.267176
-2.137405
-3.977099
-3.068702
-3.122137
-2.656489
-1.267176
-1.160305
0.480916
-0.610687
0.977099
-1.419847
-3.801527
-3.992366
-1.343511
-0.816794
0.671756
3.694656
0.618321
-0.633588
-0.526718
0.129771
-3.519084
-4.625954
-4.587786
-2.213740
-1.572519
-3.488550
-2.106870
-2.351145
-2.259542
-1.809160
1.916031
-3.229008
2.129771
0.770992
-2.335878
-3.526718
-2.297710
-2.923664
-2.190840
-1.435115
-0.549618
-4.297710
-2.198473
-0.335878
1.465649
0.534351
-4.198473
-0.770992
-3.335878
-3.549618
-1.167939
-1.854962
-2.511450
-1.503817
0.557252
1.480916
-0.343511
-0.870229
-6.854962
-2.961832
-2.213740
-2.488550
-0.450382
1.587786
1.496183
3.748092
-0.076336
-2.007634
-3.259542
-2.587786
-0.641221
-4.839694
-2.335878
-4.442748
-2.335878
-1.732824
2.519084
2.343511
-1.633588
-2.412214
-3.885496
-2.045802
-3.648855
-2.534351
-1.541985
2.442748
4.007634
0.526718
-2.511450
-3.030534
-0.381679
-5.083970
-3.809160
-1.038168
-0.954198
1.992366
3.908397
-2.473282
-4.847328
-2.854962
0.091603
-2.786260
2.580153
-0.389313
-4.450382
-4.473282
-3.190840
-2.709924
1.053435
-0.076336
-4.038168
-2.213740
-3.351145
-0.610687
1.725191
-3.160305
-1.503817
-4.183206
-2.435115
-2.702290
-3.427481
-1.328244
2.572519
-2.083969
-2.358779
0.206107
0.694656
-2.541985
-0.801527
-2.839695
0.709924
-3.358779
0.854962
-2.328244
-3.068702
0.167939
-2.870229
-0.709924
-0.938931
-5.832061
-0.091603
-0.480916
-0.709924
-4.679389
1.793893
-2.366412
-0.809160
-1.725191
-4.916030
0.564885
-5.038168
-2.396947
-3.717557
0.755725
-2.572519
-0.816794
-3.221374
-3.923664
0.763359
-0.320611
0.251908
-0.015267
-0.274809
-0.885496
-1.633588
-2.251908
-1.679389
-2.564885
-4.030534
-2.358779
-1.633588
1.381679
-2.244275
0.480916
-2.145038
1.061069
-1.702290
0.717557
-4.053435
-0.229008
0.419847
0.755725
-2.725191
-2.572519
-1.114504
-1.183206
-0.305344
-3.328244
-2.045802
-3.190840
-1.847328
3.633588
-3.259542
-2.725191
-0.610687
-3.717557
0.305344
-0.267176
-4.229008
-0.297710
1.251908
-4.000000
-3.015267
-0.251908
-0.053435
-3.000000
2.503817
-2.557252
-3.007634
-1.267176
2.114504
0.801527
-0.045802
-2.564885
-3.030534
0.778626
0.503817
-2.725191
-3.641221
-1.763359
1.442748
-0.648855
1.160305
3.809160
1.419847
-2.244275
-0.061069
-2.656489
-1.129771
1.137405
1.083969
-1.389313
-1.297710
-0.007634
2.549618
-2.557252
0.793893
2.282443
2.381679
4.610687
1.809160
2.160305
1.709924
0.618321
-0.083969
-2.091603
-1.931298
-1.839695
-2.030534
0.068702
0.603053
4.358778
3.290076
1.381679
0.320611
-2.496183
-2.984733
-0.442748
0.557252
-3.106870
0.832061
-0.786260
2.809160
1.274809
1.076336
-3.198473
-2.946565
-1.969466
-0.374046
-1.396947
-0.335878
2.519084
0.702290
0.213740
1.534351
1.282443
-0.274809
-1.007634
-2.770992
-6.702290
-0.221374
-2.251908
2.725191
-0.076336
-1.984733
-8.450381
-0.076336
-1.312977
-0.549618
-0.351145
0.778626
-0.297710
1.625954
-4.717557
0.015267
-2.183206
-1.381679
-1.190840
-3.167939
-1.442748
-2.045802
-0.389313
-0.809160
-1.259542
1.778626
-1.419847
0.267176
-1.572519
0.564885
-2.870229
-1.839695
-3.183206
-2.847328
-0.122137
-5.381680
-2.106870
-1.351145
-1.709924
-4.931298
-4.312977
0.702290
-1.694656
-2.473282
-3.137405
0.206107
-2.076336
-1.557252
-0.900763
-1.015267
-3.755725
1.656489
-4.190840
2.541985
0.931298
1.702290
-3.480916
0.038168
3.007634
-0.534351
-1.488550
-0.061069
-2.946565
-4.854962
-0.648855
-4.175572
-1.679389
-5.091603
-2.526718
-1.305344
-4.358778
-4.061069
-3.030534
-1.877863
-2.480916
-7.389313
0.900763
-2.152672
0.114504
-3.404580
1.877863
-4.091603
0.465649
-2.312977
-2.374046
-0.427481
-3.442748
1.175573
-1.137405
-0.122137
-0.839695
-3.114504
-1.007634
1.427481
-3.167939
0.786260
-2.641221
-1.374046
-4.152672
-0.244275
1.229008
-2.854962
-2.572519
-1.977099
0.114504
-1.778626
-2.816794
1.145038
-2.702290
-0.106870
1.229008
-0.694656
1.358779
2.435115
-3.290076
0.175573
-0.045802
1.175573
-2.549618
-1.267176
0.465649
-0.427481
0.328244
0.000000
0.877863
2.732824
-3.793893
-0.687023
-0.984733
-2.183206
-1.748092
0.954198
0.870229
1.251908
-2.267176
-3.106870
-2.068702
-7.511450
-2.167939
-6.282443
-0.572519
-0.793893
-4.221374
-2.213740
-4.167939
-0.351145
-2.465649
0.709924
-0.954198
-4.106870
-1.137405
-3.877863
-1.488550
-0.282443
0.625954
-1.083969
-3.748092
-1.946565
-0.938931
-0.969466
0.748092
-4.961832
-2.076336
-3.450382
-2.908397
0.137405
-5.145038
-0.587786
-6.015267
0.404580
-1.152672
-0.702290
-7.496183
-4.702290
-2.129771
-0.236641
1.778626
-1.862595
-3.061069
-3.374046
-3.083969
-2.809160
-5.015267
-3.053435
-4.488550
0.763359
2.114504
1.984733
-4.854962
-5.137404
-4.564886
-5.213740
1.099237
0.961832
-1.312977
-1.404580
-3.473282
-4.549618
-4.267176
-6.145038
-1.190840
-0.206107
-3.908397
-5.251908
-4.633588
1.824427
-0.465649
0.137405
-4.106870
-1.091603
-1.068702
0.282443
0.244275
-4.236641
3.816794
-7.900764
-8.068703
2.114504
2.900763
-7.022901
1.687023
-2.244275
2.259542
1.946565
-7.923664
1.442748
-1.519084
-6.015267
5.343512
-5.213740
-1.053435
3.572519
-5.000000
-6.938931
7.198473
-1.152672
-7.916030
4.427481
-3.564885
-5.633588
4.259542
-6.748092
6.206107
-6.526718
5.923664
0.396947
-9.244275
6.114504
-4.442748
-2.633588
3.083969
-7.824428
-8.083969
5.633588
-1.885496
-6.068702
5.389313
-1.068702
-6.450382
-2.122137
4.290076
-9.251908
3.664122
-0.603053
-8.862596
3.343511
-6.076336
-3.351145
2.816794
-6.572519
7.244275
-6.625954
5.801527
-3.305344
1.450382
3.435115
-6.083970
3.702290
-1.061069
-1.068702
-0.801527
-2.404580
2.549618
-0.152672
-0.030534
3.503817
-2.007634
7.778626
-8.488549
9.366412
-0.931298
0.541985
8.167939
-3.099237
-0.885496
4.015267
-0.687023
5.625954
-1.091603
5.877862
-3.648855
6.328244
3.809160
-1.916031
3.946565
-2.908397
1.923664
2.045802
-1.038168
6.541985
-5.259542
10.213740
-3.480916
1.809160
-0.450382
8.244275
-4.877862
4.465649
-7.038168
6.824428
-5.778626
8.442748
-5.748092
3.732824
-0.259542
-3.366412
3.274809
-2.854962
4.290076
-9.664123
3.221374
-6.328244
-9.251908
7.335878
-6.374046
4.358778
-1.435115
-1.106870
-2.396947
-0.885496
-3.473282
7.419847
-8.167939
5.839694
-7.900764
6.702290
-11.465649
6.641222
-7.450382
5.358778
-10.862596
4.442748
5.526718
-7.267176
0.183206
0.656489
-2.984733
1.618321
-8.511451
3.061069
-4.290076
-4.122138
1.862595
-10.022901
8.175572
-9.916031
4.900764
-7.572519
0.297710
-2.854962
-3.450382
4.969466
-7.984733
7.000000
-8.954199
4.412214
-10.274809
1.419847
-5.106870
-5.206107
3.625954
-11.152672
-2.908397
-3.496183
-1.480916
-10.160305
6.175572
-12.167939
1.000000
-5.832061
-3.770992
3.335878
-5.229008
1.038168
-9.473283
4.183206
-10.893129
1.488550
-7.000000
-0.564885
-6.305344
-2.137405
-5.068702
-1.671756
-4.038168
-8.129771
2.122137
-8.068703
4.702290
-12.167939
3.832061
-8.427481
-2.526718
-5.458015
-5.656488
-1.175573
-4.221374
-1.969466
-4.236641
-4.977099
-4.725191
-5.809160
-6.412214
-1.992366
-6.435114
-7.801527
1.488550
-13.274809
2.290076
-8.091603
-2.381679
-7.320611
-8.106871
2.488550
-11.633588
2.870229
-7.610687
3.396947
-10.541985
5.152672
-8.335877
1.977099
-8.641221
2.244275
-7.229008
1.053435
-7.641222
6.755725
-9.641221
6.404580
-4.877862
1.137405
6.709924
-10.587787
4.351145
-9.458015
5.259542
-8.419847
3.900763
-8.671756
4.923664
-6.045802
-2.167939
-0.114504
-0.091603
3.190840
-2.190840
0.328244
0.725191
-0.870229
5.709924
-3.137405
-1.404580
0.679389
-1.740458
-1.580153
1.297710
0.175573
-4.167939
-3.305344
-0.923664
-1.549618
-1.748092
-5.358778
1.106870
-3.656489
-3.076336
-1.534351
-4.381680
-3.648855
-1.374046
0.351145
-4.083970
3.114504
-5.251908
0.328244
-5.038168
-9.061069
0.076336
-6.732824
5.045802
-6.099236
1.045802
-0.351145
-5.320611
1.633588
2.305344
-1.198473
-3.450382
-3.022901
-0.854962
0.076336
-0.358779
0.488550
-1.251908
-0.519084
-1.954198
-2.908397
-2.488550
-3.251908
-4.992366
-4.396946
1.893130
-1.755725
-0.129771
-3.854962
-1.175573
0.091603
-1.396947
-4.160306
-0.603053
0.786260
-3.259542
-3.633588
-1.954198
-0.725191
-3.595420
-0.946565
-1.870229
-1.679389
