-1.664122
-0.534351
-1.137405
4.900764
-0.320611
-0.687023
0.893130
0.068702
0.290076
0.045802
1.793893
1.145038
3.664122
1.396947
-2.740458
-1.374046
1.816794
-1.603053
0.832061
3.664122
-0.152672
-0.396947
-0.664122
1.847328
-1.931298
0.809160
0.541985
-0.763359
2.725191
-0.610687
-0.519084
0.320611
0.618321
1.908397
0.557252
1.770992
-1.473282
1.862595
3.648855
-0.458015
0.267176
1.374046
0.755725
-0.496183
1.679389
0.374046
1.267176
-1.847328
-2.480916
0.687023
0.610687
2.702290
3.251908
1.152672
-1.290076
-0.022901
-0.083969
1.267176
0.320611
-0.465649
3.503817
-1.854962
1.572519
-0.465649
4.114504
-0.625954
1.076336
1.877863
1.236641
2.389313
2.816794
0.694656
-1.633588
1.320611
2.557252
5.022901
2.610687
0.847328
0.045802
-0.175573
4.946565
0.725191
-0.145038
2.809160
1.908397
2.007634
1.519084
-0.404580
1.793893
1.396947
3.732824
1.412214
0.801527
0.541985
0.419847
2.618321
-1.030534
-2.351145
1.541985
0.030534
8.083969
3.435115
0.755725
0.763359
4.007634
-0.053435
-0.732824
3.938931
-0.374046
-0.618321
-0.618321
-1.206107
0.221374
0.572519
-1.374046
0.908397
1.908397
1.748092
3.412214
0.694656
1.358779
0.083969
4.877862
-0.580153
1.427481
-0.145038
1.801527
2.167939
2.229008
0.671756
0.961832
1.305344
1.671756
2.732824
1.213740
-2.045802
1.137405
3.870229
-1.961832
0.503817
1.007634
2.541985
3.427481
1.893130
1.503817
4.328244
0.320611
-0.435115
6.160306
2.465649
2.961832
2.862595
2.702290
3.725191
3.549618
-0.862595
-1.175573
0.480916
2.977099
0.717557
1.389313
0.007634
4.068702
4.106870
-2.488550
-1.610687
-0.969466
-0.236641
2.091603
-0.923664
-1.954198
0.213740
1.832061
1.091603
2.412214
0.770992
-2.297710
1.114504
3.984733
1.977099
0.091603
0.946565
-0.282443
-1.557252
1.778626
2.480916
1.740458
1.022901
0.709924
3.152672
0.389313
0.091603
1.992366
0.916031
3.007634
2.106870
1.595420
3.290076
0.473282
2.335878
1.496183
-1.366412
0.427481
1.061069
-0.114504
1.732824
-0.503817
0.053435
-0.320611
3.587786
1.961832
-2.870229
1.427481
-0.923664
1.633588
-0.015267
-0.938931
0.282443
1.305344
-3.793893
1.679389
1.923664
1.068702
0.274809
1.816794
1.450382
2.213740
3.145038
1.083969
0.519084
4.137404
-0.870229
1.000000
-0.717557
2.007634
2.167939
0.213740
0.076336
-0.839695
2.137405
4.022901
-0.557252
3.320611
1.694656
1.465649
1.587786
3.770992
0.893130
1.801527
0.954198
1.977099
3.564885
-0.343511
0.045802
2.725191
0.061069
0.145038
0.664122
0.061069
0.557252
-1.236641
-1.801527
0.251908
1.320611
3.137405
6.641222
2.893130
1.732824
1.809160
1.977099
1.740458
-0.320611
3.297710
1.099237
4.625954
2.480916
-2.709924
1.259542
1.450382
-0.687023
1.335878
-0.221374
-1.862595
0.427481
0.374046
3.412214
-1.167939
-1.152672
0.038168
-0.229008
1.954198
2.870229
2.847328
1.076336
4.137404
2.587786
1.625954
-1.366412
-0.160305
1.442748
0.832061
0.877863
-0.572519
2.236641
2.793893
2.503817
-1.099237
0.877863
-0.610687
-0.412214
1.954198
-2.656489
0.007634
0.045802
2.206107
0.969466
-1.129771
3.068702
4.503817
1.748092
-1.603053
0.015267
0.206107
-0.160305
0.267176
0.000000
1.412214
1.908397
1.190840
-2.030534
6.198473
0.580153
1.083969
1.946565
2.587786
0.122137
5.175572
0.274809
2.931298
1.793893
-0.656489
1.198473
2.786260
-2.961832
-1.358779
2.755725
1.358779
2.908397
-0.595420
1.877863
-0.160305
0.954198
1.473282
-0.687023
3.061069
-0.900763
2.595420
1.099237
2.114504
0.274809
5.358778
1.778626
4.000000
1.053435
1.190840
2.282443
-1.099237
3.580153
-0.877863
4.305344
-1.648855
2.290076
1.709924
0.137405
3.427481
0.190840
3.381679
0.045802
0.236641
3.045802
3.801527
2.900763
-1.015267
-0.061069
-0.465649
-0.526718
3.465649
1.381679
-1.251908
1.946565
-0.404580
3.000000
-0.938931
2.129771
-1.274809
2.541985
2.641221
-2.015267
-0.793893
2.473282
0.519084
0.213740
-0.748092
1.786260
1.015267
2.534351
-0.419847
-0.312977
4.167939
2.328244
-0.358779
1.419847
4.076336
-0.603053
2.305344
-0.534351
-0.580153
0.183206
1.442748
5.618320
-1.145038
0.366412
1.282443
-0.083969
2.954198
3.106870
1.458015
2.832061
5.679389
0.503817
-0.839695
-0.458015
1.839695
0.832061
2.938931
1.000000
2.053435
-0.755725
1.045802
2.763359
3.694656
2.557252
1.763359
2.717557
-0.374046
0.954198
2.160305
-0.984733
-1.480916
1.114504
2.458015
-1.893130
0.312977
-0.534351
1.122137
2.694656
1.954198
2.801527
2.725191
0.664122
2.160305
0.412214
0.763359
2.916031
3.557252
-0.068702
0.511450
2.488550
1.030534
1.045802
4.175572
0.954198
3.908397
-1.526718
-2.076336
-2.229008
-3.381679
-2.137405
-0.748092
0.366412
-0.366412
4.908397
4.480916
1.190840
0.755725
3.076336
1.290076
3.099237
0.557252
-0.557252
-1.366412
-1.625954
1.679389
4.404580
1.809160
1.900763
-1.580153
-1.633588
-2.030534
2.068702
3.351145
5.404580
0.587786
1.549618
1.358779
-1.916031
2.290076
6.122138
-2.900763
-2.213740
-1.213740
1.534351
4.992366
1.503817
4.419847
1.328244
0.641221
-5.068702
0.580153
-3.022901
2.900763
-4.343512
1.977099
-6.961832
0.106870
1.450382
4.320611
1.587786
0.916031
-2.152672
1.419847
-2.458015
2.740458
0.832061
0.519084
3.366412
1.381679
-0.946565
4.358778
0.099237
-1.740458
1.931298
-0.877863
-1.129771
2.183206
-2.068702
-1.190840
1.053435
-0.389313
-1.274809
2.748092
-0.687023
-3.083969
1.206107
1.717557
3.618321
0.083969
0.419847
2.694656
7.038168
0.305344
-2.221374
-1.603053
-1.671756
1.000000
1.839695
0.557252
1.763359
-1.977099
-2.320611
3.351145
-3.679389
-1.229008
1.732824
-0.389313
-4.526718
-4.877862
-0.557252
-0.885496
-2.374046
-4.045802
1.557252
0.641221
-3.022901
-6.923664
-2.603053
-1.419847
-7.007634
-4.419847
-4.435114
-5.404580
-4.671756
-4.694656
-0.488550
-5.870229
-3.175573
-4.549618
-6.755725
-1.167939
-0.282443
-4.488550
-2.465649
-0.908397
-4.122138
-1.595420
-1.190840
-2.717557
1.137405
-3.702290
-2.038168
-1.824427
-1.206107
-2.335878
-0.129771
-2.977099
0.664122
-2.877863
1.045802
0.893130
-2.984733
-0.977099
0.793893
-2.145038
-0.129771
1.229008
-1.236641
-0.366412
1.251908
-1.137405
-0.870229
-0.213740
-1.267176
-3.549618
1.190840
-1.954198
0.160305
-1.641221
-2.473282
-0.641221
-1.083969
-0.832061
-2.595420
0.549618
0.312977
0.732824
2.916031
1.885496
1.167939
-0.664122
1.503817
-1.083969
1.488550
-3.358779
3.480916
0.664122
1.519084
0.862595
0.427481
0.450382
1.916031
0.076336
2.114504
-2.320611
0.152672
-1.015267
-1.740458
-2.175573
-4.129771
-1.641221
-2.740458
0.022901
-4.465649
-2.709924
-2.587786
1.030534
-6.335878
1.343511
-8.442748
-2.839695
-5.801527
0.923664
-7.145038
-4.435114
-0.793893
-6.618320
-2.427481
-7.007634
-3.259542
-3.862595
-3.396947
-0.549618
-5.587786
-2.709924
-4.671756
-0.900763
-2.732824
-2.244275
1.183206
-2.793893
0.587786
-2.030534
-3.503817
-2.480916
0.335878
-1.351145
-0.015267
1.832061
1.786260
3.221374
0.748092
0.000000
0.687023
0.885496
0.007634
-2.183206
0.053435
2.412214
1.648855
-1.572519
1.854962
-1.190840
1.358779
2.061069
0.572519
0.030534
4.335878
0.145038
-0.702290
0.389313
2.427481
1.610687
0.229008
1.312977
3.664122
0.160305
3.038168
0.305344
-1.381679
1.671756
2.587786
1.053435
1.786260
4.458015
2.435115
-1.366412
0.061069
6.000000
1.580153
-0.541985
3.832061
-0.343511
0.167939
3.404580
2.190840
-0.648855
3.213740
1.458015
-0.702290
3.488550
0.068702
1.358779
-2.244275
-1.816794
0.511450
3.404580
-1.641221
-0.213740
-1.992366
-4.564886
1.526718
-0.083969
6.366412
2.183206
3.045802
-1.916031
-0.580153
-1.877863
4.549618
-0.167939
0.175573
5.206107
0.740458
3.114504
0.908397
3.068702
1.992366
6.244275
2.083969
6.732824
2.389313
5.083970
2.221374
7.641222
5.671756
-0.030534
1.618321
2.763359
1.786260
6.381680
5.320611
9.267176
4.916030
-0.137405
5.000000
3.687023
2.664122
2.534351
5.175572
2.267176
7.389313
7.824428
7.610687
6.221374
0.725191
4.610687
1.221374
3.129771
2.755725
3.030534
3.221374
5.824428
3.061069
-2.007634
2.396947
3.938931
4.305344
-4.320611
3.259542
0.824427
1.595420
4.809160
-0.328244
1.015267
5.083970
2.473282
0.335878
2.290076
6.564886
3.519084
-0.778626
4.450382
1.274809
0.015267
3.511450
-0.229008
0.900763
9.664123
0.900763
1.068702
5.824428
8.580153
7.030534
6.320611
4.183206
2.732824
2.465649
1.656489
4.618320
8.366412
3.977099
0.480916
-0.549618
0.717557
0.885496
1.129771
-2.671756
-2.618321
0.541985
-0.877863
4.091603
6.396946
4.740458
4.198473
3.671756
4.694656
2.038168
3.824427
0.419847
-2.885496
-2.381679
-2.351145
-0.290076
-1.198473
-0.229008
5.977099
5.152672
9.587787
2.984733
3.236641
0.725191
-0.992366
-0.946565
-0.625954
3.068702
3.679389
1.732824
1.839695
2.496183
1.183206
-0.061069
-0.793893
-2.251908
-1.801527
-1.839695
-0.267176
3.580153
1.076336
0.458015
2.610687
0.526718
3.274809
1.396947
-0.877863
4.290076
-2.442748
1.816794
1.961832
-2.221374
4.946565
-3.122137
2.992366
-0.427481
-2.091603
2.473282
1.343511
0.862595
4.603054
-3.656489
4.656488
-1.969466
2.099237
-0.564885
0.160305
7.549618
4.000000
-0.633588
4.694656
-2.587786
1.954198
-1.786260
0.053435
4.022901
-0.969466
4.732824
-1.053435
6.412214
5.770992
-0.129771
4.633588
3.709924
-1.969466
4.412214
1.541985
-3.778626
0.160305
4.809160
3.877863
-1.053435
2.618321
4.053435
3.793893
-1.786260
2.366412
4.603054
-0.091603
-2.312977
0.633588
2.641221
-1.419847
-2.465649
1.389313
2.160305
1.656489
-2.045802
-4.534351
-2.145038
1.839695
-4.114504
-8.305344
-0.763359
4.259542
-5.503817
3.587786
-2.511450
-1.977099
1.648855
-5.480916
-6.320611
3.931298
0.435115
-1.541985
-1.488550
-3.923664
0.419847
-2.381679
-0.725191
-4.473282
-4.725191
2.755725
-3.442748
-1.236641
-1.854962
3.221374
-5.183206
1.687023
-4.694656
-0.877863
-5.885496
3.564885
-3.748092
1.122137
0.053435
0.740458
-1.053435
-3.549618
1.007634
-6.603054
4.664122
-3.816794
3.572519
-1.419847
-0.984733
-2.312977
-3.267176
-5.000000
-6.458015
2.229008
-3.549618
-2.160305
-5.396946
0.511450
-2.526718
-0.091603
-2.000000
-4.152672
-5.755725
1.160305
-4.931298
1.671756
-8.679389
0.541985
-4.969466
-4.572519
-4.595420
1.198473
-6.290076
-0.083969
-6.137404
-1.320611
-4.251908
-0.381679
-5.702290
-2.480916
-0.335878
-0.320611
-3.969466
0.190840
0.190840
-0.083969
1.259542
-3.435115
0.541985
-3.404580
4.175572
0.480916
1.748092
-0.091603
2.648855
-5.862596
5.374046
-1.091603
1.328244
-1.122137
0.786260
-1.381679
2.389313
-3.427481
1.755725
-2.908397
2.900763
-2.679389
0.900763
-0.854962
4.007634
1.816794
-1.557252
4.870229
-4.312977
3.839695
-0.725191
5.297710
-3.679389
4.053435
-4.580153
-3.465649
3.106870
0.106870
1.160305
-2.824427
4.541985
-3.259542
4.541985
-1.816794
2.244275
-2.656489
1.557252
-3.549618
4.755725
5.595420
1.236641
0.450382
2.755725
-4.358778
4.458015
-2.633588
6.366412
-3.022901
5.122138
-1.450382
6.129771
-4.916030
5.213740
0.221374
0.603053
1.389313
7.732824
1.595420
2.167939
-1.145038
-1.664122
-0.229008
-2.572519
3.557252
-1.587786
-1.038168
-1.099237
5.129771
2.038168
0.633588
1.900763
2.725191
-0.480916
-0.366412
7.251908
-1.908397
-1.870229
2.488550
-1.213740
-4.832061
2.244275
4.137404
0.748092
-4.519084
-1.335878
-3.381679
4.122138
3.931298
-1.625954
-3.656489
3.022901
1.603053
-2.145038
2.870229
6.595420
-3.778626
7.442748
0.007634
1.435115
4.137404
-0.022901
3.564885
-1.908397
1.145038
4.977099
2.977099
-0.221374
5.694656
1.603053
5.045802
-3.267176
4.381680
-3.267176
3.274809
-2.458015
-0.312977
5.297710
-3.045802
6.274809
2.251908
4.725191
-3.351145
1.603053
4.496183
-4.267176
2.015267
2.374046
0.694656
0.832061
1.221374
1.587786
-0.954198
2.427481
0.893130
-3.236641
3.038168
-1.129771
1.076336
-1.114504
3.167939
-0.259542
4.816794
-1.068702
2.625954
2.282443
3.396947
5.221374
-1.770992
5.221374
-1.969466
1.770992
2.557252
7.282443
-3.335878
0.671756
1.312977
-2.801527
3.213740
-3.511450
2.725191
0.061069
-2.511450
2.633588
-5.114504
-0.648855
1.702290
0.030534
3.587786
-0.007634
2.816794
-6.839694
1.801527
-0.358779
1.152672
1.320611
0.221374
2.938931
1.992366
3.557252
0.534351
-3.351145
0.526718
-1.687023
3.824427
1.000000
-3.251908
4.603054
0.251908
5.969466
-0.335878
0.496183
-0.923664
-4.320611
6.053435
0.076336
-1.938931
0.809160
-1.755725
3.900763
3.603053
-4.145038
3.587786
-0.587786
-0.473282
2.297710
-1.946565
1.022901
2.381679
2.862595
4.297710
-2.946565
2.938931
-3.519084
0.671756
-4.183206
-3.267176
1.709924
-3.183206
4.557252
0.984733
-2.946565
2.167939
-0.725191
-1.274809
2.832061
-4.206107
3.320611
0.916031
1.312977
3.076336
-0.854962
-0.648855
3.679389
3.190840
1.106870
-2.610687
4.877862
5.694656
0.740458
-3.068702
1.419847
2.770992
4.587786
-0.587786
-2.603053
6.541985
1.465649
-0.068702
-1.389313
0.931298
6.587786
5.175572
-0.435115
-0.549618
1.183206
3.885496
-1.244275
-1.549618
4.580153
-0.862595
5.633588
0.099237
-2.824427
4.763359
3.290076
6.328244
-0.404580
1.366412
4.610687
2.404580
6.534351
-0.572519
-1.801527
6.641222
-0.160305
0.435115
-2.541985
5.282443
-1.083969
-1.122137
4.549618
-0.427481
-1.175573
2.885496
-0.251908
-2.404580
3.320611
4.038168
-4.801527
3.740458
1.679389
-1.396947
-3.633588
-3.725191
-0.595420
5.458015
3.908397
-2.305344
-4.969466
3.854962
-2.274809
5.587786
-2.129771
6.458015
-4.290076
2.786260
-1.824427
1.549618
3.503817
-6.251908
-0.786260
7.229008
-1.687023
-2.519084
5.412214
0.412214
-5.358778
2.396947
-3.893130
-1.305344
3.396947
-2.137405
1.152672
6.984733
-2.603053
0.694656
4.832061
-2.916031
-2.053435
2.969466
-1.221374
1.496183
2.274809
-2.442748
4.870229
2.091603
4.984733
-0.885496
4.977099
4.419847
-2.450382
0.015267
2.625954
1.633588
-4.381680
-1.381679
4.152672
1.083969
-2.916031
1.290076
4.137404
1.503817
0.740458
-1.770992
2.328244
-0.770992
-0.114504
2.893130
1.847328
-1.007634
-1.656489
4.900764
3.099237
-0.885496
-3.274809
2.725191
-1.145038
-4.305344
5.251908
5.045802
1.175573
-3.320611
-2.824427
1.877863
5.381680
6.946565
-2.656489
5.381680
-0.595420
1.076336
-3.656489
7.854962
-0.763359
5.206107
-1.977099
4.862596
-4.679389
3.419847
4.625954
-2.572519
2.862595
-1.465649
3.488550
3.343511
-0.877863
1.618321
-2.022901
1.274809
-2.305344
6.083970
3.175573
-3.068702
2.625954
-2.473282
2.870229
-0.511450
3.465649
-1.709924
3.022901
1.106870
1.068702
3.358779
0.099237
4.877862
-0.259542
0.633588
4.839694
-2.427481
2.282443
3.183206
-1.824427
1.824427
2.946565
-0.465649
0.183206
2.480916
4.832061
0.442748
-1.656489
4.618320
1.656489
-1.290076
4.465649
4.541985
-4.190840
3.083969
-2.839695
3.824427
3.091603
-0.946565
2.435115
6.786260
-3.412214
0.961832
4.038168
3.114504
0.557252
-1.282443
5.251908
-2.870229
3.396947
-0.847328
6.068702
-2.916031
4.618320
-0.412214
3.496183
-2.984733
2.549618
-3.900763
0.122137
6.923664
-1.923664
-3.320611
3.381679
2.022901
-5.671756
-3.961832
-1.595420
0.297710
4.122138
0.396947
-2.190840
-2.221374
6.282443
-0.145038
-1.290076
-4.175572
-2.610687
0.916031
1.412214
2.557252
2.954198
-0.297710
-3.496183
4.908397
5.709924
3.534351
-3.977099
-1.900763
-1.679389
5.229008
6.305344
3.229008
-0.694656
3.977099
5.328244
4.251908
2.916031
-2.236641
-3.496183
-1.977099
6.748092
2.923664
-1.961832
-1.450382
6.251908
-2.748092
3.770992
0.641221
0.816794
4.213740
-0.885496
5.732824
2.167939
-3.923664
4.786260
-2.931298
2.328244
0.526718
-4.007634
6.396946
-4.893130
4.625954
1.099237
-1.335878
1.458015
-0.091603
-0.435115
6.969466
-2.923664
5.022901
0.916031
-2.106870
7.305344
3.083969
6.839694
-3.732824
4.442748
-0.587786
2.404580
3.877863
2.404580
1.389313
-2.435115
2.419847
-2.641221
6.694656
-0.977099
4.374046
-1.778626
1.679389
3.801527
-2.763359
1.862595
4.389313
0.251908
0.015267
4.885496
5.557252
-2.083969
-2.549618
1.603053
3.007634
-4.099236
-1.190840
-3.122137
3.145038
1.549618
5.190840
-0.564885
-3.335878
1.213740
6.763359
-1.450382
2.633588
5.267176
0.229008
-6.221374
1.122137
3.389313
6.198473
-0.877863
-3.832061
0.877863
3.305344
5.526718
-0.435115
-1.038168
-0.419847
1.687023
1.587786
3.511450
1.442748
0.267176
1.305344
1.503817
2.587786
-2.473282
3.503817
3.114504
-2.137405
3.656489
3.076336
0.114504
2.404580
-1.938931
1.618321
1.190840
-2.389313
-0.725191
5.946565
-2.969466
-1.099237
2.427481
5.022901
-2.267176
1.671756
1.603053
-3.015267
-0.931298
5.923664
-0.038168
1.900763
1.839695
6.473282
-0.091603
4.961832
-1.557252
5.343512
-3.106870
0.244275
1.748092
-0.801527
2.206107
1.145038
2.572519
-3.022901
-1.877863
4.206107
4.236641
-2.656489
-0.297710
5.786260
1.458015
2.068702
0.068702
-2.274809
4.595420
2.389313
-4.664122
-0.557252
-0.603053
1.015267
-3.297710
-0.198473
4.725191
-0.396947
-3.641221
-1.213740
3.755725
2.122137
-5.221374
2.916031
6.106870
-4.030534
0.221374
5.732824
1.458015
-3.221374
-3.305344
4.213740
2.954198
-0.969466
5.206107
4.068702
0.137405
3.175573
2.038168
0.022901
-1.854962
1.213740
3.053435
-0.816794
-1.977099
1.717557
2.236641
7.541985
1.877863
-4.992366
3.725191
4.045802
0.687023
-1.221374
1.389313
-3.328244
-2.832061
4.183206
3.282443
2.847328
-1.190840
-1.595420
3.763359
5.702290
0.236641
3.419847
4.541985
-0.732824
-1.755725
0.755725
4.312977
1.633588
-0.702290
1.114504
4.213740
3.984733
4.076336
-0.488550
-0.770992
4.854962
2.694656
0.595420
-0.633588
2.679389
3.847328
4.152672
-2.687023
-0.816794
6.083970
3.816794
0.305344
-0.961832
3.015267
6.099236
4.320611
2.839695
5.045802
0.312977
-3.900763
0.099237
-0.152672
2.580153
4.503817
-1.954198
-4.076336
5.458015
2.229008
-1.709924
2.099237
1.259542
-3.274809
5.274809
1.709924
-0.725191
4.244275
1.099237
1.664122
-2.900763
-0.122137
4.145038
-3.122137
3.847328
6.167939
-1.664122
4.519084
1.877863
-0.603053
6.358778
1.641221
-2.687023
6.763359
-0.893130
-0.770992
1.824427
-1.748092
-0.030534
5.145038
-3.465649
5.282443
-1.519084
3.748092
-2.641221
7.213740
-1.549618
1.656489
-6.015267
0.824427
3.679389
-6.076336
1.786260
-1.305344
1.061069
0.320611
4.641222
2.870229
4.954198
1.000000
-2.206107
1.908397
4.832061
2.152672
-4.740458
3.450382
2.954198
-3.488550
3.396947
-0.274809
0.007634
0.190840
-1.145038
-1.152672
1.793893
-2.129771
0.519084
1.419847
2.503817
-2.931298
8.404580
-1.938931
2.473282
-1.618321
2.709924
-1.541985
-0.519084
-2.183206
-1.702290
4.236641
-2.809160
5.687023
-2.213740
6.312977
-1.534351
5.427481
-0.893130
4.053435
-3.610687
5.412214
-1.893130
6.717557
-0.992366
5.557252
-1.572519
1.175573
0.129771
-3.824427
-0.984733
4.374046
-1.274809
6.274809
-2.656489
0.694656
6.091603
-0.541985
-0.366412
8.824428
4.122138
4.129771
-0.503817
1.969466
4.061069
-1.167939
2.977099
-0.900763
-0.519084
-0.465649
3.267176
-4.015267
5.618320
0.145038
2.687023
1.366412
-1.969466
3.244275
0.458015
-0.977099
1.763359
-1.664122
-2.129771
3.190840
1.931298
-0.167939
6.030534
-1.236641
-0.969466
3.534351
0.022901
2.412214
-1.526718
4.236641
-1.305344
3.198473
0.335878
-2.106870
4.717557
-1.946565
0.908397
-0.374046
4.870229
-0.618321
4.396946
-2.038168
-1.824427
4.740458
0.641221
0.977099
-1.061069
1.251908
1.068702
1.648855
6.977099
-2.900763
2.969466
1.022901
-0.977099
6.045802
-2.549618
1.893130
6.152672
-2.083969
0.442748
0.801527
-2.503817
6.549618
-0.320611
-4.053435
3.687023
-3.358779
2.145038
0.732824
-2.061069
4.862596
-3.709924
5.824428
1.961832
-3.893130
1.114504
6.480916
-3.106870
3.389313
-1.923664
2.328244
-5.564886
3.969466
0.770992
2.290076
-0.938931
-1.458015
7.694656
-0.618321
1.877863
1.236641
-2.603053
4.969466
-0.625954
-0.854962
4.206107
1.312977
0.717557
2.458015
-3.587786
1.977099
-0.572519
3.167939
-4.030534
4.519084
1.679389
-2.389313
3.755725
0.480916
3.954198
1.969466
-1.465649
5.809160
4.274809
-2.236641
0.732824
5.534351
-2.167939
2.625954
0.206107
0.770992
5.022901
0.152672
-1.183206
3.977099
3.755725
-0.473282
-0.450382
5.206107
2.419847
-0.259542
1.480916
1.984733
-1.030534
-2.236641
4.290076
-2.511450
-0.786260
2.946565
-0.763359
-1.007634
2.648855
5.259542
-1.900763
-1.641221
-0.862595
4.206107
2.503817
-1.526718
3.404580
4.557252
2.259542
-1.610687
4.656488
4.809160
1.671756
4.458015
0.442748
-5.312977
2.145038
4.473282
-0.854962
-1.763359
2.183206
5.900764
5.656488
1.832061
-1.587786
-1.061069
3.740458
4.908397
-0.106870
-6.320611
0.717557
3.458015
2.480916
-1.526718
-4.450382
4.664122
4.877862
5.190840
0.793893
-3.595420
0.122137
2.404580
5.641222
6.770992
-4.534351
5.145038
-1.137405
4.465649
4.053435
-1.473282
1.702290
-3.442748
0.755725
5.900764
-2.038168
-1.603053
-2.519084
-0.633588
3.961832
5.351145
-0.267176
-0.954198
3.725191
-2.473282
-2.458015
4.076336
3.824427
5.038168
3.114504
-1.305344
-1.770992
-1.053435
-1.251908
0.381679
4.931298
5.259542
2.290076
-1.671756
-4.076336
0.625954
0.725191
3.244275
4.564886
3.931298
0.694656
-1.473282
-1.900763
-1.496183
3.709924
1.656489
2.534351
-1.229008
-1.664122
-4.656488
3.282443
-0.045802
-3.122137
4.320611
-2.473282
0.503817
3.961832
-0.709924
1.343511
-3.076336
1.259542
5.404580
-2.694656
3.427481
-2.778626
3.732824
2.664122
-3.938931
1.862595
-0.877863
0.366412
5.221374
1.488550
-0.038168
2.648855
-4.297710
3.068702
-0.534351
-3.824427
5.099236
0.160305
-0.099237
2.389313
6.877862
0.870229
-0.358779
7.106870
3.076336
3.740458
2.648855
-0.244275
1.801527
-1.610687
3.358779
-0.221374
2.702290
0.137405
1.580153
-1.282443
1.870229
-2.648855
4.725191
-2.671756
6.312977
-2.129771
5.854962
-1.206107
4.198473
2.778626
-0.885496
-0.145038
0.534351
1.290076
5.557252
0.557252
1.137405
0.335878
-0.893130
5.122138
-4.748092
-0.358779
1.458015
2.610687
2.603053
-2.625954
3.923664
-3.763359
4.297710
5.633588
-2.221374
1.656489
5.977099
-0.526718
4.564886
-1.633588
-0.496183
4.259542
-1.641221
-2.267176
4.038168
-0.954198
-0.122137
2.732824
-1.763359
2.664122
1.343511
-1.816794
4.793893
-0.503817
-0.297710
2.572519
-3.122137
1.984733
6.480916
-2.664122
1.328244
0.496183
-2.251908
7.366412
2.007634
0.015267
2.374046
-2.534351
5.969466
0.496183
4.229008
-2.541985
5.404580
-2.839695
4.778626
-2.343511
0.114504
7.694656
-1.129771
2.625954
2.320611
-3.030534
3.412214
3.030534
-0.389313
2.335878
4.198473
-0.801527
-1.068702
6.992366
-2.412214
5.572519
-0.007634
2.587786
-2.908397
1.404580
-0.221374
0.106870
3.549618
-1.564885
3.007634
-2.572519
2.809160
-0.053435
7.114504
-3.961832
3.282443
-0.450382
1.496183
-0.847328
0.541985
1.244275
-1.381679
-1.229008
7.679389
-0.328244
-2.358779
2.549618
-4.053435
5.618320
-4.259542
1.732824
-0.618321
-2.015267
1.885496
1.664122
-0.083969
3.893130
0.854962
1.809160
-2.885496
8.358779
1.832061
2.564885
0.534351
1.702290
-3.114504
1.732824
-1.290076
-0.709924
1.068702
-3.206107
-1.641221
2.534351
0.190840
3.748092
-2.458015
0.816794
4.847328
-0.709924
3.328244
0.671756
2.305344
1.702290
4.916030
2.801527
-2.664122
7.244275
-0.961832
-0.740458
4.603054
0.366412
2.175573
5.000000
-1.488550
3.221374
2.458015
-2.969466
6.625954
-2.152672
1.503817
2.061069
1.541985
-1.030534
5.938931
-0.412214
2.793893
3.251908
-2.832061
2.931298
-1.732824
4.229008
0.137405
4.519084
0.862595
5.938931
-1.091603
4.961832
0.114504
4.755725
-1.694656
2.419847
1.183206
3.496183
-3.167939
0.526718
3.343511
-2.770992
2.923664
-2.366412
4.427481
0.480916
-2.290076
-1.854962
-3.671756
7.068702
-1.679389
0.419847
0.175573
-3.480916
5.587786
-1.969466
2.419847
-2.038168
-0.954198
5.091603
-0.503817
4.832061
0.877863
-2.664122
4.488550
1.816794
-2.167939
4.732824
5.854962
-1.694656
-2.633588
6.946565
6.183206
-2.030534
0.053435
6.946565
2.396947
2.389313
0.335878
0.358779
6.374046
-1.167939
6.587786
-3.167939
0.992366
4.259542
-3.114504
3.053435
-0.938931
2.389313
7.465649
1.213740
-4.267176
1.824427
3.732824
1.717557
0.717557
-1.702290
4.748092
3.480916
-0.274809
3.374046
-0.564885
-1.488550
-0.610687
5.923664
4.984733
-3.190840
0.595420
3.465649
0.793893
-3.404580
2.030534
0.473282
-0.938931
5.610687
1.938931
2.931298
1.435115
4.961832
-2.488550
2.984733
-5.297710
3.450382
-1.725191
4.083970
-3.305344
2.648855
0.129771
1.099237
1.213740
3.740458
1.946565
1.328244
-1.030534
1.053435
2.175573
0.351145
3.267176
-2.030534
0.419847
1.824427
-2.282443
1.572519
-1.526718
3.839695
-1.587786
-0.984733
5.244275
1.435115
2.984733
-2.755725
1.114504
-2.030534
8.297709
0.129771
6.557252
-2.916031
2.351145
-0.916031
3.549618
2.587786
2.748092
2.297710
-4.839694
3.862595
4.328244
3.114504
0.099237
4.015267
-1.404580
0.793893
3.198473
-0.977099
-2.465649
0.824427
3.938931
-2.251908
2.000000
-0.412214
2.923664
-1.526718
-0.083969
2.931298
-2.572519
3.541985
-0.122137
4.290076
1.671756
-3.229008
4.396946
3.580153
-0.465649
-1.610687
-0.687023
-2.870229
5.480916
-1.396947
-2.152672
7.618320
-0.251908
0.083969
0.297710
-3.534351
2.473282
0.709924
-2.152672
3.702290
2.343511
-0.580153
-1.946565
-0.259542
-2.435115
3.641221
1.801527
-2.862595
1.893130
2.717557
4.488550
-1.725191
1.618321
2.625954
3.083969
-1.442748
3.015267
-0.916031
-1.244275
-1.954198
3.114504
-0.641221
1.748092
3.358779
1.732824
0.068702
1.061069
3.000000
0.595420
0.961832
2.229008
-2.687023
0.923664
0.076336
-1.404580
-2.305344
-1.053435
0.183206
-1.106870
-7.923664
-1.778626
-8.923664
-9.206107
-4.458015
-5.656488
-8.572519
-8.076336
-5.267176
-1.564885
-7.045802
-9.549619
-7.389313
-5.351145
-5.206107
-9.671756
-9.679389
-6.709924
-8.687023
-9.061069
-10.702291
-9.526717
-4.572519
-7.809160
-6.885496
-2.763359
-6.938931
-3.702290
-1.969466
-5.259542
-2.236641
-2.709924
3.572519
-0.755725
-0.045802
3.160305
-0.473282
3.717557
1.885496
2.381679
5.763359
5.679389
6.595420
10.770992
11.526717
9.832061
9.160305
10.824428
10.122137
4.480916
6.381680
14.832061
15.068703
8.778625
12.000000
13.694656
11.786260
11.793893
13.603053
6.832061
14.549619
10.259542
8.343512
10.526717
14.137404
7.282443
11.832061
16.984734
6.488550
12.038168
12.534351
15.618320
10.022901
15.458015
14.610687
8.893129
13.160305
12.366412
8.106871
12.862596
6.091603
6.916030
4.465649
5.954198
11.396947
5.900764
10.839695
5.152672
4.412214
6.480916
-0.022901
-0.664122
1.748092
-1.801527
-2.038168
1.396947
-1.343511
-6.366412
-2.801527
-3.519084
-0.343511
-2.862595
-5.068702
-6.129771
-2.282443
-4.633588
-7.900764
-5.603054
-7.076336
-8.809160
-6.297710
-9.137404
-9.480916
-8.496183
-8.786260
-13.877863
-10.549619
-9.778625
-8.954199
-8.221375
-5.427481
-9.969465
-8.404580
-14.129771
-12.854961
-7.984733
-9.977099
-12.450381
-10.015267
-12.396947
-9.374045
-7.687023
-6.748092
-8.679389
-14.000000
-15.190840
-10.969465
-10.496183
-3.931298
-6.137404
-8.358779
-11.122137
-13.946565
-8.412213
-10.404580
-8.610687
-10.900764
-7.938931
-5.244275
-10.770992
-9.297709
-9.900764
-13.603053
-15.954199
-10.038168
-8.412213
-8.786260
-3.343511
-7.229008
-8.648855
-7.610687
-11.259542
-5.282443
-9.351145
-7.251908
-10.244275
-8.465649
-4.534351
-10.877863
-13.473283
-7.083970
-4.351145
-5.916030
-8.351145
-10.038168
-11.343512
-8.328244
-2.625954
-2.748092
-10.244275
-5.351145
-3.213740
-4.938931
-1.717557
-7.335878
-2.648855
-4.137404
-0.015267
-4.206107
-5.938931
0.396947
-0.068702
-1.931298
-1.824427
0.954198
-1.625954
1.725191
4.961832
2.717557
0.015267
1.809160
4.053435
4.221374
7.732824
6.068702
7.114504
6.618320
6.992366
6.809160
12.480916
9.824428
10.442748
13.335877
14.610687
11.488549
14.045801
10.519084
12.267176
14.236641
17.541985
13.229008
12.145039
12.641221
13.129771
11.580153
14.450381
11.511451
11.183207
14.374045
16.381680
13.274809
15.625955
11.809160
14.633588
12.702291
13.793893
8.870229
11.954199
15.442748
18.396946
18.229008
11.488549
15.793893
8.748092
11.954199
15.106871
15.129771
14.549619
14.564885
9.022901
15.648855
12.862596
12.274809
12.290076
11.305344
10.992367
13.175572
12.587787
10.419847
13.664123
12.213740
12.244275
14.725191
13.458015
13.648855
11.923664
16.503817
15.366412
14.259542
11.091603
14.427481
12.152672
12.893129
13.908397
11.687023
17.786259
15.824428
14.664123
18.450382
15.381680
14.709924
13.236641
15.251908
12.770992
16.854961
15.221375
15.656488
13.625955
16.900763
15.954199
13.221375
14.435115
11.374045
14.656488
13.374045
16.931297
15.396947
12.832061
16.389313
13.213740
13.610687
15.030535
16.221375
16.022902
13.671756
11.625955
14.160305
15.000000
15.916031
14.221375
15.000000
15.786260
14.755725
12.435115
10.954199
16.320610
11.328244
12.687023
11.106871
6.709924
0.000000
3.763359
3.320611
-1.809160
-0.282443
-2.190840
-6.083970
-4.206107
-7.511450
-5.656488
-10.022901
-10.946565
-6.030534
-9.396947
-10.312977
-10.458015
-12.389313
-11.175572
-12.709924
-10.145039
-6.923664
-13.618320
-10.450381
-9.473283
-8.709924
-10.664123
-9.038168
-8.893129
-10.648855
-6.091603
-11.786260
-10.694656
-8.992367
-8.366412
-9.503817
-12.664123
-9.053435
-9.236641
-8.251908
-8.664123
-11.251908
-10.793893
-7.977099
-9.938931
-8.702291
-10.648855
-13.450381
-12.007633
-11.351145
-12.885496
-9.480916
-12.740458
-11.679389
-7.938931
-11.274809
-7.190840
-10.221375
-9.114504
-8.541985
-9.549619
-8.793893
-10.702291
-10.564885
-9.732824
-10.183207
-9.290076
-8.511451
-12.595420
-9.297709
-7.488550
-7.221374
-11.213740
-9.625955
-11.137404
-10.175572
-12.801527
-11.389313
-9.274809
-8.465649
-12.229008
-7.977099
-8.580153
-10.114504
-10.564885
-14.740458
-14.419847
-9.251908
-7.114504
-7.648855
-13.305344
-11.236641
-8.625955
-11.435115
-10.458015
-12.083969
-14.847328
-8.076336
-10.022901
-11.343512
-8.824428
-11.030535
-9.992367
-10.534351
-9.763359
-14.503817
-6.465649
-8.702291
-8.900764
-3.526718
-8.526717
-1.687023
-2.030534
-1.549618
-1.145038
1.381679
1.167939
-0.305344
1.251908
-0.702290
3.404580
2.946565
4.587786
5.725191
7.297710
5.839694
4.374046
2.938931
6.229008
5.190840
6.251908
6.832061
5.106870
5.236641
4.549618
3.778626
6.450382
4.587786
6.809160
6.106870
3.320611
9.732824
4.740458
6.572519
6.923664
6.793893
8.641221
3.717557
4.145038
2.366412
2.450382
4.633588
0.526718
3.687023
4.580153
3.496183
7.488550
4.946565
1.328244
4.557252
4.519084
5.786260
1.053435
6.587786
2.022901
1.351145
0.969466
4.954198
-0.351145
2.580153
3.923664
2.274809
1.045802
4.206107
2.648855
2.854962
0.091603
2.145038
0.396947
5.106870
-2.297710
2.671756
0.404580
1.366412
2.748092
3.946565
3.389313
-0.351145
1.206107
3.763359
3.305344
0.534351
0.114504
0.793893
-0.557252
-0.083969
0.328244
-0.916031
4.992366
0.374046
3.419847
0.297710
-1.312977
-0.534351
-1.038168
0.374046
-0.412214
-1.129771
-0.160305
-0.755725
-0.374046
0.106870
-0.473282
0.709924
1.557252
1.610687
1.381679
0.809160
3.480916
4.053435
-0.068702
1.770992
-2.198473
1.206107
-1.603053
0.473282
-0.687023
0.564885
-1.091603
-2.854962
1.770992
1.687023
1.717557
-0.755725
0.694656
-1.145038
-1.290076
0.061069
-1.190840
-1.320611
1.312977
-0.190840
-1.030534
0.534351
-1.541985
0.320611
0.076336
1.725191
1.251908
0.503817
-2.541985
0.603053
-0.496183
2.763359
0.480916
1.847328
0.526718
-1.328244
-0.198473
-1.923664
-1.687023
1.099237
2.961832
-1.931298
1.206107
-1.022901
-2.259542
1.053435
2.923664
1.030534
0.343511
2.389313
1.099237
-2.557252
-1.549618
-0.641221
1.458015
-0.320611
1.549618
0.450382
-0.931298
-1.206107
2.511450
-0.938931
-1.664122
2.503817
1.030534
3.305344
-2.992366
4.297710
6.816794
8.236641
-0.633588
3.458015
4.366412
4.259542
2.213740
0.030534
5.648855
5.221374
1.221374
5.290076
1.740458
4.656488
3.251908
6.305344
3.068702
3.114504
2.664122
8.480916
2.381679
-0.251908
0.938931
-0.618321
-0.244275
1.259542
0.358779
1.473282
0.160305
1.778626
1.106870
5.229008
1.419847
6.358778
0.832061
4.106870
0.038168
2.061069
-0.229008
4.435114
1.458015
5.809160
2.435115
5.770992
2.687023
3.931298
3.396947
6.709924
1.068702
5.053435
1.824427
2.656489
-1.725191
4.152672
1.175573
2.519084
-1.038168
7.648855
3.496183
7.396946
1.519084
4.969466
1.183206
0.534351
-2.770992
-2.091603
-2.404580
-1.709924
1.687023
5.450382
4.648855
-1.603053
-1.007634
0.641221
0.832061
0.022901
-2.175573
-5.648855
-0.694656
-3.564885
-2.763359
1.954198
-2.137405
-1.206107
-8.778625
-7.816794
-2.045802
-1.633588
-0.770992
-0.580153
-6.366412
-9.274809
-6.175572
2.213740
1.465649
-6.305344
-6.259542
-3.656489
-0.274809
-2.938931
-1.167939
-2.335878
-0.916031
-5.770992
-3.198473
-6.083970
-6.045802
-5.480916
-2.961832
-4.274809
-0.984733
-7.969466
-6.916030
-4.679389
-4.580153
-5.061069
-7.022901
-9.183207
-2.984733
-8.412213
-2.816794
-5.938931
-9.305344
-4.839694
-8.412213
-4.618320
-5.832061
-2.282443
-3.534351
-3.396947
-4.633588
-1.938931
-8.633588
-0.259542
-2.419847
1.229008
-4.969466
-1.923664
0.587786
-5.641222
0.702290
2.969466
-2.503817
-4.198473
-1.816794
1.809160
-2.908397
0.618321
-2.641221
0.534351
-3.923664
-3.343511
-0.068702
-0.786260
-0.213740
-1.473282
-4.549618
0.610687
-2.656489
0.793893
-6.496183
-2.381679
-1.763359
-0.473282
1.625954
-3.969466
-0.106870
-3.496183
-0.511450
-4.435114
-3.022901
-2.709924
-3.816794
0.862595
-2.427481
1.251908
-2.274809
-1.770992
-0.641221
-0.946565
-0.396947
0.221374
-0.854962
-0.503817
3.633588
-2.015267
4.839694
-1.091603
1.167939
-0.389313
2.839695
2.679389
-3.351145
-0.374046
4.328244
-0.603053
1.496183
-0.526718
-0.900763
0.763359
-0.442748
-4.694656
0.236641
-5.198473
1.763359
-1.854962
-1.503817
2.229008
0.778626
-1.603053
-0.793893
-1.534351
-2.419847
-1.083969
-3.549618
-0.183206
-0.916031
8.473283
-2.740458
3.664122
1.435115
-0.572519
2.297710
1.145038
-1.099237
4.770992
2.106870
0.709924
4.946565
-2.641221
0.267176
-0.320611
-0.603053
0.877863
-0.320611
2.725191
-0.740458
-1.297710
-1.969466
1.656489
0.618321
-0.603053
-1.312977
5.816794
1.221374
1.404580
3.801527
4.748092
2.519084
2.503817
4.488550
0.022901
1.389313
7.480916
3.122137
1.175573
8.389313
4.992366
1.534351
7.259542
0.854962
2.015267
1.664122
3.015267
2.282443
0.832061
1.106870
2.015267
3.030534
3.854962
4.755725
-0.473282
-0.396947
1.244275
4.076336
0.908397
0.244275
2.809160
3.610687
2.236641
3.832061
1.916031
1.229008
-3.702290
2.923664
-4.374046
1.488550
1.770992
1.083969
0.923664
-3.511450
-0.114504
-1.328244
0.503817
2.480916
0.007634
-1.351145
1.068702
2.206107
0.007634
1.450382
0.244275
-0.977099
1.198473
2.748092
1.969466
-0.320611
-0.610687
-4.404580
-1.572519
-4.496183
-4.213740
-3.267176
-3.244275
-3.351145
-3.442748
-4.061069
-2.435115
-0.213740
0.748092
-0.076336
1.366412
-1.610687
-1.190840
-2.244275
-0.450382
0.351145
2.541985
-0.274809
0.557252
-3.587786
-0.740458
-1.473282
-1.244275
-1.343511
1.648855
-2.870229
6.442748
-5.740458
2.358779
-1.709924
0.763359
-8.519084
-0.770992
-2.488550
-10.503817
0.038168
-7.557252
2.190840
-10.961832
-6.404580
-2.641221
-8.068703
-6.916030
-10.137404
-2.206107
-6.816794
-1.442748
-9.366412
-0.007634
-13.557252
-9.519084
1.137405
-4.664122
-5.809160
-9.099236
-10.251908
-9.312977
-9.809160
-9.175572
-9.404580
-3.748092
-10.015267
-6.167939
-1.282443
-6.908397
-3.061069
-9.198473
-5.267176
-4.473282
-11.465649
-8.488549
-8.534351
-2.419847
-8.312977
-2.358779
-9.496183
-6.320611
-8.030535
-10.824428
-5.259542
-6.717557
-3.503817
-10.473283
-2.229008
-8.572519
-2.641221
-5.709924
-7.954198
1.549618
-6.923664
-2.587786
2.526718
-4.374046
0.022901
-1.076336
5.328244
-3.320611
-5.259542
-0.213740
-0.801527
-4.725191
-0.610687
-4.229008
4.870229
-2.625954
0.213740
7.190840
-0.198473
1.625954
4.931298
6.259542
-4.694656
-0.282443
2.732824
-2.007634
-6.000000
6.587786
1.549618
-2.244275
3.824427
1.251908
-0.740458
5.290076
1.328244
-3.641221
4.679389
5.122138
-1.427481
4.267176
3.580153
-0.587786
1.099237
3.938931
-1.511450
0.526718
2.412214
0.900763
-0.251908
3.198473
-0.755725
-0.709924
-4.877862
3.145038
0.152672
0.633588
2.458015
-0.473282
4.801527
-1.656489
6.129771
4.564886
-2.106870
4.053435
2.824427
-3.587786
3.618321
-5.702290
5.603054
1.465649
0.083969
-1.473282
-1.122137
4.732824
0.793893
2.908397
-1.366412
-1.259542
5.267176
-0.549618
4.091603
0.931298
2.190840
-3.190840
-1.992366
4.908397
-1.847328
5.549618
-2.045802
5.404580
-2.778626
-0.343511
0.282443
6.832061
-3.404580
3.877863
-3.366412
-0.312977
-0.671756
-0.473282
2.618321
-0.572519
-2.549618
-0.290076
-3.038168
-3.656489
-0.854962
-0.625954
1.625954
1.740458
3.320611
1.145038
0.839695
0.725191
2.229008
-4.244275
0.198473
5.717557
4.053435
6.770992
-1.053435
4.061069
0.923664
1.198473
1.122137
0.809160
3.435115
-1.320611
4.206107
4.778626
0.633588
-0.305344
2.625954
7.267176
2.435115
-1.145038
2.603053
4.824428
-2.572519
0.473282
2.984733
2.824427
7.938931
-0.770992
1.259542
-1.465649
-0.251908
5.160306
2.526718
-2.641221
-0.580153
0.534351
3.374046
3.290076
0.068702
2.045802
0.648855
0.900763
7.618320
0.045802
0.053435
3.335878
-1.137405
3.229008
3.198473
-2.610687
2.015267
0.625954
-0.480916
1.893130
4.145038
-2.274809
2.519084
7.320611
1.664122
2.534351
-0.587786
3.442748
0.000000
1.045802
-1.442748
-1.083969
1.900763
1.061069
-0.412214
0.351145
3.496183
-4.404580
0.580153
0.076336
8.389313
5.259542
5.847328
2.030534
-2.000000
-2.923664
-3.732824
-4.091603
3.007634
6.931298
-4.076336
4.053435
0.534351
3.083969
5.000000
5.366412
4.236641
2.076336
2.839695
9.183207
11.045801
9.633588
9.167939
7.435114
5.694656
4.213740
5.793893
8.412213
9.671756
4.984733
11.412213
7.251908
11.580153
9.175572
2.893130
6.251908
0.366412
1.236641
0.129771
1.244275
2.190840
-2.152672
-3.832061
1.068702
-0.045802
0.664122
-2.190840
-2.732824
-3.129771
-0.786260
-4.083970
-9.832061
-10.770992
-9.824428
-10.717557
-9.106871
-4.335878
-5.732824
-6.603054
-8.900764
-9.335877
-2.832061
-10.541985
-7.404580
-2.534351
-2.977099
-6.190840
-10.946565
-7.770992
-4.343512
-0.900763
-8.877863
-5.816794
-5.572519
-5.213740
-3.725191
-3.076336
0.358779
0.458015
2.061069
0.923664
3.061069
3.145038
0.297710
0.549618
4.160306
4.931298
2.328244
1.694656
5.610687
4.610687
0.877863
1.610687
5.030534
6.297710
6.633588
5.167939
5.061069
4.396946
2.992366
2.786260
4.885496
-0.564885
0.213740
-0.190840
-0.534351
1.198473
4.984733
8.450381
3.251908
3.732824
3.419847
1.206107
2.290076
5.885496
7.740458
7.770992
9.465649
8.099236
0.671756
1.038168
4.656488
6.282443
7.534351
3.824427
1.076336
-2.473282
0.389313
5.648855
4.297710
2.786260
-2.931298
-1.496183
-3.526718
5.595420
3.931298
2.381679
0.000000
-2.022901
-1.763359
3.694656
2.427481
4.221374
3.236641
-0.679389
3.328244
3.801527
2.885496
0.740458
0.419847
-0.083969
6.473282
2.473282
-2.564885
-1.015267
-0.435115
3.862595
2.572519
-0.114504
-2.549618
2.251908
3.824427
-1.534351
2.366412
2.374046
3.709924
-0.893130
-1.045802
2.511450
3.854962
-0.969466
-4.351145
1.244275
7.694656
1.282443
0.885496
4.557252
7.374046
3.946565
2.580153
4.511450
2.854962
2.358779
12.038168
11.473283
8.053435
7.541985
11.114504
16.854961
11.404580
4.068702
11.129771
10.480916
3.244275
2.236641
4.946565
5.381680
5.106870
-0.893130
0.664122
7.809160
6.473282
0.916031
-0.145038
-0.633588
4.435114
0.580153
-2.015267
8.587787
5.946565
1.938931
1.465649
3.282443
-0.564885
-2.893130
2.748092
4.572519
-4.725191
-4.022901
-0.244275
-1.244275
1.862595
-0.938931
-4.603054
0.732824
-0.961832
-6.099236
-4.480916
-1.480916
-5.679389
-5.343512
-2.870229
0.969466
2.763359
3.152672
-4.374046
-1.923664
-2.396947
-4.946565
-3.351145
-3.954198
-4.396946
-0.511450
3.297710
0.664122
-2.587786
-4.717557
-0.824427
0.183206
-2.129771
-5.519084
-7.786260
1.015267
1.977099
-1.870229
-4.175572
-3.458015
0.259542
0.282443
-6.312977
-4.106870
-5.778626
-3.412214
0.412214
-4.229008
-4.954198
-3.267176
-1.206107
-8.641221
-3.015267
-1.938931
-6.244275
-2.854962
-1.045802
-3.893130
-3.725191
-2.877863
-2.190840
-8.419847
-3.381679
-1.351145
-4.045802
1.641221
1.030534
-5.809160
-6.572519
-8.297709
-1.969466
0.198473
-1.061069
-1.946565
-0.427481
-1.877863
4.633588
-1.984733
-6.572519
-4.656488
-4.534351
-3.244275
-2.984733
-2.274809
-5.885496
-3.763359
-2.000000
0.824427
-1.541985
-0.381679
-7.068702
-1.572519
-7.160306
-4.473282
-3.877863
-3.748092
-4.328244
-4.114504
-1.068702
0.587786
2.595420
-2.335878
-0.374046
-5.160306
2.679389
0.801527
0.709924
1.145038
4.198473
2.297710
3.740458
2.725191
7.068702
2.076336
0.152672
3.282443
7.709924
6.694656
5.351145
3.305344
6.015267
8.580153
8.839695
3.969466
7.290076
11.190840
11.923664
10.236641
7.709924
4.114504
3.328244
6.053435
4.488550
11.419847
6.206107
7.732824
13.030535
12.435115
10.358779
13.671756
16.587786
12.114504
6.091603
8.412213
8.396947
9.977099
9.145039
10.992367
16.335878
13.435115
5.213740
7.358778
10.396947
11.541985
9.770992
7.496183
12.091603
5.816794
2.198473
6.977099
11.183207
8.580153
8.603053
4.847328
4.900764
7.229008
6.000000
0.687023
0.938931
3.167939
0.671756
-0.702290
3.709924
3.603053
-2.091603
-2.603053
-0.587786
-1.946565
-0.366412
0.427481
-1.641221
1.022901
-2.465649
-6.801527
0.893130
-6.206107
-11.221375
-5.763359
-2.267176
-6.503817
-9.519084
-1.610687
-6.236641
-9.839695
-10.641221
-4.343512
-3.839695
-6.923664
-6.564886
-9.778625
-7.809160
-1.687023
-10.396947
-10.145039
-8.175572
-2.549618
-8.045801
-9.137404
-9.137404
-10.824428
-5.198473
-8.038168
-14.801527
-8.389313
-14.412213
-5.885496
-10.755725
-4.656488
-3.221374
-10.770992
-5.152672
-8.984733
-9.694656
-4.717557
-12.167939
-5.152672
-15.580153
-5.251908
-8.091603
-7.557252
-14.709924
-10.801527
-8.770992
-5.854962
-5.236641
-8.511451
-3.022901
-14.328244
-9.709924
-1.938931
-4.076336
-5.511450
-4.870229
-4.763359
-11.687023
-8.213740
-11.030535
-7.847328
-3.603053
-3.900763
-7.099236
-7.312977
-7.206107
-3.129771
-7.954198
-2.213740
-7.022901
-1.778626
-4.022901
-5.725191
-3.381679
-1.946565
-3.374046
-5.679389
-3.549618
-4.786260
-1.824427
-0.694656
-1.870229
-2.198473
-2.297710
-1.244275
-4.725191
-1.816794
-0.312977
-0.664122
-1.816794
-1.236641
-2.801527
0.374046
-3.122137
0.641221
-1.305344
2.259542
-1.381679
0.633588
1.984733
1.129771
-1.969466
-0.007634
-0.732824
2.648855
1.404580
-0.633588
1.862595
-0.160305
-2.229008
1.709924
-0.412214
0.427481
0.511450
-1.312977
-1.694656
3.312977
1.763359
0.061069
4.259542
3.038168
2.687023
1.740458
0.885496
2.167939
2.793893
-2.022901
1.610687
-1.908397
3.732824
-0.916031
2.717557
2.763359
0.160305
4.450382
0.648855
-1.206107
-0.824427
-0.351145
1.259542
-1.740458
-1.007634
1.190840
-2.297710
0.061069
1.618321
-5.740458
2.557252
-3.427481
0.763359
-3.145038
1.175573
1.183206
-0.572519
1.343511
-0.977099
1.625954
1.465649
-0.534351
-1.877863
3.152672
-0.351145
-0.152672
-2.122137
-0.160305
1.992366
1.511450
-2.030534
-0.595420
4.977099
0.580153
3.145038
-3.534351
6.312977
-1.610687
-3.801527
-2.473282
-2.335878
5.038168
2.625954
0.885496
5.801527
4.244275
-3.290076
-5.099236
-3.213740
3.229008
-3.488550
-3.610687
3.114504
5.717557
3.061069
-0.671756
0.511450
6.450382
0.748092
1.824427
5.152672
-0.282443
0.519084
4.145038
-2.412214
10.076336
4.954198
1.297710
4.671756
5.946565
5.106870
-1.572519
2.290076
-2.992366
1.305344
-0.404580
-0.152672
0.580153
0.007634
7.748092
6.610687
4.122138
1.854962
8.061069
3.167939
11.595420
11.206107
8.938931
2.618321
8.091603
10.473283
11.015267
8.000000
11.656488
6.755725
10.000000
6.618320
9.145039
9.229008
11.442748
9.793893
13.969465
11.106871
17.183207
15.381680
12.015267
6.793893
7.503817
13.824428
17.648855
13.488549
10.297709
8.732824
12.007633
14.984733
10.725191
11.450381
6.870229
9.519084
14.343512
14.458015
12.816793
14.610687
9.122137
5.618320
14.343512
12.175572
10.587787
9.717557
15.244275
14.297709
13.160305
8.389313
11.450381
13.557252
8.671756
12.931297
14.610687
13.290076
14.541985
8.870229
14.312977
12.480916
10.595420
11.526717
11.328244
12.290076
12.137404
17.801527
7.083970
10.381680
14.473283
14.007633
13.038168
6.740458
15.954199
10.366412
12.969465
12.106871
19.267176
8.938931
15.679389
16.488550
7.595420
16.244274
8.595420
14.137404
10.221375
17.564886
10.274809
7.625954
17.618320
11.038168
16.061069
6.748092
19.129770
12.412213
13.328244
13.633588
11.122137
17.694656
6.160306
18.282442
9.473283
11.977099
10.183207
9.854961
16.709923
7.923664
11.450381
18.396946
13.847328
8.732824
14.396947
7.809160
11.183207
15.488549
11.694656
8.038168
17.305344
14.618320
10.847328
13.213740
14.343512
13.916031
9.893129
15.259542
12.030535
11.862596
12.656488
14.435115
10.251908
10.206107
11.671756
16.908398
13.824428
11.534351
13.251908
7.832061
14.877863
13.641221
14.961832
14.778625
10.748092
13.076336
12.274809
9.160305
10.061069
10.770992
17.198473
15.885496
15.786260
10.770992
12.732824
12.076336
13.534351
13.114504
12.748092
13.374045
16.610687
16.977098
13.305344
8.557252
17.549618
17.045801
15.725191
10.870229
9.809160
13.427481
11.854961
13.381680
13.061069
15.328244
11.083969
12.519084
11.763359
11.229008
13.320611
13.503817
14.122137
14.267176
13.259542
12.496183
8.099236
13.206107
15.343512
16.320610
16.091602
13.076336
7.702290
13.961832
14.068703
11.992367
17.984734
13.083969
15.702291
17.534351
14.793893
11.564885
14.519084
14.206107
15.755725
12.549619
11.366412
15.175572
15.412213
12.099236
11.809160
12.954199
14.503817
10.763359
12.541985
10.702291
10.412213
9.091603
12.641221
11.755725
9.083969
8.893129
9.137404
13.977099
16.297710
17.427481
14.129771
12.351145
11.251908
7.618320
7.557252
10.236641
7.351145
5.305344
12.015267
9.251908
11.061069
8.793893
6.954198
1.221374
2.213740
3.206107
0.229008
0.839695
-0.801527
-2.885496
-5.992366
-7.099236
-11.030535
-11.320611
-10.129771
-9.603053
-12.748092
-12.358779
-12.076336
-11.564885
-4.870229
-7.977099
-10.832061
-9.534351
-11.167939
-5.564886
-9.625955
-6.748092
-8.206107
-8.099236
-13.847328
-12.488549
-11.687023
-9.503817
-7.984733
-9.847328
-8.694656
-11.122137
-10.786260
-15.389313
-8.854961
-11.007633
-11.656488
-9.328244
-9.160305
-7.961832
-9.442748
-10.038168
-6.595420
-6.870229
-12.572519
-10.809160
-10.778625
-10.221375
-10.274809
-11.557252
-6.862596
-10.931297
-10.870229
-9.786260
-11.931297
-11.671756
-10.809160
-10.740458
-7.687023
-9.396947
-8.938931
-9.221375
-7.206107
-7.091603
-9.732824
-8.923664
-12.656488
-10.267176
-12.290076
-9.625955
-8.175572
-7.923664
-9.748092
-12.671756
-9.595420
-11.312977
-3.885496
-7.320611
-10.465649
-12.702291
-14.755725
-10.809160
-12.045801
-14.152672
-8.442748
-7.267176
-10.473283
-8.412213
-5.916030
-5.832061
-5.564886
-7.595420
-11.290076
-10.885496
-11.114504
-11.083969
-12.702291
-8.496183
-8.954199
-10.572519
-8.984733
-9.717557
-6.282443
-1.587786
-9.389313
-7.717557
-5.847328
-11.221375
-7.450382
-7.755725
-8.725191
-10.419847
-8.809160
-6.893130
-8.503817
-10.045801
-5.969466
-10.129771
-8.625955
-7.938931
-13.435115
-13.847328
-11.687023
-13.145039
-9.587787
-12.022901
-7.679389
-10.137404
-10.969465
-9.511451
-11.091603
-9.236641
-9.938931
-12.908397
-11.671756
-12.809160
-10.251908
-15.511451
-4.366412
-14.374045
-13.587787
-14.549619
-13.923664
-10.473283
-14.442748
-9.870229
-9.938931
-12.671756
-8.259542
-9.908397
-7.809160
-9.145039
-5.404580
-9.465649
-6.274809
-7.664122
-3.870229
-3.236641
-9.770992
-0.862595
-6.473282
-2.679389
-4.885496
-5.541985
-0.938931
-1.557252
-0.419847
-2.633588
-3.687023
4.435114
-4.534351
-0.541985
2.290076
-1.328244
-1.244275
-0.786260
1.022901
-4.305344
-6.427481
4.458015
0.038168
-0.992366
3.305344
-4.465649
2.557252
-6.282443
3.847328
-4.793893
2.687023
-7.786260
0.977099
-0.916031
-0.832061
2.511450
-4.458015
1.213740
-6.717557
-2.900763
1.610687
1.526718
3.824427
0.809160
3.656489
-0.427481
-0.885496
2.625954
3.030534
-4.259542
0.488550
4.137404
3.442748
4.458015
7.297710
2.763359
2.442748
-2.740458
5.557252
9.229008
5.541985
5.870229
4.893130
-3.244275
2.305344
4.664122
1.610687
-0.274809
4.419847
2.938931
-3.137405
-1.381679
-3.244275
3.770992
5.007634
4.503817
0.190840
0.572519
7.068702
1.992366
2.198473
-0.885496
2.847328
-0.847328
0.908397
-0.274809
0.290076
-0.435115
-1.030534
1.083969
1.717557
-0.709924
-2.946565
0.488550
5.038168
3.473282
-0.763359
1.267176
0.519084
5.015267
3.671756
2.167939
0.290076
2.091603
0.374046
3.152672
-2.824427
-1.549618
7.564886
3.099237
0.847328
-1.984733
0.229008
-0.763359
3.106870
3.534351
5.351145
1.099237
-0.519084
-2.511450
-1.297710
0.419847
2.671756
3.786260
-0.183206
1.580153
-0.603053
-3.633588
1.564885
2.366412
5.458015
4.267176
3.572519
2.931298
3.015267
2.801527
1.419847
-2.824427
0.793893
1.916031
0.152672
3.335878
1.000000
4.931298
1.251908
3.427481
-0.175573
0.496183
2.923664
1.549618
4.923664
2.267176
6.412214
-0.664122
3.282443
2.671756
0.427481
3.664122
7.305344
4.282443
-0.480916
2.068702
-2.160305
-1.114504
1.068702
2.465649
1.671756
-0.229008
3.694656
1.335878
-0.557252
1.381679
4.938931
-1.419847
0.923664
1.305344
2.366412
-2.022901
2.809160
4.389313
5.419847
3.908397
-2.442748
2.282443
2.404580
1.824427
-1.351145
2.000000
-2.251908
0.419847
-0.618321
0.679389
3.534351
-0.503817
1.221374
1.312977
0.152672
0.755725
-4.152672
-1.114504
3.274809
-0.946565
-0.503817
1.847328
-2.175573
0.992366
3.122137
1.824427
5.290076
5.580153
1.519084
2.572519
-0.137405
2.351145
1.404580
3.167939
2.312977
2.267176
5.702290
2.778626
6.664122
5.809160
1.526718
1.671756
3.007634
0.824427
4.305344
2.091603
4.664122
0.473282
3.824427
-0.297710
-0.038168
3.335878
-3.740458
-1.480916
3.236641
-2.465649
2.450382
-0.793893
1.206107
3.366412
1.190840
1.893130
3.160305
1.061069
-4.099236
-1.068702
0.625954
-2.740458
-0.679389
1.610687
1.114504
1.702290
2.473282
1.549618
-0.183206
2.770992
0.870229
2.229008
5.633588
2.946565
-2.549618
2.580153
2.839695
1.496183
2.587786
2.473282
4.625954
-0.221374
-0.977099
-2.534351
1.068702
4.641222
4.366412
-0.145038
-0.954198
-1.755725
2.931298
0.748092
-1.900763
0.496183
3.320611
2.213740
-2.167939
4.328244
-0.610687
3.068702
-0.595420
2.564885
0.404580
5.412214
1.496183
2.824427
-1.503817
3.847328
1.229008
0.916031
0.122137
2.175573
-1.114504
1.419847
1.190840
0.435115
3.465649
-0.793893
-0.969466
3.259542
4.297710
-2.229008
-1.114504
-1.946565
-0.541985
2.251908
-1.045802
0.190840
-2.923664
1.404580
0.053435
-1.900763
1.893130
-1.236641
2.732824
4.427481
-0.679389
2.068702
0.671756
3.335878
-0.099237
1.480916
2.190840
-0.763359
-3.137405
-1.580153
1.732824
3.229008
-0.160305
0.625954
1.694656
-5.450382
3.312977
0.129771
2.679389
-0.694656
-0.053435
2.427481
-0.572519
1.839695
-1.709924
-0.236641
3.908397
-3.106870
2.778626
-3.190840
1.450382
1.175573
-1.175573
1.404580
-2.740458
1.816794
2.801527
-3.496183
2.335878
3.160305
5.053435
-0.564885
2.938931
-1.923664
-4.251908
5.816794
-1.030534
6.595420
2.465649
3.534351
-3.030534
4.847328
-3.328244
1.343511
1.068702
-1.587786
4.465649
-3.366412
3.259542
2.557252
-3.396947
3.534351
-2.404580
0.709924
-1.847328
1.786260
-1.381679
-1.396947
-3.305344
1.076336
-3.076336
-0.244275
1.854962
-3.519084
-1.801527
-0.015267
-0.877863
6.236641
-0.854962
-5.503817
-0.755725
-1.488550
3.412214
3.916031
1.496183
0.656489
1.007634
-0.664122
-2.099237
5.549618
1.152672
1.587786
-1.664122
-1.908397
-0.229008
2.183206
0.183206
2.412214
1.503817
0.580153
-2.015267
-1.854962
0.740458
-1.183206
-3.862595
0.007634
1.022901
-2.969466
2.648855
1.068702
3.282443
-0.091603
-2.709924
0.190840
-0.106870
-5.519084
0.870229
3.687023
0.748092
3.160305
-1.809160
4.213740
3.564885
-1.160305
-0.702290
-0.374046
7.022901
-2.160305
4.038168
0.145038
1.534351
3.595420
1.625954
5.526718
2.580153
5.862596
2.435115
2.740458
2.702290
3.938931
3.335878
3.885496
2.557252
2.145038
5.297710
0.717557
3.595420
-0.251908
1.229008
2.343511
7.137404
4.259542
-0.213740
3.702290
3.160305
3.877863
7.419847
1.007634
6.412214
5.190840
5.267176
3.816794
0.984733
6.045802
1.656489
6.488550
-0.335878
1.908397
1.969466
2.816794
0.885496
-0.305344
-0.778626
1.221374
2.572519
3.442748
6.748092
0.862595
2.503817
2.137405
1.519084
-0.862595
-0.015267
0.519084
-1.633588
-0.763359
-5.137404
2.000000
-0.305344
0.343511
1.694656
-2.587786
-0.183206
1.587786
-1.587786
0.496183
1.206107
-0.541985
-0.694656
-2.297710
-3.587786
-0.160305
1.053435
-2.732824
-2.351145
1.335878
-3.030534
-4.152672
3.244275
-0.038168
-2.595420
-2.335878
1.801527
-2.916031
-1.801527
2.435115
-1.961832
0.763359
-1.366412
-6.450382
-0.725191
-3.801527
-4.366412
-1.885496
3.312977
-0.244275
1.412214
2.496183
-1.992366
-8.488549
-0.687023
6.351145
-3.961832
-5.328244
2.786260
-2.175573
-6.114504
2.450382
-4.740458
-4.557252
-1.923664
-0.465649
-1.725191
-2.725191
-6.450382
3.068702
1.351145
-2.702290
-0.916031
-1.381679
-4.832061
-6.938931
4.404580
4.007634
1.854962
1.022901
-2.961832
4.396946
2.725191
-1.137405
1.282443
0.847328
1.473282
5.839694
2.679389
-2.404580
-1.190840
-0.175573
4.267176
3.366412
0.137405
2.007634
-2.167939
-0.824427
4.450382
0.862595
-4.183206
4.900764
3.916031
-0.015267
-1.458015
1.083969
5.755725
2.984733
-2.954198
3.190840
2.885496
-0.022901
-0.984733
-0.267176
5.274809
3.809160
-6.732824
-0.290076
5.038168
-1.580153
-2.435115
4.183206
0.335878
7.259542
-2.320611
1.297710
3.328244
-3.351145
6.030534
-0.969466
4.473282
4.557252
-3.435115
0.557252
-0.312977
-5.412214
3.725191
-1.351145
-2.572519
-0.106870
1.473282
-1.954198
1.541985
-2.404580
-1.664122
1.496183
2.091603
2.312977
1.473282
2.740458
4.946565
2.511450
1.274809
0.870229
-0.770992
2.038168
-4.824428
6.312977
-2.877863
0.900763
0.206107
4.122138
0.648855
0.702290
-0.854962
-0.328244
0.083969
-3.312977
2.633588
-5.412214
2.694656
-0.931298
-0.824427
3.427481
1.290076
-0.412214
3.580153
3.580153
-7.129771
5.519084
2.312977
-1.648855
4.251908
-1.030534
2.206107
-2.786260
-3.969466
4.534351
9.656488
1.458015
-3.198473
7.328244
3.503817
-2.137405
1.603053
4.740458
1.076336
-2.816794
2.465649
4.167939
0.038168
-4.358778
-0.702290
4.885496
2.992366
-3.160305
-3.358779
3.580153
-2.801527
-3.160305
4.694656
-3.160305
3.061069
5.671756
-0.251908
2.854962
2.167939
4.099236
1.114504
0.053435
0.091603
3.427481
-2.305344
2.931298
1.129771
1.007634
2.213740
7.274809
6.793893
6.045802
4.221374
8.015267
5.343512
7.267176
7.335878
6.137404
2.083969
4.183206
8.961832
4.068702
5.053435
6.038168
4.595420
1.534351
8.114504
0.763359
5.145038
3.328244
1.496183
6.251908
2.465649
2.595420
5.061069
8.122137
1.656489
6.419847
5.687023
2.923664
4.977099
1.618321
-1.793893
4.488550
0.541985
4.038168
0.900763
1.893130
-0.564885
1.908397
2.770992
3.770992
2.198473
2.175573
7.351145
2.076336
-1.961832
3.129771
-0.900763
3.053435
1.709924
4.526718
-3.190840
-1.557252
-1.015267
2.992366
1.366412
3.618321
-1.709924
3.297710
-2.458015
0.824427
0.519084
1.992366
-1.259542
-2.977099
2.664122
0.114504
-0.900763
-0.076336
1.099237
-2.778626
-0.351145
1.312977
-0.404580
-1.732824
-1.122137
1.106870
-7.633588
3.320611
-4.587786
-4.404580
1.984733
-5.938931
3.190840
-5.259542
-3.854962
-0.007634
-1.809160
-3.106870
-2.030534
-2.122137
-3.259542
4.419847
-7.129771
-3.671756
-0.167939
-2.946565
1.587786
-2.358779
-2.618321
-0.725191
2.366412
-3.458015
-0.618321
-0.618321
-1.000000
1.328244
-1.076336
-3.801527
0.114504
-3.145038
3.030534
2.702290
-6.053435
2.137405
-3.229008
-0.488550
-6.374046
-4.206107
-3.297710
-2.030534
-0.236641
0.687023
0.557252
-2.992366
1.526718
-0.076336
-1.656489
0.068702
-1.595420
1.961832
0.312977
-1.854962
-0.854962
1.335878
2.587786
0.938931
-3.351145
2.694656
0.152672
-1.900763
2.824427
1.511450
4.725191
2.114504
5.458015
0.549618
3.259542
5.129771
2.114504
5.709924
2.541985
4.824428
4.145038
1.175573
4.564886
0.847328
1.503817
3.702290
3.427481
4.725191
4.305344
2.633588
2.549618
1.603053
2.801527
1.694656
4.251908
1.152672
4.244275
3.900763
2.671756
1.847328
5.320611
5.641222
2.206107
4.511450
-0.832061
-0.175573
0.213740
3.396947
2.580153
0.099237
0.412214
3.900763
-0.633588
0.160305
1.977099
0.992366
4.908397
3.946565
1.763359
-0.793893
1.427481
-2.015267
-0.603053
0.877863
-1.099237
0.862595
0.687023
-2.709924
4.862596
6.312977
-1.778626
-0.183206
2.534351
-1.603053
-1.236641
2.213740
4.091603
0.496183
-2.297710
-2.320611
2.435115
-0.404580
-2.007634
-0.908397
3.633588
-0.908397
-4.740458
2.442748
0.748092
-2.778626
-2.404580
0.763359
-4.717557
-2.122137
0.259542
-3.656489
1.122137
-1.839695
-0.954198
-3.198473
-2.091603
1.297710
4.870229
1.923664
-1.702290
-0.091603
3.824427
1.328244
-2.366412
-0.458015
-1.381679
-4.213740
-1.236641
2.702290
-0.458015
-4.885496
6.572519
-2.816794
-0.290076
2.061069
-4.297710
-2.587786
-1.259542
0.366412
4.419847
-0.793893
-4.175572
1.778626
-0.656489
-2.580153
-1.129771
6.358778
-5.343512
-2.755725
2.022901
-0.160305
-2.977099
5.916030
-6.000000
0.496183
-0.320611
-5.183206
0.916031
-0.618321
-2.717557
1.816794
1.641221
-4.587786
4.221374
0.267176
4.282443
1.526718
-2.977099
1.824427
-7.572519
2.045802
2.572519
1.290076
0.274809
-5.656488
2.580153
-4.480916
5.625954
-3.412214
5.564886
-1.763359
2.526718
2.931298
-0.557252
1.671756
-3.870229
4.274809
-0.908397
-3.526718
2.206107
-1.198473
-4.076336
3.053435
-0.541985
-2.290076
2.702290
3.969466
-3.290076
-1.679389
2.954198
-1.458015
-4.076336
2.282443
-2.809160
-1.809160
3.206107
-1.290076
1.038168
-3.351145
0.687023
3.106870
-4.732824
-1.160305
1.099237
-6.778626
2.053435
3.129771
-1.114504
-2.351145
1.000000
-1.053435
1.427481
2.427481
3.702290
1.603053
-0.061069
-0.083969
-1.137405
0.885496
-0.564885
0.717557
-0.694656
-0.809160
-3.694656
2.595420
-0.625954
-5.343512
2.122137
-1.152672
-3.671756
0.534351
-4.320611
3.335878
-2.007634
-4.206107
0.977099
-1.633588
-6.412214
2.167939
-2.847328
-4.839694
2.396947
1.274809
0.320611
1.106870
1.740458
-0.259542
1.053435
2.572519
-0.435115
3.862595
-0.610687
6.068702
0.709924
5.213740
-0.641221
3.824427
-0.435115
6.511450
-0.664122
1.251908
5.038168
-1.053435
1.206107
-0.549618
3.351145
-0.648855
-4.893130
0.595420
-2.465649
3.229008
-3.992366
3.114504
3.770992
1.801527
2.244275
2.206107
1.145038
2.053435
1.671756
3.045802
-1.145038
-0.435115
-1.335878
1.335878
-0.022901
1.229008
0.488550
4.175572
-0.587786
3.145038
1.732824
0.755725
2.175573
3.480916
-1.832061
4.671756
1.564885
4.557252
-0.145038
2.931298
2.183206
-2.137405
3.595420
-0.916031
1.007634
6.198473
-0.564885
2.770992
0.206107
0.244275
1.549618
1.809160
5.183206
-4.190840
2.801527
0.435115
6.534351
0.007634
-4.129771
-1.442748
3.167939
0.969466
-0.763359
-2.282443
1.618321
1.030534
1.633588
2.847328
3.961832
2.984733
0.007634
2.007634
-2.091603
1.557252
4.282443
-0.419847
1.137405
2.618321
0.732824
0.763359
1.801527
0.312977
3.343511
0.885496
2.305344
0.557252
2.290076
-0.076336
-1.526718
0.374046
2.816794
0.129771
4.778626
7.374046
3.236641
0.274809
1.450382
3.221374
-2.564885
2.656489
1.007634
4.557252
-0.580153
1.679389
0.679389
1.969466
1.770992
2.488550
2.633588
2.809160
-0.488550
4.000000
-2.007634
3.916031
2.610687
6.709924
-2.312977
3.129771
-0.007634
5.564886
1.595420
4.854962
2.175573
5.061069
2.083969
6.488550
2.564885
8.480916
5.809160
7.137404
4.061069
6.267176
1.687023
8.374045
3.671756
9.480916
3.229008
8.190840
6.778626
5.343512
1.541985
8.290076
2.961832
6.305344
2.076336
4.778626
4.343512
3.809160
3.541985
-0.893130
4.908397
2.541985
6.106870
9.145039
4.267176
1.961832
6.061069
2.099237
3.328244
4.603054
5.793893
2.809160
3.610687
-1.893130
6.053435
2.541985
0.893130
2.564885
0.870229
5.190840
1.320611
3.557252
-3.343511
5.732824
-1.007634
2.114504
0.244275
1.587786
0.786260
-0.305344
1.862595
-0.870229
2.251908
-0.992366
3.000000
-1.183206
-0.015267
-1.000000
-0.290076
-1.236641
5.816794
3.961832
2.503817
3.183206
-0.954198
-0.358779
-0.473282
5.748092
-0.839695
2.274809
-0.122137
1.862595
-0.160305
-1.335878
0.145038
-3.183206
0.824427
-1.816794
-0.656489
-2.099237
-4.893130
0.450382
-3.992366
-4.076336
-4.259542
-0.702290
-4.526718
3.480916
-2.297710
1.664122
-3.015267
2.908397
-2.030534
0.030534
1.122137
-3.740458
-0.648855
-2.290076
-0.954198
-2.450382
4.648855
-2.900763
-0.083969
-0.282443
0.931298
-1.175573
0.854962
0.137405
0.694656
-1.404580
4.083970
0.221374
2.847328
2.274809
-0.480916
5.106870
3.015267
-0.633588
-1.480916
2.572519
2.053435
0.175573
-0.190840
3.114504
1.465649
-1.595420
-0.885496
0.015267
-4.656488
-0.839695
0.366412
2.809160
-1.809160
0.511450
0.114504
2.213740
1.564885
4.587786
2.603053
4.236641
-1.450382
-0.564885
3.297710
-3.259542
4.259542
0.198473
1.190840
-0.381679
0.679389
2.206107
-2.190840
-0.625954
1.328244
2.320611
2.977099
-1.748092
0.061069
1.106870
0.137405
2.877863
-0.129771
-3.122137
0.564885
0.801527
1.129771
-3.297710
1.374046
4.549618
0.122137
0.282443
0.870229
-0.946565
3.580153
5.190840
-0.832061
1.900763
1.290076
-3.954198
0.221374
1.167939
0.580153
2.160305
-1.839695
5.137404
-0.511450
1.473282
-7.572519
3.862595
-0.977099
1.832061
0.320611
-2.625954
-2.083969
1.809160
1.992366
0.190840
0.297710
-0.595420
2.236641
2.015267
-2.793893
2.267176
-0.992366
3.198473
3.160305
3.893130
5.679389
2.083969
6.748092
2.702290
-2.938931
1.305344
0.496183
-1.007634
0.625954
8.389313
10.847328
7.473282
2.427481
5.419847
9.251908
9.427481
11.122137
10.221375
6.854962
9.229008
6.931298
10.954199
6.083970
6.725191
3.641221
5.167939
9.916031
11.900764
11.229008
9.435115
9.076336
4.404580
9.328244
6.931298
8.114504
7.305344
9.725191
9.725191
3.083969
10.534351
4.541985
9.206107
4.045802
8.358779
4.236641
6.603054
4.824428
9.198473
3.251908
5.847328
6.885496
4.770992
5.488550
5.244275
7.335878
2.656489
8.580153
3.267176
2.290076
-2.839695
5.717557
4.488550
3.687023
1.534351
3.984733
2.564885
2.954198
3.801527
1.396947
-1.129771
0.748092
0.312977
3.755725
1.160305
0.061069
1.847328
0.259542
2.832061
1.977099
0.137405
2.045802
-0.908397
-0.396947
0.870229
-2.396947
-4.374046
-1.022901
-0.068702
1.190840
-2.740458
3.717557
-4.122138
3.694656
-6.824428
1.267176
0.709924
-1.816794
3.709924
-1.511450
-1.839695
2.229008
-6.198473
0.229008
0.038168
-0.450382
1.358779
-1.167939
-1.305344
-0.206107
3.396947
-2.549618
0.160305
1.740458
1.145038
-0.847328
2.366412
-2.404580
-0.465649
-1.526718
3.290076
2.122137
0.259542
0.580153
-4.496183
-0.351145
-2.488550
0.519084
-0.183206
-2.488550
2.061069
1.687023
2.870229
1.984733
2.587786
0.442748
3.267176
3.961832
0.786260
3.366412
-0.404580
-2.832061
-1.679389
-0.106870
0.618321
0.679389
-0.305344
1.503817
0.671756
-0.702290
-0.274809
2.763359
0.763359
-0.717557
-1.679389
-1.732824
3.129771
0.625954
-2.305344
0.900763
0.198473
1.557252
0.664122
-0.366412
4.282443
0.961832
2.679389
2.648855
0.366412
2.175573
4.404580
5.022901
3.587786
1.717557
3.931298
0.435115
1.664122
6.496183
8.167939
1.938931
4.259542
1.290076
1.778626
3.801527
3.732824
7.198473
-0.396947
4.122138
1.679389
1.877863
-1.709924
1.938931
0.091603
0.099237
0.320611
3.160305
4.473282
-0.297710
0.366412
-1.954198
5.183206
-2.885496
4.854962
-1.229008
5.549618
-3.702290
6.374046
-2.442748
5.091603
-0.221374
1.679389
6.770992
0.977099
2.526718
9.068703
3.251908
8.496183
5.267176
4.206107
5.305344
5.954198
6.664122
6.923664
2.854962
8.725191
3.465649
5.389313
7.610687
1.305344
7.297710
7.213740
2.343511
6.152672
0.083969
1.595420
5.671756
4.610687
4.877862
5.015267
1.954198
6.381680
6.213740
4.221374
5.335878
6.419847
1.015267
3.389313
3.160305
0.343511
1.618321
-0.465649
2.870229
3.694656
2.801527
6.358778
4.587786
4.496183
3.236641
3.351145
1.870229
2.893130
0.549618
2.335878
-0.580153
0.786260
3.015267
8.198473
2.778626
3.312977
0.419847
4.213740
1.206107
3.152672
1.862595
2.160305
4.396946
2.717557
2.992366
1.206107
0.068702
0.824427
2.473282
3.534351
-0.396947
1.648855
1.900763
-1.923664
2.725191
2.213740
-3.519084
-0.541985
0.687023
-3.580153
-0.374046
-0.175573
-2.931298
-3.175573
1.977099
-0.916031
-3.961832
-1.183206
-6.503817
-2.549618
-0.664122
-0.977099
2.732824
-0.526718
-1.404580
1.824427
4.015267
-0.091603
1.229008
2.687023
0.770992
-2.679389
0.488550
1.473282
1.160305
-0.587786
-2.511450
-5.503817
-0.549618
0.030534
1.175573
-0.671756
-4.061069
2.480916
2.587786
-1.099237
-2.709924
4.816794
-0.297710
-2.900763
-0.732824
4.221374
0.717557
-1.618321
-1.267176
0.320611
-1.152672
-4.099236
-5.351145
2.236641
-2.877863
-4.870229
-4.916030
1.793893
0.061069
0.519084
-3.076336
-0.244275
-0.129771
-0.679389
1.274809
1.213740
-1.954198
-0.099237
-0.412214
-3.000000
-3.740458
-1.877863
-2.320611
0.625954
2.236641
-0.862595
-1.770992
-2.717557
-1.511450
1.068702
2.832061
-2.229008
-2.419847
-0.229008
-1.412214
2.091603
-4.549618
-10.015267
-3.152672
1.893130
-4.137404
-4.022901
-8.259542
-7.862596
-6.992366
-4.572519
-2.946565
-2.702290
-4.847328
-7.312977
-9.954199
-7.526718
-4.145038
-3.404580
-6.389313
-7.122138
-8.648855
-8.343512
-3.984733
-4.725191
-4.748092
-2.160305
-4.145038
-9.389313
-8.435115
-9.351145
-5.274809
-7.824428
-7.076336
-3.503817
-2.221374
-10.129771
-8.000000
-7.290076
-4.961832
-4.022901
-1.511450
-3.496183
-6.030534
-3.732824
-3.175573
-10.190840
-3.854962
-10.404580
-7.519084
-5.083970
-12.358779
-3.190840
-2.198473
-11.435115
-5.038168
-6.641222
-6.068702
-6.786260
-9.419847
-5.717557
-12.374045
-2.916031
-6.755725
-6.335878
-3.595420
-5.076336
-0.816794
-4.671756
-6.045802
1.503817
-3.961832
-2.854962
-0.305344
-2.229008
-9.152672
-2.198473
-0.809160
-1.687023
1.160305
-1.923664
-3.656489
-1.694656
-0.793893
-4.076336
-0.351145
-2.312977
0.145038
-6.267176
-2.877863
-0.664122
-1.557252
-2.236641
1.618321
-2.740458
-2.114504
-0.328244
-0.809160
-1.625954
-3.732824
0.366412
-1.916031
1.557252
0.198473
-0.511450
0.770992
1.198473
-0.312977
-0.786260
2.618321
1.824427
-0.389313
0.213740
3.152672
1.030534
3.427481
2.580153
4.465649
0.526718
0.732824
1.671756
1.709924
-2.305344
2.664122
0.809160
1.366412
-2.534351
-0.015267
1.900763
-1.465649
1.625954
-3.152672
2.305344
-5.297710
2.541985
1.709924
-4.351145
-0.480916
-2.847328
2.190840
-1.648855
0.847328
0.061069
0.061069
-2.366412
-1.152672
-0.748092
-1.267176
3.129771
-2.824427
-0.458015
1.015267
-2.305344
2.633588
-2.435115
1.908397
-3.053435
0.519084
2.908397
-2.541985
3.274809
-1.061069
-1.702290
1.816794
-2.160305
2.137405
-0.572519
-1.160305
-1.541985
1.404580
-2.938931
-1.946565
-3.717557
3.412214
-0.832061
-2.656489
1.931298
-0.671756
-9.305344
3.206107
-7.244275
-1.839695
-4.580153
-11.297709
0.198473
-9.824428
-3.137405
-1.740458
-8.580153
-9.389313
-10.610687
-7.152672
0.412214
-3.389313
-0.564885
-4.564886
-9.503817
-3.221374
-1.030534
-8.961832
-14.259542
-3.709924
-5.633588
-7.862596
-11.274809
-2.702290
-10.648855
-7.694656
-5.122138
-4.244275
-4.045802
-9.938931
-10.961832
-8.435115
-3.870229
-5.870229
-3.404580
-4.885496
-9.679389
-10.717557
-1.137405
-2.862595
-3.969466
-11.022901
-9.022901
-1.809160
-9.633588
-3.221374
-7.274809
-9.015267
-12.190840
-3.740458
-11.885496
-4.847328
-7.633588
-8.213740
-10.824428
-1.656489
-2.526718
-7.236641
-5.213740
-11.480916
-5.671756
-6.274809
-10.404580
-13.305344
-9.305344
-8.320611
-9.755725
-9.648855
-2.664122
-6.160306
-8.480916
-8.885496
-2.183206
-5.045802
1.251908
-0.335878
-0.358779
-2.679389
-2.587786
-4.129771
-2.809160
-5.862596
-1.000000
-1.190840
-4.534351
0.061069
0.427481
-0.702290
-0.145038
0.312977
1.358779
2.267176
4.022901
-1.351145
1.106870
-2.946565
2.427481
-3.664122
3.335878
-2.030534
1.007634
-3.145038
-1.000000
-2.519084
4.473282
2.206107
7.259542
-0.374046
4.732824
0.908397
6.954198
1.770992
6.618320
1.580153
-0.900763
-1.664122
-1.954198
-1.503817
-0.900763
-1.679389
1.694656
-1.702290
6.801527
1.374046
0.519084
3.106870
3.473282
-4.206107
-1.992366
1.106870
0.938931
-4.641222
0.786260
-8.259542
-1.496183
-0.938931
2.633588
-6.793893
2.511450
3.396947
-4.549618
3.923664
-2.564885
3.526718
0.389313
2.709924
0.816794
1.931298
-0.358779
5.702290
-4.297710
3.984733
-0.458015
-3.335878
0.511450
1.015267
1.633588
-3.152672
-0.374046
-0.374046
0.068702
-0.160305
0.694656
1.832061
-0.519084
1.633588
-2.320611
7.022901
-2.595420
5.732824
-2.328244
0.076336
2.458015
-3.236641
-4.427481
8.603053
-0.328244
5.068702
-0.534351
4.435114
2.809160
-1.687023
6.488550
-3.061069
7.641222
-1.083969
6.786260
1.900763
3.160305
8.458015
-1.816794
7.221374
-2.633588
6.030534
-0.877863
1.015267
4.564886
-1.717557
9.580153
1.633588
4.106870
8.633588
-2.740458
9.335877
3.213740
7.778626
-3.213740
8.694656
-1.259542
2.335878
3.908397
5.106870
3.450382
8.213740
2.419847
2.488550
1.809160
1.045802
0.862595
3.900763
4.687023
3.946565
3.610687
2.419847
-0.458015
0.633588
3.877863
3.961832
0.435115
-1.190840
2.732824
-0.312977
1.641221
-1.053435
-2.045802
2.045802
-2.282443
-3.473282
-5.900764
-1.900763
-2.427481
-3.709924
-0.786260
-1.793893
-3.099237
-2.335878
-8.022901
-5.870229
-3.458015
-6.229008
-6.557252
-3.824427
-6.572519
-4.335878
-4.167939
-5.702290
-7.396946
-2.961832
-4.015267
-9.641221
-6.251908
-6.236641
-5.847328
-5.786260
-7.435114
-10.206107
-8.870229
-4.007634
-4.480916
-5.244275
-6.938931
-7.732824
-4.984733
-3.251908
-4.610687
-1.061069
-7.091603
-4.488550
-3.435115
-3.702290
-1.129771
-0.931298
-2.793893
-4.213740
-3.641221
-3.595420
-3.816794
0.496183
-1.923664
0.618321
0.213740
-5.114504
-2.343511
-0.595420
-2.068702
-0.473282
-1.595420
-0.572519
-0.030534
0.931298
-1.618321
-0.923664
0.709924
1.992366
-0.473282
-2.381679
0.763359
1.213740
-1.809160
3.419847
0.534351
1.137405
-0.885496
1.587786
1.900763
-0.068702
2.809160
2.206107
4.603054
2.717557
1.061069
0.480916
0.045802
1.679389
0.633588
1.030534
2.816794
-1.496183
4.099236
6.854962
4.641222
0.297710
1.564885
1.351145
7.450382
1.450382
0.145038
0.778626
3.694656
2.381679
-1.396947
1.709924
4.015267
0.519084
-1.442748
4.396946
3.511450
-0.099237
4.282443
2.374046
6.083970
0.419847
2.068702
2.061069
3.511450
4.625954
6.786260
5.656488
1.442748
7.404580
5.251908
7.549618
2.534351
2.450382
9.603053
8.190840
8.412213
6.618320
13.160305
9.633588
7.694656
12.595420
9.839695
7.343512
3.770992
5.969466
4.328244
10.671756
11.351145
13.137404
11.145039
11.488549
7.908397
4.801527
5.122138
3.954198
5.854962
3.984733
8.839695
10.419847
9.007633
9.419847
8.900764
7.412214
0.877863
8.083969
0.793893
1.824427
2.251908
7.717557
0.923664
4.030534
1.656489
-0.236641
2.916031
-2.923664
1.122137
4.366412
0.297710
5.778626
-0.679389
4.122138
2.618321
-5.610687
-2.068702
6.648855
-5.198473
6.290076
-0.320611
0.389313
3.824427
-4.137404
4.870229
-4.717557
-2.541985
5.580153
-2.587786
-2.832061
-2.778626
2.251908
2.778626
1.633588
3.992366
-8.893129
3.267176
-4.809160
3.832061
-2.297710
5.076336
-4.358778
6.083970
-3.595420
6.450382
-5.480916
5.740458
-5.893130
2.412214
-3.793893
4.755725
-2.755725
2.045802
-1.526718
3.190840
-6.015267
-2.816794
8.221375
-1.274809
1.778626
-1.755725
4.175572
0.496183
1.984733
-3.000000
4.419847
0.091603
3.793893
-3.198473
4.175572
1.809160
0.541985
2.938931
-1.229008
-5.412214
6.374046
2.725191
-1.969466
-3.702290
6.778626
-1.480916
6.839694
-3.114504
4.038168
-1.610687
4.694656
-0.778626
3.801527
3.625954
2.351145
-0.099237
0.473282
-4.465649
3.000000
-3.648855
5.045802
-3.312977
4.564886
-8.580153
7.221374
-3.610687
5.954198
-6.755725
5.526718
-6.687023
2.587786
3.648855
-5.015267
7.381680
-2.076336
4.061069
-4.618320
2.885496
-2.374046
1.908397
-3.938931
3.557252
0.374046
1.038168
-0.877863
-1.236641
-1.030534
-1.160305
5.534351
1.687023
-1.236641
1.389313
-3.015267
4.465649
1.610687
0.259542
-0.839695
-2.580153
0.053435
-1.618321
-1.145038
-1.839695
-2.687023
2.045802
2.923664
1.229008
3.580153
0.610687
-2.473282
-0.755725
3.931298
4.717557
1.671756
1.648855
-0.343511
3.572519
2.885496
1.832061
0.465649
-3.290076
-1.480916
-0.267176
0.419847
1.877863
0.885496
3.671756
-3.931298
0.305344
0.786260
7.076336
-4.221374
0.259542
-1.366412
-0.908397
2.625954
0.687023
-2.106870
-1.465649
0.992366
-1.633588
-0.534351
5.984733
-0.877863
-5.343512
2.419847
0.015267
5.847328
-2.022901
5.534351
2.763359
-0.343511
1.129771
-1.083969
-3.374046
-1.908397
2.679389
-0.045802
2.312977
0.419847
0.992366
3.648855
-2.045802
0.190840
0.221374
-0.870229
-3.381679
5.053435
-0.503817
2.885496
1.977099
0.251908
-0.022901
1.755725
-2.000000
0.244275
0.923664
-0.641221
-1.526718
-0.389313
-2.534351
-0.862595
-1.053435
6.641222
-2.091603
1.267176
-2.320611
2.114504
1.977099
-0.114504
1.511450
1.969466
-0.480916
0.717557
-1.503817
-0.961832
-0.221374
-3.412214
6.557252
-0.259542
0.877863
-3.824427
-1.007634
0.366412
3.824427
0.145038
-2.000000
1.122137
5.251908
4.114504
1.351145
-1.015267
-1.900763
0.473282
2.526718
3.404580
1.015267
-2.862595
-4.038168
4.175572
7.419847
1.496183
0.916031
-0.366412
-0.290076
3.366412
1.290076
-3.610687
2.015267
5.374046
1.030534
0.679389
-0.038168
2.099237
2.343511
3.702290
-3.038168
-2.732824
0.656489
-1.236641
1.450382
1.183206
1.854962
-4.045802
1.206107
4.954198
0.419847
2.213740
1.053435
2.358779
0.656489
5.671756
1.328244
-3.000000
0.488550
-8.137404
-4.335878
4.740458
3.908397
4.511450
0.083969
-0.603053
5.893130
2.312977
-0.053435
-0.923664
-4.603054
-0.648855
4.030534
2.412214
0.801527
-2.931298
3.022901
-0.717557
3.656489
0.145038
-0.603053
-2.251908
3.450382
-0.541985
-0.534351
0.923664
2.534351
4.595420
4.931298
0.862595
0.786260
0.992366
-0.236641
2.328244
0.175573
5.083970
1.381679
-4.015267
5.137404
3.885496
-1.541985
2.282443
0.145038
1.183206
1.633588
-3.236641
3.435115
0.824427
-0.229008
0.519084
1.244275
0.839695
2.587786
2.145038
0.229008
2.496183
4.374046
1.969466
0.053435
2.770992
-0.114504
1.366412
-0.587786
-0.847328
1.122137
2.488550
-0.412214
1.671756
2.900763
0.748092
2.946565
-1.091603
-1.022901
6.320611
0.129771
0.702290
1.458015
2.801527
0.564885
0.923664
-0.274809
-0.068702
4.793893
0.633588
-1.595420
2.137405
-1.679389
3.007634
0.343511
3.152672
1.496183
1.923664
4.045802
-1.916031
-0.145038
-1.038168
1.267176
0.541985
0.496183
6.305344
-0.740458
1.175573
-1.725191
0.389313
1.381679
0.503817
0.603053
-3.328244
-0.450382
4.244275
3.259542
-1.625954
-1.870229
2.572519
-0.519084
-0.404580
0.442748
2.312977
2.030534
4.274809
0.389313
-3.801527
3.114504
1.694656
2.656489
-2.885496
2.167939
0.396947
2.122137
-2.610687
3.396947
-1.213740
4.076336
0.984733
1.488550
0.931298
-0.519084
-0.038168
-2.541985
2.954198
-2.984733
-0.969466
-2.709924
0.076336
5.221374
2.381679
-1.870229
-2.061069
0.549618
-1.328244
1.045802
1.984733
-0.076336
5.282443
-1.251908
1.183206
-0.625954
-0.824427
3.030534
2.473282
-1.641221
0.190840
-2.274809
-0.977099
0.145038
-1.885496
-6.580153
-1.312977
-5.587786
-5.458015
-3.770992
-3.122137
-1.435115
-1.656489
-0.320611
-6.343512
-4.732824
-3.709924
-1.000000
0.381679
-1.473282
3.786260
2.015267
1.564885
-0.091603
4.694656
5.458015
10.358779
12.206107
9.312977
8.305344
9.740458
10.534351
11.374045
13.366412
9.557252
6.267176
6.137404
8.786260
10.610687
2.206107
1.328244
4.679389
8.938931
4.725191
1.610687
0.977099
1.061069
0.267176
3.656489
2.061069
-1.167939
-1.610687
0.984733
1.458015
2.366412
2.091603
-0.603053
-6.374046
-4.015267
-2.618321
1.954198
-3.015267
-5.045802
-4.427481
-2.786260
-5.694656
-1.519084
-4.236641
-5.641222
-6.122138
-4.458015
-0.358779
-6.312977
-4.725191
-5.198473
-0.557252
0.778626
-5.435114
-2.458015
-3.160305
1.694656
1.740458
-1.969466
-2.297710
0.458015
-2.083969
2.000000
1.068702
-0.603053
-0.687023
0.541985
2.450382
2.633588
2.900763
0.564885
6.534351
2.465649
-0.656489
6.381680
4.496183
1.717557
2.755725
2.916031
1.320611
5.038168
4.068702
3.396947
3.770992
3.282443
0.038168
3.396947
5.763359
2.022901
0.244275
4.221374
4.152672
1.664122
3.122137
1.709924
-2.045802
1.236641
-0.763359
0.778626
2.114504
3.992366
2.213740
1.778626
0.816794
-2.946565
1.786260
-1.656489
4.091603
-2.198473
1.198473
-2.061069
-0.458015
-1.961832
1.183206
-1.809160
0.595420
2.083969
-1.114504
3.732824
1.702290
4.297710
1.679389
-2.740458
2.045802
-0.374046
2.564885
1.557252
-1.244275
-1.015267
1.465649
-2.297710
3.374046
-5.015267
1.770992
-0.503817
-0.351145
-2.732824
2.664122
0.412214
2.427481
-1.290076
1.374046
-0.770992
4.099236
-0.198473
0.343511
2.358779
0.717557
4.824428
1.190840
2.030534
0.702290
-2.175573
1.740458
2.435115
2.251908
2.717557
4.053435
1.129771
2.534351
-0.145038
3.931298
1.992366
-0.343511
1.572519
0.832061
-1.839695
-1.236641
3.412214
2.312977
-0.015267
2.320611
4.732824
-0.290076
-0.396947
3.786260
-2.091603
-3.740458
-1.343511
7.526718
3.099237
1.778626
3.137405
2.267176
1.580153
1.526718
-0.519084
3.389313
2.396947
-1.106870
-4.198473
1.931298
-1.221374
0.343511
1.389313
3.496183
1.770992
1.847328
-1.870229
-3.297710
0.954198
-0.083969
4.633588
5.251908
-0.870229
-0.610687
-0.465649
0.885496
2.595420
7.847328
1.145038
-0.694656
3.374046
2.755725
4.007634
0.610687
1.381679
-0.862595
3.427481
-1.015267
0.190840
-0.946565
0.648855
-0.908397
1.610687
0.893130
2.320611
2.977099
4.022901
0.519084
-1.687023
3.465649
2.671756
0.984733
-2.374046
-0.137405
2.122137
-0.198473
4.572519
-0.687023
2.419847
-0.114504
-2.656489
0.618321
0.343511
1.595420
5.625954
1.793893
2.679389
-2.167939
1.251908
-1.587786
-0.122137
-0.305344
-0.549618
0.312977
-0.030534
0.832061
6.236641
4.183206
-3.152672
4.068702
1.702290
0.122137
-3.282443
0.083969
-0.763359
2.862595
-1.404580
5.862596
-1.312977
1.282443
1.732824
1.877863
-0.389313
1.732824
2.320611
2.396947
-1.748092
-1.923664
1.251908
-1.862595
0.419847
-0.091603
2.152672
-0.465649
5.587786
0.022901
4.000000
0.427481
-1.259542
2.885496
3.190840
-4.351145
-0.496183
-0.465649
-1.122137
-2.091603
5.931298
4.427481
2.618321
3.748092
0.755725
0.312977
-1.061069
0.442748
-0.839695
4.129771
-2.137405
0.190840
2.885496
-0.091603
3.946565
-1.045802
3.580153
-2.351145
0.435115
-1.633588
2.061069
0.221374
0.404580
4.717557
2.259542
3.366412
0.816794
0.954198
-1.419847
1.206107
-3.351145
-2.190840
-2.183206
3.580153
4.145038
0.969466
2.099237
1.106870
2.129771
0.259542
-1.358779
-1.625954
-0.022901
2.206107
3.000000
4.190840
1.213740
0.625954
1.076336
-0.213740
3.473282
1.427481
4.282443
3.496183
0.992366
-0.229008
-0.648855
-1.167939
0.137405
5.793893
1.854962
3.702290
-2.068702
3.450382
1.770992
0.427481
0.312977
-0.480916
-2.259542
-2.320611
-1.442748
0.022901
5.992366
5.694656
3.564885
3.274809
0.389313
1.977099
-4.122138
2.282443
-2.244275
3.671756
0.809160
0.740458
5.137404
-3.175573
3.267176
-3.832061
-0.099237
0.007634
3.992366
3.022901
4.427481
0.183206
3.725191
0.671756
6.351145
4.374046
0.587786
-1.091603
4.519084
-2.267176
-1.389313
-0.099237
1.114504
2.900763
0.847328
2.091603
1.076336
-0.717557
-0.305344
-0.480916
2.816794
-0.984733
3.664122
2.725191
1.916031
0.526718
-3.129771
1.061069
2.274809
3.664122
4.488550
0.648855
-0.267176
-0.770992
-4.015267
0.488550
4.427481
2.549618
-1.549618
-4.770992
2.755725
-3.274809
3.244275
-1.404580
-0.603053
-0.587786
2.244275
5.717557
0.435115
-0.717557
2.083969
0.946565
0.702290
1.870229
4.099236
-2.000000
-2.267176
-0.129771
1.366412
2.595420
1.916031
0.549618
0.175573
2.236641
0.870229
0.335878
0.122137
2.213740
3.946565
1.442748
0.877863
0.244275
1.534351
0.938931
3.496183
1.786260
-1.656489
-2.045802
1.503817
3.358779
0.961832
6.267176
-1.015267
0.030534
4.145038
-0.167939
2.022901
-2.732824
1.984733
2.198473
1.465649
1.076336
2.076336
-1.770992
0.305344
-1.732824
-0.625954
-0.129771
2.244275
-0.526718
3.160305
1.725191
1.748092
-0.748092
3.038168
-2.862595
-0.282443
3.106870
0.564885
3.786260
0.473282
1.709924
0.694656
3.030534
-1.419847
2.870229
0.022901
0.656489
1.511450
1.412214
1.618321
3.641221
0.847328
1.580153
0.427481
-0.190840
-1.572519
-1.519084
0.488550
1.412214
-2.419847
0.801527
3.977099
0.480916
-0.625954
1.061069
-3.083969
2.328244
7.587786
1.290076
0.167939
0.053435
-1.534351
6.572519
5.717557
1.297710
3.267176
0.290076
2.427481
7.099236
2.419847
6.557252
1.557252
-0.190840
1.557252
0.061069
5.274809
3.763359
4.022901
1.488550
3.267176
2.580153
6.229008
3.854962
6.282443
1.137405
6.129771
3.381679
2.687023
4.145038
4.145038
0.702290
4.351145
2.931298
4.961832
2.114504
6.389313
6.908397
8.908397
6.427481
4.190840
2.938931
1.160305
3.854962
-1.488550
3.160305
2.465649
11.755725
2.297710
5.473282
0.534351
1.801527
1.183206
-2.603053
3.152672
1.015267
4.664122
5.923664
3.893130
2.068702
7.480916
3.312977
-0.793893
2.946565
-1.328244
-0.801527
6.221374
0.091603
4.618320
1.114504
-1.541985
2.679389
-0.717557
3.595420
5.335878
2.557252
-0.458015
-1.366412
2.534351
5.793893
6.641222
-0.442748
3.641221
2.022901
-2.007634
-1.702290
2.770992
5.984733
-0.152672
-1.687023
-0.473282
4.297710
5.564886
-3.534351
-2.687023
8.015267
-3.389313
-2.099237
2.977099
1.175573
-2.732824
-3.541985
3.488550
4.671756
-0.519084
-1.641221
4.206107
2.572519
-1.442748
-1.030534
-0.946565
-1.267176
-3.702290
1.870229
2.580153
-0.145038
-5.244275
0.030534
4.137404
-1.129771
-4.358778
-3.030534
-3.137405
6.877862
4.000000
-1.145038
-2.053435
0.183206
3.076336
-5.129771
-4.885496
3.809160
-4.076336
-1.404580
6.610687
4.015267
-2.984733
0.847328
3.259542
1.732824
-3.496183
-4.381680
-0.488550
7.702290
2.167939
-2.877863
6.061069
0.763359
-4.251908
4.656488
2.152672
7.229008
0.259542
-5.053435
7.801527
-2.961832
-3.145038
2.450382
0.793893
0.007634
2.671756
-4.404580
5.335878
-4.412214
4.526718
-3.015267
2.748092
0.839695
0.671756
5.717557
-3.908397
6.290076
-0.580153
0.351145
2.923664
-4.068702
-0.381679
3.236641
-6.068702
-1.290076
5.183206
-0.977099
3.885496
-0.923664
-3.190840
-1.702290
6.374046
-3.152672
-2.450382
3.045802
5.969466
7.709924
-3.679389
-1.335878
4.114504
-3.694656
-3.374046
4.366412
1.045802
-7.977099
4.091603
-2.045802
2.488550
-1.351145
-1.572519
4.679389
-4.984733
6.580153
2.519084
-2.610687
7.709924
-3.541985
7.129771
-5.809160
2.442748
3.450382
-3.625954
5.580153
-5.167939
4.580153
-4.358778
-3.465649
8.404580
-3.221374
6.877862
-5.427481
4.877862
-2.244275
0.129771
1.679389
-5.419847
3.717557
-3.572519
1.450382
-0.541985
-2.832061
3.534351
-3.366412
3.908397
-5.267176
7.435114
1.000000
-0.847328
-2.099237
-0.732824
-3.900763
0.282443
2.473282
0.603053
2.450382
0.969466
3.839695
3.488550
-1.748092
-1.175573
0.694656
-1.175573
0.671756
2.923664
-2.557252
-1.541985
1.213740
-0.526718
-0.290076
-1.114504
1.809160
5.198473
2.832061
-0.618321
-0.694656
-0.106870
3.213740
-1.992366
-1.000000
0.587786
-2.656489
1.236641
0.793893
-2.763359
-0.549618
0.992366
0.114504
-1.923664
0.572519
1.877863
-1.969466
-2.572519
3.877863
-0.572519
-0.778626
3.809160
-1.022901
3.083969
2.404580
-3.167939
2.534351
-1.664122
0.106870
0.068702
-0.847328
3.022901
7.251908
0.114504
-1.580153
4.580153
2.541985
-1.083969
5.931298
0.389313
3.267176
4.839694
4.778626
4.519084
-0.427481
4.648855
-0.206107
1.541985
9.389313
0.229008
3.526718
-0.015267
-0.526718
0.427481
5.503817
-0.374046
2.519084
6.129771
0.358779
-3.618321
3.419847
1.068702
-0.984733
4.992366
1.221374
-4.656488
4.595420
0.709924
2.473282
-0.503817
4.396946
6.931298
1.938931
8.038168
-2.778626
6.664122
0.931298
1.251908
7.618320
-3.022901
9.488549
-0.488550
1.427481
9.030535
3.152672
7.587786
3.969466
8.229008
5.236641
3.931298
7.809160
2.862595
5.755725
6.847328
3.229008
9.175572
2.244275
10.106871
3.656489
7.389313
3.839695
7.641222
4.809160
10.106871
2.312977
6.389313
0.496183
9.572519
2.244275
4.183206
4.305344
6.251908
4.030534
2.473282
7.824428
0.488550
5.282443
3.190840
4.839694
4.183206
5.885496
1.312977
1.709924
2.419847
-2.885496
7.251908
1.465649
4.648855
0.458015
2.458015
5.801527
-1.267176
4.427481
4.068702
0.664122
-0.465649
-2.259542
5.519084
-3.748092
5.656488
-1.473282
-0.694656
-0.053435
3.145038
0.190840
1.221374
0.809160
2.251908
1.175573
-4.129771
0.946565
5.465649
-0.916031
-1.870229
3.122137
-5.061069
3.786260
-2.725191
-0.320611
1.557252
-0.351145
1.419847
-4.893130
1.389313
2.038168
-0.770992
-1.328244
-3.969466
3.977099
-3.610687
3.175573
-5.221374
2.908397
0.244275
-0.190840
-2.229008
-1.664122
6.389313
-4.458015
0.793893
-2.824427
-0.625954
-4.190840
3.000000
-5.068702
1.625954
-5.152672
-0.824427
-0.358779
-3.343511
0.465649
-4.610687
0.007634
-2.442748
-0.786260
-5.564886
-3.358779
-3.000000
-5.687023
0.961832
-6.664122
0.938931
-6.167939
1.328244
-6.557252
-0.473282
-4.015267
-1.137405
-4.541985
-4.061069
-3.038168
-3.740458
0.908397
-6.175572
1.526718
-6.374046
-2.870229
-7.435114
-1.503817
-8.419847
1.145038
-5.923664
-1.259542
-5.900764
-0.282443
-6.106870
-1.885496
-4.496183
-1.000000
-2.198473
-5.183206
-0.816794
1.748092
-6.022901
1.122137
-3.923664
1.992366
-2.534351
-0.564885
0.129771
1.297710
-4.541985
-0.717557
0.389313
-2.603053
0.412214
-0.351145
1.259542
-0.503817
0.595420
0.091603
0.213740
-0.702290
3.022901
-1.679389
2.351145
-1.923664
0.610687
1.061069
0.442748
-1.610687
-1.053435
3.045802
-4.206107
5.549618
1.435115
1.786260
2.038168
4.175572
1.885496
2.641221
1.022901
-1.251908
4.877862
3.664122
-2.198473
3.381679
-0.083969
0.809160
0.015267
-0.137405
2.320611
2.740458
3.045802
-0.229008
1.572519
-0.076336
3.229008
1.419847
-1.503817
0.480916
-1.320611
0.709924
-1.099237
5.755725
-5.595420
1.763359
0.732824
0.038168
-2.442748
2.152672
5.587786
-0.396947
3.320611
3.427481
2.358779
3.137405
2.473282
2.786260
0.335878
0.152672
1.473282
2.396947
2.870229
1.236641
0.488550
0.458015
2.916031
-0.816794
1.160305
-0.030534
1.061069
2.557252
0.152672
0.519084
-0.061069
1.954198
1.213740
2.015267
-0.641221
0.305344
-1.404580
-1.969466
0.122137
-0.068702
2.236641
-1.877863
-1.114504
-0.641221
1.106870
-0.007634
