1.984733
0.824427
1.183206
-2.175573
2.145038
1.694656
-1.221374
-2.893130
-0.236641
4.618320
1.381679
-1.687023
-1.396947
-2.610687
2.648855
2.381679
-0.175573
1.916031
0.900763
0.656489
1.000000
0.106870
1.740458
0.335878
0.717557
1.290076
2.641221
1.274809
-3.038168
0.656489
2.832061
3.938931
0.679389
1.297710
2.175573
-2.015267
0.977099
-1.167939
0.656489
0.374046
3.206107
2.458015
2.251908
0.206107
-1.221374
-1.076336
1.152672
1.916031
0.267176
0.648855
3.007634
0.312977
0.503817
-1.488550
3.961832
4.580153
-2.458015
-0.633588
2.526718
-0.519084
-2.702290
0.641221
0.160305
1.435115
-1.717557
-2.297710
0.656489
5.938931
0.175573
0.687023
0.305344
2.320611
0.259542
-1.610687
-1.244275
-1.511450
-0.679389
3.633588
-0.564885
0.587786
-2.671756
0.007634
1.022901
-1.320611
-2.778626
-0.381679
-0.412214
2.305344
0.091603
0.641221
-1.198473
1.534351
3.160305
4.198473
-0.580153
-1.618321
0.045802
1.824427
-0.610687
-2.236641
-2.725191
-1.870229
-0.702290
-3.129771
-1.137405
-0.129771
0.503817
-1.137405
-1.610687
0.587786
-0.557252
2.526718
2.083969
1.053435
2.419847
2.816794
2.664122
1.801527
-0.824427
0.312977
0.595420
1.954198
0.389313
-2.015267
-0.167939
1.641221
1.450382
-0.450382
-0.229008
0.427481
2.900763
0.389313
0.022901
0.259542
0.244275
1.221374
2.183206
2.694656
3.274809
1.190840
-0.595420
-1.748092
-4.099236
0.442748
-1.282443
-1.259542
1.022901
1.061069
-3.160305
-1.709924
-0.702290
-0.351145
-2.473282
-2.763359
-1.175573
3.503817
-1.389313
2.030534
1.305344
1.213740
-1.557252
-3.412214
0.312977
2.732824
3.404580
4.335878
3.244275
0.160305
0.977099
-2.145038
-1.213740
1.137405
-4.725191
0.129771
-1.465649
-4.717557
3.221374
1.198473
-1.450382
3.625954
3.190840
1.251908
2.984733
3.755725
4.145038
1.595420
-0.725191
-2.557252
-3.458015
-3.175573
0.763359
-1.954198
-3.587786
0.954198
-0.145038
-0.320611
-2.213740
-3.793893
-1.221374
-0.389313
3.984733
0.702290
0.030534
-0.076336
-1.137405
1.893130
4.381680
2.664122
-1.671756
-0.488550
-5.786260
1.412214
0.320611
2.267176
-2.053435
-0.847328
0.396947
0.984733
0.839695
3.251908
-0.206107
-0.076336
2.374046
0.198473
-1.862595
-0.786260
-2.015267
-0.564885
2.099237
0.511450
0.961832
2.786260
1.061069
1.603053
1.549618
1.977099
1.847328
1.610687
4.290076
0.824427
2.366412
2.748092
0.938931
0.473282
-1.603053
1.496183
-3.450382
0.061069
-2.290076
-1.137405
-1.312977
-0.297710
1.954198
2.083969
2.503817
4.778626
1.045802
0.534351
-1.648855
-0.351145
3.435115
4.450382
1.190840
0.389313
-2.480916
-1.358779
-0.251908
-0.549618
0.358779
2.625954
3.526718
0.022901
0.793893
0.381679
-4.770992
-0.328244
3.847328
0.435115
-3.213740
-1.496183
0.343511
4.900764
3.961832
1.427481
-0.603053
-4.053435
0.977099
2.687023
2.916031
1.908397
1.580153
-0.343511
1.183206
-0.351145
-2.206107
0.755725
-3.251908
3.954198
2.297710
-1.946565
-1.419847
0.419847
2.862595
-0.740458
4.229008
-3.694656
0.259542
3.038168
1.465649
0.045802
-1.610687
5.648855
2.251908
-3.297710
2.000000
-1.068702
4.038168
-0.351145
0.053435
-0.496183
3.732824
-0.435115
1.061069
-2.038168
-1.755725
3.671756
0.977099
0.427481
-2.740458
3.839695
-5.015267
4.748092
0.160305
1.175573
-2.809160
-0.015267
0.763359
2.801527
-0.900763
0.496183
3.259542
1.198473
-1.091603
2.320611
3.877863
-0.580153
2.320611
-1.595420
1.534351
-1.534351
3.778626
-1.320611
1.641221
0.244275
1.213740
-0.015267
0.877863
5.595420
-1.702290
6.679389
-0.725191
5.099236
-0.832061
4.480916
-0.793893
0.961832
3.526718
-1.114504
2.473282
-1.816794
2.603053
-0.022901
-0.167939
1.786260
-3.038168
-0.946565
0.793893
1.618321
3.213740
0.022901
1.862595
-1.687023
0.129771
0.152672
3.847328
-0.938931
-1.610687
0.396947
-1.671756
-0.404580
0.312977
-0.244275
-2.633588
-0.045802
1.152672
-0.358779
-1.824427
0.389313
0.961832
-0.282443
0.534351
-2.778626
-0.206107
-0.251908
1.190840
-0.938931
2.832061
2.587786
-0.236641
-1.022901
-0.900763
0.564885
1.061069
3.122137
0.603053
0.931298
2.045802
1.061069
-0.961832
-2.022901
0.160305
0.687023
0.564885
-0.656489
-0.106870
1.564885
0.923664
-0.610687
0.381679
1.030534
4.206107
-1.587786
1.709924
4.198473
0.862595
1.526718
-1.923664
1.297710
2.206107
-0.137405
1.786260
4.900764
-1.458015
0.687023
3.839695
-3.175573
2.297710
0.648855
5.511450
-0.534351
0.480916
1.519084
-0.473282
2.305344
-0.297710
0.129771
-1.679389
0.068702
1.183206
4.038168
0.068702
2.778626
0.099237
-1.297710
-1.580153
1.412214
0.488550
0.839695
-0.572519
-4.442748
0.007634
-1.106870
-1.198473
-1.358779
3.259542
6.396946
6.450382
8.480916
0.847328
-1.137405
0.343511
-3.267176
-0.534351
1.045802
1.633588
-1.045802
-0.320611
-0.580153
5.458015
1.358779
5.786260
1.488550
-0.251908
-4.045802
-0.931298
0.343511
3.847328
0.954198
0.671756
-0.893130
-1.000000
-3.053435
1.282443
0.167939
-2.351145
7.885496
-2.022901
-4.335878
4.412214
-0.938931
0.251908
-4.236641
-4.129771
0.366412
-8.106871
0.511450
1.343511
3.244275
2.862595
2.702290
-3.114504
1.526718
-1.526718
8.335877
0.946565
-0.496183
0.274809
-0.335878
-1.557252
2.435115
-1.900763
0.526718
-3.877863
0.687023
-0.793893
-2.404580
-3.412214
0.335878
-4.160306
-0.076336
0.183206
-3.198473
-0.458015
1.801527
-1.793893
1.381679
2.458015
-3.534351
2.106870
2.969466
-7.717557
0.564885
4.091603
-1.015267
-2.519084
-2.122137
-1.358779
0.900763
-2.702290
-5.137404
-0.213740
-0.290076
5.625954
0.335878
1.160305
-3.007634
-1.839695
-0.580153
0.061069
1.366412
0.099237
-1.320611
0.190840
-1.625954
-3.633588
-3.038168
0.748092
-5.015267
-2.740458
-1.572519
-1.282443
-1.908397
-4.129771
-4.557252
-3.801527
-4.366412
-4.717557
-2.618321
-2.977099
-4.931298
-2.893130
-1.732824
-5.931298
-6.885496
-3.770992
-3.709924
-3.374046
-5.106870
-6.900764
-4.160306
-5.358778
-4.458015
-5.496183
-1.725191
-3.572519
-4.900764
-2.603053
-2.763359
-2.488550
-2.748092
-1.183206
-0.160305
-3.549618
-2.305344
-1.519084
-0.381679
2.145038
-4.152672
-0.786260
-0.877863
-0.145038
-1.206107
2.541985
-3.183206
0.358779
-2.267176
-0.877863
-3.725191
-0.519084
-0.580153
0.419847
-0.366412
-1.129771
-0.297710
-2.175573
-0.351145
1.618321
-4.022901
-2.572519
1.977099
2.908397
0.778626
-3.206107
-2.099237
0.770992
0.557252
-1.541985
3.129771
0.114504
0.557252
1.847328
-2.480916
0.679389
-0.595420
-0.450382
-1.419847
-0.175573
-1.488550
0.854962
-2.816794
-0.419847
-1.480916
-0.213740
0.381679
-5.687023
-3.198473
-3.122137
-2.122137
-1.809160
-1.198473
-2.412214
-1.412214
-3.664122
-0.908397
-6.893130
2.702290
-8.351145
1.366412
-4.694656
1.580153
-6.343512
-1.206107
-3.633588
-5.816794
2.297710
-8.854961
-1.488550
-7.832061
-4.083970
-3.343511
-7.274809
1.274809
-8.770992
-4.916030
-4.778626
-0.343511
1.122137
-7.412214
0.328244
-1.725191
0.633588
2.045802
-1.763359
-0.335878
-1.526718
1.656489
-3.442748
1.389313
-1.221374
-2.488550
-0.618321
3.435115
-4.061069
2.778626
2.129771
0.221374
-1.458015
-0.129771
2.511450
2.480916
2.900763
-0.007634
-1.786260
2.664122
-2.152672
-0.755725
0.854962
0.755725
3.618321
0.374046
-2.061069
2.625954
-2.335878
-3.351145
1.656489
-1.358779
0.519084
3.038168
-0.366412
-0.740458
5.480916
1.427481
-1.458015
3.984733
2.740458
3.587786
-1.312977
3.137405
4.427481
-2.320611
2.198473
3.595420
-0.137405
-2.557252
-0.679389
1.610687
0.068702
0.083969
0.015267
1.870229
-2.122137
1.389313
1.458015
-1.030534
-2.526718
3.923664
-1.572519
1.854962
2.526718
-1.557252
3.549618
-0.748092
-1.305344
-0.114504
1.801527
-1.496183
3.137405
-0.595420
-1.618321
1.534351
-5.274809
2.488550
-3.000000
-0.755725
0.290076
5.603054
1.412214
3.679389
2.473282
5.488550
2.221374
6.778626
3.267176
2.664122
7.091603
4.801527
2.465649
6.129771
-1.335878
4.076336
-0.511450
4.068702
3.000000
-0.648855
2.793893
6.022901
6.366412
-0.091603
5.305344
-1.977099
2.038168
1.442748
1.748092
7.343512
3.213740
5.412214
0.091603
2.603053
-0.572519
2.374046
6.496183
1.320611
3.839695
4.099236
2.931298
-0.267176
5.030534
2.152672
1.206107
6.419847
-1.068702
2.396947
3.358779
0.511450
2.389313
2.099237
4.832061
-2.274809
2.671756
3.358779
-0.480916
5.480916
0.755725
3.396947
6.625954
3.381679
-0.870229
2.603053
1.007634
2.297710
-0.206107
-0.022901
1.053435
1.206107
-0.900763
-0.297710
0.603053
2.404580
1.664122
2.496183
4.229008
1.893130
7.152672
1.496183
2.213740
2.282443
1.923664
2.381679
-1.206107
-2.687023
-1.305344
-0.916031
-1.274809
0.755725
-1.862595
2.885496
-3.793893
-1.343511
1.297710
-1.824427
3.305344
2.709924
0.595420
2.694656
-1.167939
1.961832
1.793893
0.725191
0.503817
0.977099
4.931298
2.381679
-0.778626
-0.129771
2.946565
-0.213740
2.412214
2.381679
0.374046
3.984733
3.847328
0.305344
0.603053
3.213740
4.419847
3.541985
1.992366
2.000000
1.076336
0.687023
0.419847
-1.068702
-2.106870
2.244275
4.633588
1.465649
-0.824427
-1.106870
-6.251908
-2.488550
-1.458015
1.717557
1.061069
0.580153
0.793893
-2.961832
-1.450382
-2.641221
3.427481
-0.374046
2.793893
2.625954
1.061069
3.160305
-0.442748
2.175573
2.374046
5.824428
-0.564885
-0.114504
0.030534
0.419847
1.152672
0.572519
-0.129771
-2.320611
0.435115
3.068702
0.816794
0.541985
2.740458
-0.648855
1.809160
6.015267
-0.580153
-0.122137
1.099237
-0.305344
-1.778626
-2.511450
1.931298
-0.526718
-0.030534
-1.274809
2.114504
2.694656
3.022901
0.618321
3.312977
4.633588
0.633588
-1.458015
2.564885
2.320611
4.862596
-0.809160
-0.671756
1.030534
0.000000
-0.618321
-4.312977
-0.488550
-0.679389
-2.717557
1.305344
0.885496
1.198473
-0.267176
-0.748092
-1.496183
0.427481
-2.549618
-2.175573
-2.381679
-0.099237
-1.335878
-1.778626
0.931298
-1.702290
-0.496183
-1.755725
-2.854962
-2.396947
0.557252
-0.984733
-0.251908
-0.221374
-3.450382
-2.732824
-0.916031
-1.229008
1.961832
0.366412
2.213740
1.625954
-0.473282
0.900763
-3.854962
0.694656
-3.129771
-3.664122
1.763359
-2.221374
-1.938931
-2.007634
-1.282443
-2.900763
-2.900763
-1.030534
-4.305344
-3.763359
0.045802
-1.816794
-0.152672
-3.503817
-3.572519
-2.114504
-3.450382
-2.862595
-1.809160
-4.564886
-1.198473
-0.099237
-1.900763
-5.511450
-3.045802
-0.977099
-1.343511
-1.603053
-1.557252
-4.557252
-1.717557
-1.244275
-0.763359
0.572519
1.496183
-0.992366
-1.786260
-2.519084
1.671756
-0.045802
-0.557252
-2.038168
-1.534351
-2.916031
-4.206107
-0.274809
1.595420
-1.419847
-0.259542
-1.770992
-2.427481
0.679389
0.580153
3.671756
0.534351
1.129771
-0.114504
0.534351
2.297710
2.038168
3.198473
1.534351
-1.007634
1.145038
-1.236641
-2.030534
0.900763
-3.458015
3.625954
-2.488550
-1.305344
0.671756
-1.206107
-1.541985
2.061069
-2.068702
2.045802
1.992366
0.900763
2.076336
-0.938931
1.435115
-1.068702
2.885496
3.541985
0.297710
-2.671756
-1.824427
-1.931298
-0.877863
0.488550
0.419847
1.404580
1.809160
-3.129771
1.954198
-0.221374
0.251908
-0.465649
5.282443
-0.557252
0.427481
-1.595420
1.633588
0.389313
1.977099
2.633588
0.450382
5.931298
2.022901
1.175573
-0.824427
-1.419847
-0.022901
-0.007634
0.694656
1.099237
-1.648855
-0.160305
-0.656489
-1.801527
2.396947
-2.816794
1.961832
1.938931
2.068702
1.358779
3.381679
-0.236641
1.694656
0.114504
-0.824427
-0.511450
0.977099
0.503817
1.076336
0.396947
0.977099
1.419847
-3.320611
0.320611
-0.312977
-3.770992
1.305344
-1.083969
-1.335878
0.206107
-2.984733
4.541985
0.045802
0.061069
0.595420
-0.412214
1.412214
2.832061
0.358779
0.206107
0.244275
2.190840
1.763359
4.137404
4.190840
1.343511
-0.465649
-0.045802
-0.244275
-1.870229
-1.847328
-0.175573
3.015267
-2.923664
0.267176
0.923664
-1.610687
0.167939
-0.778626
0.488550
1.839695
1.824427
2.236641
1.725191
-0.809160
-0.030534
0.648855
0.183206
3.465649
-0.938931
1.045802
-0.091603
0.236641
1.763359
-0.709924
2.007634
-1.083969
0.427481
1.435115
-0.961832
-0.343511
0.076336
1.938931
0.679389
-0.305344
-2.656489
-1.618321
2.870229
-1.671756
1.603053
3.343511
0.740458
2.587786
0.549618
2.312977
1.534351
1.893130
2.816794
1.366412
-1.045802
0.564885
-0.541985
-1.519084
0.450382
-3.480916
-1.282443
-0.931298
-0.152672
-1.938931
-0.351145
0.633588
1.816794
1.717557
-0.816794
2.282443
0.549618
3.396947
-2.847328
-1.335878
-1.931298
-0.061069
0.030534
-0.206107
0.167939
1.862595
1.809160
-0.152672
0.267176
1.610687
-0.076336
0.290076
1.870229
0.450382
-0.404580
-0.038168
-0.374046
0.412214
-0.442748
3.946565
-2.374046
-1.450382
2.396947
-4.442748
-0.862595
0.557252
2.954198
1.145038
0.595420
-3.076336
-3.557252
-2.816794
-0.068702
0.198473
-0.816794
1.152672
2.625954
2.488550
-1.755725
-0.198473
-2.053435
-2.091603
3.290076
0.267176
-1.229008
1.435115
-0.801527
2.312977
-1.984733
0.267176
2.938931
2.129771
-1.664122
3.854962
1.297710
-0.244275
2.748092
0.908397
4.893130
1.511450
2.961832
0.702290
-3.061069
1.938931
4.732824
1.343511
2.038168
0.641221
1.053435
-1.061069
0.282443
-0.465649
-2.541985
2.427481
-0.190840
0.137405
-0.076336
0.694656
1.167939
3.931298
0.068702
-1.312977
-1.229008
1.587786
1.412214
-0.832061
-0.099237
0.603053
-0.435115
1.732824
1.404580
0.580153
0.641221
-2.641221
0.251908
0.916031
-3.755725
1.114504
-3.404580
0.473282
3.351145
-0.030534
-1.213740
2.099237
-0.916031
1.854962
-2.557252
0.702290
3.175573
1.908397
2.671756
1.381679
-0.061069
-1.076336
-1.015267
1.343511
2.633588
3.152672
2.007634
0.465649
2.412214
2.213740
-0.755725
-1.671756
2.694656
3.038168
-1.083969
3.984733
1.160305
-0.740458
0.893130
0.381679
-2.473282
3.564885
-1.404580
-0.572519
3.106870
0.572519
0.809160
3.732824
1.061069
-0.740458
-0.358779
2.473282
-0.061069
0.984733
0.664122
-0.938931
1.129771
-0.427481
1.160305
-1.076336
-1.091603
2.908397
-0.137405
-0.816794
-0.473282
-0.229008
-1.496183
2.931298
1.534351
0.061069
2.473282
0.923664
-1.198473
2.267176
3.732824
1.419847
-1.946565
-0.412214
2.091603
1.603053
-1.007634
-1.221374
-0.129771
-0.091603
0.847328
-5.419847
2.458015
1.137405
-2.610687
0.557252
0.297710
3.145038
1.251908
-1.587786
-0.969466
-2.694656
0.503817
1.351145
2.595420
2.893130
-1.167939
-3.022901
-1.473282
-2.992366
3.595420
-1.320611
3.664122
1.801527
-1.366412
3.419847
0.458015
0.251908
0.351145
0.641221
0.580153
1.259542
2.106870
1.450382
4.236641
1.748092
2.167939
0.809160
-0.061069
3.244275
-0.946565
0.503817
-2.610687
0.687023
3.030534
1.167939
0.740458
2.885496
0.870229
0.610687
2.435115
1.595420
-1.511450
3.496183
0.870229
2.709924
-1.374046
0.251908
1.000000
1.305344
-1.580153
-1.885496
-0.320611
4.633588
1.770992
-1.206107
1.259542
0.770992
-0.603053
-0.778626
2.335878
1.610687
3.427481
-0.725191
-1.030534
-0.610687
-0.213740
-1.916031
-0.671756
3.595420
-1.893130
1.312977
0.977099
-0.832061
1.259542
-0.122137
0.679389
2.061069
-1.923664
0.862595
2.786260
1.503817
-0.740458
-0.137405
0.282443
1.793893
-0.442748
-0.427481
-1.435115
0.946565
0.312977
-0.412214
2.190840
0.770992
0.786260
-0.633588
-2.480916
-2.954198
0.167939
4.251908
-0.732824
-1.908397
-0.519084
-0.152672
1.458015
1.419847
0.854962
1.503817
1.129771
-0.068702
0.725191
0.404580
-2.931298
-4.244275
-1.839695
1.824427
5.015267
-1.312977
-3.755725
1.671756
-2.801527
-1.274809
-1.450382
0.541985
-1.526718
-0.282443
1.793893
1.969466
2.694656
1.244275
1.977099
3.167939
-0.335878
-0.824427
1.816794
2.435115
-0.122137
2.900763
0.251908
-0.358779
0.015267
3.778626
0.671756
-0.129771
1.419847
-1.801527
-1.580153
-0.687023
4.725191
1.190840
-1.190840
1.938931
1.755725
1.038168
2.618321
-2.053435
-1.603053
0.755725
-2.748092
0.320611
-3.396947
1.580153
-1.534351
2.587786
4.916030
1.206107
3.282443
-1.557252
-1.206107
2.305344
2.030534
-1.366412
1.419847
2.389313
0.748092
1.351145
1.427481
2.824427
-0.358779
-0.839695
2.916031
0.435115
1.641221
-0.488550
-0.335878
-1.358779
4.328244
0.206107
-0.793893
-0.610687
4.954198
4.290076
0.244275
-0.221374
-1.229008
0.572519
-0.534351
3.503817
-0.564885
0.198473
1.083969
2.595420
0.618321
2.465649
1.526718
0.656489
-1.870229
0.755725
0.839695
2.206107
-0.320611
-1.206107
-2.564885
3.496183
-0.938931
1.656489
1.312977
-1.381679
0.045802
2.038168
0.519084
-0.106870
0.763359
-0.709924
-2.022901
-2.648855
0.122137
4.419847
-0.412214
-0.580153
3.251908
1.083969
0.862595
-1.580153
1.587786
2.297710
2.114504
-3.450382
-1.969466
2.022901
1.717557
1.748092
2.763359
1.488550
1.870229
1.381679
0.167939
-0.824427
1.770992
0.473282
3.007634
0.351145
-0.908397
1.076336
2.206107
2.526718
1.893130
0.938931
-2.442748
3.778626
0.862595
1.251908
-0.389313
2.519084
3.503817
-2.946565
-0.946565
-0.885496
0.114504
-2.786260
1.076336
-0.847328
1.572519
1.206107
-1.343511
1.206107
1.572519
0.854962
-0.748092
0.381679
1.076336
-0.740458
-0.358779
0.854962
-3.335878
0.854962
-1.809160
1.152672
1.793893
0.404580
1.129771
3.809160
1.480916
1.358779
0.290076
0.259542
-1.145038
0.694656
0.847328
0.160305
-2.435115
-0.908397
2.526718
3.076336
2.099237
-1.473282
3.335878
-0.274809
-0.595420
1.793893
-0.748092
1.885496
-0.832061
-2.824427
1.687023
-0.793893
-2.091603
-0.641221
2.473282
-0.351145
-0.541985
2.496183
0.366412
-1.076336
-2.190840
0.389313
2.335878
-1.595420
2.809160
0.106870
0.022901
0.824427
1.488550
3.206107
2.511450
-0.595420
1.259542
4.251908
-1.908397
1.076336
-2.305344
3.076336
-1.366412
-1.816794
1.282443
-1.435115
1.305344
1.923664
1.267176
1.145038
-1.175573
-0.770992
1.122137
1.450382
1.251908
2.656489
0.152672
3.969466
-1.778626
-1.221374
-0.358779
2.908397
-0.786260
-1.824427
-0.824427
0.450382
1.038168
1.435115
0.633588
2.053435
-1.312977
-0.954198
1.236641
3.694656
0.839695
0.801527
2.557252
-3.206107
-0.145038
-1.259542
2.152672
0.610687
2.938931
2.145038
-0.748092
0.282443
1.908397
-2.206107
-1.862595
2.824427
-1.015267
-3.000000
1.282443
-0.259542
3.091603
1.320611
-3.564885
2.267176
2.175573
-0.916031
0.328244
-0.595420
1.038168
1.702290
0.473282
1.343511
-0.610687
0.389313
-1.045802
1.312977
-0.717557
4.122138
-1.320611
1.351145
5.526718
1.496183
2.893130
-1.717557
0.183206
1.496183
-0.053435
-0.419847
0.511450
1.320611
1.870229
-3.381679
-3.076336
-1.282443
-0.412214
3.877863
0.389313
-1.694656
1.885496
-0.114504
2.526718
-1.404580
3.358779
0.259542
1.526718
1.832061
-0.351145
-1.183206
1.290076
-0.877863
-0.595420
-1.458015
-0.419847
0.145038
1.809160
1.290076
0.305344
-0.343511
1.793893
1.427481
1.923664
0.351145
-2.106870
4.664122
-0.610687
-0.832061
-3.068702
1.580153
-1.236641
0.290076
-1.442748
2.534351
-2.190840
-0.801527
-1.511450
1.992366
1.145038
-1.786260
-6.274809
1.587786
-0.587786
0.541985
-3.274809
-0.984733
4.030534
3.335878
1.572519
-0.145038
-1.267176
0.412214
4.343512
2.748092
0.725191
1.061069
0.152672
4.923664
1.648855
0.969466
2.625954
2.648855
0.091603
-0.404580
-1.931298
-2.587786
1.564885
4.137404
0.053435
-2.351145
2.328244
-0.740458
0.893130
1.320611
3.106870
-0.297710
-1.068702
4.778626
0.244275
2.091603
0.068702
-0.274809
0.740458
0.549618
-0.618321
1.129771
0.595420
-1.198473
2.900763
0.984733
-1.656489
1.763359
4.442748
0.549618
1.473282
1.229008
-0.458015
-3.580153
-0.564885
0.137405
-0.145038
1.190840
0.068702
-2.641221
2.374046
0.167939
2.473282
1.702290
-0.320611
2.488550
1.396947
-1.045802
-1.557252
0.870229
2.007634
0.877863
-4.061069
1.938931
-1.633588
1.908397
2.213740
-2.083969
1.053435
-0.259542
1.160305
2.641221
-0.870229
-1.893130
4.702290
2.236641
-2.458015
1.236641
-2.259542
4.587786
1.129771
1.816794
-0.946565
0.770992
-1.473282
3.946565
2.038168
-1.595420
-1.236641
-0.541985
4.076336
0.885496
1.343511
-0.091603
3.748092
1.946565
2.183206
-0.061069
0.458015
2.633588
-2.435115
1.580153
0.091603
2.534351
0.358779
1.496183
1.488550
0.160305
-0.076336
-3.656489
2.641221
0.839695
-1.900763
-1.732824
6.251908
2.213740
1.022901
-0.610687
0.641221
3.625954
-3.167939
-2.679389
0.053435
1.007634
-0.106870
0.061069
-0.435115
2.312977
-5.610687
-0.229008
1.312977
-1.083969
-1.000000
2.809160
-2.557252
-0.114504
2.435115
1.916031
1.664122
-3.916031
-0.824427
3.053435
-1.793893
3.122137
1.412214
-0.320611
1.206107
0.801527
0.137405
-0.839695
4.755725
0.595420
-0.053435
0.824427
1.022901
-2.687023
4.061069
2.389313
3.351145
0.389313
-1.015267
2.053435
3.229008
0.282443
0.213740
0.488550
-0.908397
2.259542
1.870229
1.061069
-2.526718
4.893130
1.167939
-0.732824
0.732824
-0.900763
2.366412
-1.389313
-0.671756
-0.961832
-1.877863
1.954198
2.045802
-0.465649
-1.534351
-0.274809
-1.702290
2.526718
-1.450382
-0.564885
-0.900763
-2.832061
-0.190840
-0.297710
0.465649
4.717557
2.274809
2.419847
-0.549618
0.137405
3.358779
-3.320611
-0.450382
1.603053
0.435115
1.389313
-0.496183
0.946565
-1.320611
1.175573
3.435115
0.748092
-0.625954
-0.091603
1.557252
-1.297710
2.358779
0.496183
4.167939
-0.534351
-2.145038
1.717557
1.244275
-0.145038
-0.038168
0.442748
2.419847
3.183206
1.633588
-0.969466
-1.251908
2.404580
1.748092
-0.244275
4.259542
-0.259542
4.396946
-0.236641
-1.038168
-0.900763
-1.358779
2.045802
-1.274809
2.702290
-3.770992
-0.053435
1.030534
-0.717557
0.267176
1.839695
0.687023
3.374046
2.977099
-0.396947
4.809160
0.770992
-0.152672
2.816794
-0.679389
-1.061069
1.251908
0.458015
2.862595
1.274809
1.389313
2.251908
-1.374046
1.641221
-0.541985
0.687023
-2.198473
0.412214
-0.312977
-0.267176
-1.190840
0.167939
-1.076336
1.931298
2.931298
-0.343511
-1.679389
-1.175573
-0.648855
-0.236641
2.824427
-0.916031
2.320611
2.396947
0.801527
0.450382
-2.290076
1.732824
-2.519084
-0.480916
1.442748
2.015267
0.381679
-0.419847
-2.007634
1.312977
0.610687
3.007634
1.137405
3.358779
-2.335878
-0.656489
1.167939
0.992366
1.404580
-1.045802
-0.824427
1.900763
1.809160
-0.381679
2.572519
1.000000
-0.320611
0.648855
-3.618321
0.160305
0.091603
0.274809
-0.328244
-1.603053
-2.511450
1.152672
2.183206
-0.015267
3.503817
0.030534
3.106870
2.236641
-3.648855
2.374046
0.465649
0.267176
-0.832061
-0.511450
-1.740458
-1.091603
-1.305344
-0.305344
0.885496
-0.984733
-1.916031
-2.267176
0.702290
0.351145
1.603053
-1.610687
-1.770992
1.091603
2.167939
-1.427481
-2.236641
2.419847
1.862595
-0.832061
-1.091603
-5.167939
2.076336
-1.488550
0.389313
-0.068702
-0.358779
-0.267176
-1.404580
4.167939
-0.458015
-0.236641
3.297710
-1.908397
-1.259542
-0.793893
2.015267
0.038168
0.091603
3.778626
0.641221
0.709924
1.183206
-0.564885
0.335878
-0.167939
1.221374
-0.984733
0.045802
1.183206
0.458015
1.160305
2.442748
-0.335878
-1.122137
0.526718
0.511450
-0.900763
0.343511
0.824427
0.122137
-0.648855
2.442748
1.549618
-1.786260
-1.557252
3.137405
0.587786
-1.618321
1.213740
-0.160305
-1.526718
-0.526718
3.251908
-2.854962
-0.572519
-0.374046
-0.114504
-0.824427
3.748092
3.083969
1.748092
-0.916031
-0.450382
1.122137
1.725191
0.977099
0.389313
2.633588
2.259542
1.251908
0.213740
-0.427481
-0.511450
3.045802
-4.282443
1.343511
1.229008
0.389313
-1.679389
-0.396947
-0.129771
-0.656489
-1.778626
0.816794
3.374046
1.343511
-2.709924
-0.534351
-2.312977
-0.786260
1.259542
0.541985
-0.007634
1.145038
3.832061
1.603053
1.816794
-1.610687
0.816794
-1.106870
-1.244275
-2.236641
1.190840
3.557252
2.335878
0.877863
2.053435
0.725191
-4.396946
1.916031
0.938931
-0.221374
-0.236641
0.511450
-0.045802
-1.053435
1.801527
-0.656489
0.786260
-1.618321
1.366412
-0.503817
0.290076
-0.931298
3.137405
1.366412
3.183206
-1.931298
-0.740458
1.488550
1.679389
0.664122
0.259542
-1.824427
-2.595420
1.618321
0.580153
1.526718
-2.656489
1.015267
-0.221374
1.961832
2.129771
2.809160
1.938931
1.511450
-0.419847
1.175573
2.671756
-0.442748
1.198473
0.129771
0.984733
0.526718
-3.137405
0.564885
0.412214
1.396947
-1.145038
0.938931
3.633588
-1.244275
-1.160305
-0.366412
3.763359
-0.015267
0.908397
4.450382
0.519084
1.534351
2.824427
0.435115
-2.137405
3.854962
1.511450
1.145038
0.916031
-0.572519
0.679389
0.625954
2.381679
4.053435
0.122137
-0.473282
-0.519084
-0.091603
-0.198473
-0.671756
2.229008
2.427481
-1.809160
-0.358779
2.870229
0.961832
-1.190840
-0.572519
-0.282443
-3.511450
0.786260
1.664122
-4.045802
0.335878
0.725191
4.908397
0.541985
5.763359
-0.007634
4.900764
2.068702
0.229008
-3.320611
-2.030534
-0.114504
2.274809
-0.198473
-0.648855
0.274809
1.045802
-0.442748
0.870229
1.687023
1.572519
-0.030534
0.061069
0.862595
-0.847328
-1.320611
-1.007634
1.305344
-0.236641
2.824427
0.145038
3.992366
-0.496183
3.290076
-1.290076
4.786260
1.664122
-0.801527
-1.068702
3.480916
-0.099237
0.732824
2.167939
2.572519
-1.358779
-2.068702
0.877863
1.778626
1.679389
0.824427
0.412214
1.068702
2.328244
-0.244275
1.137405
2.488550
2.213740
-0.687023
1.068702
0.732824
1.183206
1.206107
0.488550
2.259542
2.961832
-1.091603
1.633588
0.572519
0.984733
2.603053
0.473282
1.122137
1.526718
0.587786
0.847328
0.648855
-0.343511
-1.488550
-1.458015
2.725191
1.564885
0.702290
-1.534351
0.961832
0.526718
0.175573
1.030534
0.030534
-1.068702
-0.442748
3.366412
-0.358779
-1.068702
5.122138
-3.412214
0.282443
0.580153
4.312977
0.267176
-0.557252
-0.603053
2.229008
0.198473
0.175573
-0.175573
1.633588
-0.992366
2.038168
-0.297710
-0.824427
2.122137
2.229008
0.251908
0.396947
1.259542
-2.587786
-0.366412
4.687023
-3.145038
-1.824427
-4.694656
-2.885496
-2.061069
-4.557252
-5.114504
-4.839694
-5.465649
-2.045802
-5.244275
-8.366412
-8.786260
-3.503817
-5.435114
-11.534351
-5.885496
-6.022901
-5.175572
-9.984733
-11.839695
-7.633588
-4.053435
-9.389313
-11.610687
-5.671756
-2.992366
-9.519084
-8.603053
-8.946565
-4.022901
-5.916030
-4.351145
-5.549618
-1.236641
-4.648855
-3.160305
-1.885496
1.198473
-3.175573
-1.366412
-2.000000
-2.511450
-3.068702
0.022901
2.618321
0.465649
6.282443
6.717557
3.870229
5.549618
2.954198
4.671756
9.114504
5.763359
8.106871
11.496183
11.755725
6.335878
8.083969
8.000000
7.854962
4.961832
10.488549
8.534351
7.526718
13.549619
8.778625
7.946565
12.847328
5.679389
10.511451
12.213740
11.114504
6.526718
14.114504
9.969465
7.938931
9.259542
12.442748
8.045801
9.053435
13.832061
13.809160
12.297709
9.977099
8.305344
8.580153
6.648855
7.305344
2.236641
4.366412
-0.213740
3.618321
5.167939
1.435115
1.465649
2.595420
3.671756
1.122137
3.427481
1.236641
-1.061069
1.992366
2.862595
-1.427481
-0.961832
-5.633588
-5.671756
-6.160306
-4.755725
-5.160306
-4.229008
-4.877862
-9.549619
-6.290076
-8.740458
-10.656488
-10.931297
-7.396946
-7.740458
-7.206107
-4.740458
-9.358779
-7.450382
-8.427481
-6.305344
-8.511451
-8.755725
-11.541985
-6.740458
-6.572519
-11.000000
-7.427481
-7.198473
-7.160306
-7.312977
-6.763359
-11.251908
-8.793893
-9.992367
-9.519084
-7.450382
-8.473283
-9.000000
-11.412213
-10.885496
-6.442748
-9.709924
-5.175572
-11.969465
-8.961832
-7.900764
-9.465649
-6.816794
-11.114504
-9.473283
-10.244275
-9.961832
-7.381680
-6.908397
-9.022901
-8.694656
-10.770992
-15.755725
-10.503817
-10.694656
-10.137404
-4.679389
-8.465649
-10.274809
-10.679389
-11.022901
-10.770992
-10.122137
-8.610687
-2.656489
-6.412214
-6.587786
-4.251908
-8.534351
-7.160306
-4.519084
-3.282443
-7.335878
-8.358779
-5.282443
-3.694656
-0.763359
-2.229008
-3.916031
-3.396947
-3.801527
-4.099236
-2.824427
-3.587786
0.893130
-0.687023
-1.190840
2.007634
3.877863
0.473282
1.076336
3.526718
-0.496183
6.076336
0.931298
-0.038168
4.748092
5.679389
2.160305
2.885496
7.229008
7.015267
8.328244
9.671756
5.702290
9.625955
12.847328
7.183206
9.801527
11.244275
11.488549
15.938931
14.091603
11.236641
8.770992
13.625955
14.061069
14.916031
8.809160
10.885496
11.022901
14.076336
15.450381
8.312977
8.610687
12.053435
6.030534
11.877863
9.938931
14.274809
10.580153
13.641221
12.511451
8.305344
11.251908
6.427481
12.007633
12.137404
16.564886
8.862596
12.442748
12.587787
14.053435
14.290076
13.580153
9.022901
10.839695
13.305344
11.496183
13.213740
15.648855
8.458015
9.221375
12.229008
10.305344
14.183207
13.145039
11.389313
10.274809
12.198473
12.618320
9.267176
10.030535
12.083969
13.770992
11.595420
10.503817
13.984733
10.412213
12.076336
9.786260
11.381680
14.229008
10.618320
11.206107
12.297709
15.923664
12.450381
8.091603
13.221375
8.305344
9.557252
17.129770
11.908397
8.480916
12.206107
14.618320
17.274809
9.824428
11.129771
11.076336
9.977099
13.679389
12.091603
11.496183
12.519084
11.091603
9.671756
13.221375
13.358779
12.763359
9.839695
11.335877
10.610687
10.610687
11.511451
12.114504
11.198473
12.175572
14.045801
8.312977
8.328244
7.030534
6.007634
7.900764
-1.763359
1.923664
-1.007634
-2.610687
-1.251908
-6.396946
-2.480916
-7.961832
-4.923664
-8.351145
-9.038168
-8.480916
-10.977099
-12.007633
-8.694656
-11.824428
-7.351145
-10.832061
-10.435115
-11.083969
-10.213740
-10.083969
-8.175572
-12.625955
-8.312977
-8.076336
-10.206107
-10.167939
-4.801527
-11.183207
-6.580153
-7.610687
-8.740458
-10.595420
-8.534351
-9.328244
-8.664123
-6.984733
-5.916030
-9.229008
-10.206107
-7.702290
-8.122137
-9.503817
-7.229008
-7.312977
-7.931298
-11.786260
-6.664122
-6.549618
-9.885496
-5.633588
-6.725191
-11.977099
-9.015267
-9.809160
-13.358779
-10.167939
-11.923664
-11.259542
-8.732824
-7.007634
-9.664123
-10.297709
-7.358778
-7.137404
-6.244275
-8.984733
-10.664123
-11.251908
-7.801527
-10.473283
-8.984733
-10.694656
-10.725191
-4.648855
-13.221375
-9.832061
-8.816793
-12.435115
-8.160305
-9.496183
-7.931298
-10.763359
-8.030535
-7.687023
-13.389313
-9.030535
-11.610687
-12.458015
-11.496183
-11.259542
-10.557252
-14.030535
-7.381680
-5.984733
-11.061069
-9.839695
-8.351145
-6.473282
-12.908397
-9.961832
-10.610687
-7.572519
-6.931298
-9.503817
-11.122137
-5.381680
-5.916030
-6.900764
-3.488550
2.366412
-0.045802
1.984733
0.770992
1.816794
4.129771
2.160305
-1.114504
1.290076
8.229008
6.198473
6.725191
3.702290
5.320611
6.374046
4.610687
5.099236
2.709924
0.824427
4.801527
4.793893
4.709924
4.526718
6.389313
3.694656
5.625954
6.435114
2.625954
4.549618
5.389313
4.877862
3.664122
6.053435
2.320611
4.244275
6.114504
2.923664
5.717557
6.732824
6.381680
4.183206
3.290076
3.557252
1.656489
4.137404
6.221374
4.351145
2.557252
0.854962
-0.022901
1.900763
-1.519084
2.366412
0.946565
2.053435
4.007634
4.435114
1.465649
0.465649
2.633588
4.854962
3.679389
0.458015
0.503817
3.801527
1.000000
1.885496
0.839695
2.290076
3.793893
0.900763
3.389313
1.183206
-0.244275
-0.458015
0.335878
1.160305
3.297710
0.549618
1.374046
2.145038
1.778626
1.427481
1.854962
1.282443
-1.526718
-1.786260
-0.778626
0.893130
-3.679389
-1.274809
0.610687
1.206107
-0.320611
-0.847328
-1.671756
-2.763359
-0.511450
1.305344
0.580153
-1.000000
-0.236641
0.938931
2.671756
2.007634
0.152672
-0.053435
-0.679389
-1.152672
-3.351145
-1.366412
0.618321
1.893130
-1.259542
-2.305344
2.847328
-0.595420
0.213740
-4.755725
-1.526718
0.503817
0.763359
1.053435
0.938931
1.587786
-1.893130
-1.473282
-1.480916
-0.900763
4.984733
-0.274809
1.900763
-4.396946
2.549618
-1.519084
1.580153
-0.763359
-0.412214
1.381679
-2.320611
-2.038168
-0.396947
-1.045802
1.221374
-2.625954
1.129771
-2.755725
-1.839695
-0.854962
-0.099237
-1.908397
-3.923664
-1.145038
-3.977099
-1.381679
0.312977
-3.893130
-0.931298
-2.282443
-2.099237
-0.206107
4.404580
-1.549618
1.091603
-2.122137
1.000000
-0.091603
-0.618321
1.145038
0.213740
-1.854962
0.557252
-0.511450
1.541985
5.122138
-1.694656
4.625954
3.183206
-2.007634
-3.541985
3.671756
2.099237
4.778626
2.389313
8.664123
7.709924
3.610687
3.755725
3.061069
1.351145
2.503817
5.328244
5.442748
1.526718
2.641221
4.564886
2.404580
2.381679
5.610687
4.732824
0.984733
3.190840
5.030534
4.664122
0.587786
-0.946565
1.190840
-1.167939
1.908397
2.244275
2.755725
-2.053435
0.290076
1.229008
1.755725
2.671756
1.534351
-4.320611
3.923664
-1.083969
1.389313
0.145038
2.503817
1.961832
2.984733
1.496183
1.862595
-3.351145
1.091603
-0.091603
-1.839695
-2.816794
0.969466
-1.610687
2.931298
-3.175573
-1.832061
-3.244275
1.396947
-1.343511
1.267176
-1.030534
0.870229
-2.312977
0.480916
-1.664122
-0.587786
-2.557252
-1.465649
-3.053435
-0.061069
-4.717557
-3.320611
-0.977099
-2.893130
-1.496183
-3.503817
-2.732824
-5.381680
-7.259542
-2.427481
-4.274809
-1.610687
-7.832061
-4.931298
-3.091603
-4.366412
-4.671756
-1.725191
-2.641221
-1.442748
-3.816794
-4.832061
-2.351145
-3.015267
-6.290076
-4.000000
-5.984733
-6.412214
-2.236641
-3.343511
-6.229008
-5.473282
-3.725191
-1.519084
-4.633588
-4.816794
-6.328244
-7.259542
-1.587786
-1.145038
-3.633588
-10.137404
-7.603054
-1.183206
-1.236641
-6.694656
-5.244275
-4.015267
-4.839694
-3.244275
-5.091603
-1.320611
-7.106870
-5.725191
-10.259542
-2.923664
-5.961832
-5.374046
-2.290076
2.633588
-9.297709
-0.679389
-4.381680
-2.885496
0.679389
-2.923664
1.389313
-6.198473
-4.167939
0.175573
-1.564885
1.145038
-4.206107
0.893130
-0.038168
1.442748
-3.221374
-4.396946
-2.435115
-1.679389
-6.473282
-3.404580
-4.969466
0.083969
-3.732824
1.824427
-6.213740
3.656489
-1.145038
-0.938931
0.167939
-4.793893
4.564886
-5.343512
-2.244275
-0.656489
0.595420
0.389313
0.938931
1.030534
-4.961832
0.916031
-4.877862
3.183206
-3.412214
-1.374046
-4.129771
-2.801527
-2.916031
-1.000000
-0.183206
-2.335878
2.938931
-2.068702
-1.007634
-2.778626
4.809160
0.755725
-8.969465
0.152672
-1.465649
-0.824427
2.435115
-0.061069
1.755725
2.725191
-1.946565
1.572519
-1.778626
-3.801527
1.328244
1.709924
1.236641
-1.740458
-5.038168
-1.557252
-4.129771
0.251908
0.175573
1.229008
-4.557252
0.137405
-3.694656
5.824428
-2.000000
5.129771
0.893130
5.022901
0.213740
-1.458015
-1.633588
5.404580
0.190840
1.145038
6.847328
-0.679389
4.343512
3.175573
-0.801527
2.885496
-0.832061
4.068702
-2.198473
2.198473
5.099236
1.404580
-0.671756
1.801527
0.854962
5.717557
-0.824427
3.557252
1.015267
5.068702
0.618321
-0.015267
1.099237
2.793893
5.030534
4.419847
-1.572519
3.488550
6.267176
0.389313
4.793893
6.534351
1.114504
3.312977
0.458015
2.351145
3.519084
1.038168
3.412214
4.839694
4.679389
-1.190840
-1.366412
-0.748092
2.167939
1.335878
1.305344
1.167939
2.625954
2.633588
-1.167939
-3.061069
-1.114504
1.374046
-2.312977
-2.740458
6.770992
-6.229008
2.732824
-1.343511
0.320611
0.954198
-2.595420
4.083970
-0.519084
0.725191
-3.427481
0.862595
1.114504
1.404580
-1.022901
0.763359
-1.969466
-0.633588
-2.961832
-0.671756
-1.068702
-1.900763
-2.938931
1.786260
-1.175573
2.488550
0.381679
1.305344
-1.198473
0.572519
2.114504
0.068702
1.885496
2.679389
1.503817
-3.870229
-4.267176
-2.587786
-4.114504
2.824427
0.122137
2.961832
-3.099237
0.916031
0.274809
-1.114504
-3.458015
1.099237
-2.305344
-1.709924
-3.236641
-0.885496
-1.519084
5.893130
-10.595420
7.236641
-5.038168
-0.282443
-9.099236
-0.870229
-3.572519
-6.893130
-4.122138
-4.648855
-1.618321
-7.847328
-3.358779
-5.099236
-8.809160
-3.114504
-4.702290
-0.381679
-5.824428
-6.816794
-8.580153
-6.679389
-8.007633
-7.007634
-5.870229
-7.625954
-4.648855
-6.664122
-4.687023
-4.221374
-6.335878
-6.824428
-5.167939
-7.244275
-6.908397
-9.335877
-6.114504
-6.656488
-6.091603
-5.061069
-6.511450
-9.786260
-5.824428
-4.572519
-7.236641
-3.694656
-6.572519
-6.259542
-4.923664
-8.473283
-7.091603
-5.328244
-7.351145
-7.351145
-4.587786
-4.908397
-8.167939
-7.374046
-3.213740
-3.877863
-1.725191
-1.480916
-1.145038
0.374046
1.488550
-1.114504
3.099237
3.427481
0.328244
3.977099
2.694656
4.809160
-1.412214
2.198473
-1.122137
0.106870
3.572519
-0.969466
0.938931
-1.190840
-0.938931
-2.450382
-1.778626
0.236641
0.549618
2.801527
2.198473
-3.328244
0.198473
-0.091603
-2.786260
1.648855
-1.870229
-1.480916
-2.290076
1.648855
-0.572519
-0.129771
0.687023
1.740458
-4.213740
2.053435
-0.320611
2.167939
-0.923664
0.717557
2.633588
-1.328244
1.610687
0.221374
-0.343511
-1.511450
-2.015267
1.213740
-0.053435
2.022901
-2.000000
1.526718
-1.625954
1.190840
0.229008
-0.175573
-0.908397
-0.885496
0.641221
-2.244275
-0.030534
0.572519
1.564885
-0.229008
-0.450382
-0.251908
0.725191
3.748092
0.954198
1.503817
1.122137
1.473282
1.290076
1.458015
-1.412214
-0.664122
1.198473
1.389313
2.519084
-0.793893
1.809160
-0.870229
-0.320611
-1.526718
2.671756
-0.366412
1.763359
-1.412214
-0.450382
-1.877863
-3.839695
-0.251908
0.053435
1.587786
1.526718
0.977099
0.320611
2.198473
0.068702
5.328244
3.908397
3.503817
2.290076
0.526718
4.824428
3.343511
2.946565
0.549618
2.458015
2.648855
2.824427
-1.007634
1.977099
-4.061069
1.022901
-0.259542
-2.923664
5.282443
0.694656
1.335878
-1.458015
2.946565
4.877862
-0.755725
0.694656
-0.786260
-3.450382
5.396946
4.465649
2.885496
-2.160305
2.412214
5.480916
-1.671756
0.564885
2.419847
-4.793893
0.541985
-1.603053
-1.923664
2.099237
0.328244
2.068702
4.068702
-1.129771
-1.022901
3.526718
-0.862595
2.061069
-0.854962
0.572519
5.763359
-0.076336
-0.328244
1.305344
-3.816794
1.671756
-0.549618
-0.297710
4.587786
2.793893
-4.534351
2.572519
-1.885496
-1.175573
3.061069
2.312977
-2.015267
5.320611
0.167939
-0.610687
1.854962
-3.236641
1.801527
-2.282443
1.763359
5.083970
3.992366
3.610687
-0.061069
4.396946
1.885496
5.900764
1.648855
4.618320
-1.122137
1.549618
0.877863
2.160305
-0.977099
-0.450382
0.465649
1.206107
0.206107
2.977099
-0.801527
-2.748092
1.908397
1.129771
0.664122
2.351145
5.106870
2.778626
5.496183
7.687023
6.022901
6.351145
-1.374046
8.351145
10.236641
2.961832
10.076336
6.954198
8.267176
6.954198
9.786260
10.389313
7.969466
4.290076
0.496183
2.374046
2.412214
1.473282
2.923664
3.633588
6.786260
2.740458
-1.908397
-1.473282
-2.358779
-2.450382
-3.099237
-3.129771
-1.076336
-1.412214
-2.091603
-2.648855
-3.351145
-3.954198
-9.007633
-7.961832
-7.114504
-6.374046
-6.496183
-7.709924
-7.007634
-7.267176
-5.190840
-5.160306
-4.801527
-8.374045
-7.251908
-8.160305
-6.816794
-4.236641
-4.832061
-4.129771
-4.427481
0.870229
-2.358779
-5.320611
-1.167939
-1.274809
-4.312977
-2.061069
-3.389313
0.137405
-2.595420
-0.755725
1.320611
3.419847
2.000000
2.908397
-1.083969
0.335878
3.557252
2.198473
2.274809
1.167939
3.923664
1.076336
2.114504
3.068702
2.854962
1.244275
-0.885496
-1.694656
1.587786
0.358779
0.396947
1.473282
4.152672
1.366412
3.580153
0.664122
3.267176
4.244275
2.221374
5.137404
10.244275
5.725191
5.442748
8.038168
3.503817
4.984733
6.297710
3.358779
3.412214
0.847328
-0.458015
1.603053
1.435115
1.541985
0.778626
1.587786
-0.854962
0.358779
3.893130
1.938931
0.572519
-0.106870
-0.984733
0.564885
0.198473
1.923664
-0.480916
2.015267
0.435115
1.091603
-2.473282
-0.022901
3.198473
-1.633588
2.213740
0.580153
1.473282
-0.206107
-1.755725
-1.297710
0.145038
2.877863
1.648855
2.259542
4.259542
-1.916031
-0.549618
3.274809
-1.877863
-1.984733
0.091603
1.404580
3.374046
1.412214
0.519084
1.236641
1.022901
-2.137405
-2.152672
2.847328
1.549618
-1.473282
1.526718
0.106870
-0.152672
5.549618
2.274809
7.519084
7.938931
8.503817
8.229008
5.709924
8.480916
7.290076
9.458015
10.282443
4.389313
4.839694
9.541985
3.793893
6.641222
4.526718
6.824428
3.488550
3.885496
5.610687
6.541985
6.564886
0.580153
2.824427
3.106870
3.137405
4.801527
1.320611
3.083969
4.992366
-1.297710
0.106870
2.412214
-0.847328
2.717557
0.328244
-1.152672
1.229008
-3.541985
-0.854962
-0.984733
-0.893130
4.083970
-5.969466
-7.083970
-1.709924
-4.129771
0.809160
-1.328244
0.267176
-0.435115
-1.702290
-2.778626
-1.229008
-2.625954
-3.587786
-3.030534
-0.015267
-1.267176
-0.068702
-1.320611
-1.664122
1.122137
-1.748092
-2.442748
-2.946565
-1.931298
-2.129771
-0.450382
-3.709924
-3.022901
-1.923664
-0.633588
-2.664122
-1.160305
-4.022901
-2.038168
-0.748092
-3.580153
-3.000000
-4.610687
-1.389313
-9.580153
-3.992366
-3.633588
-6.671756
-2.389313
-2.725191
-3.923664
-5.603054
-4.229008
-4.519084
-3.961832
-3.274809
-2.351145
-4.160306
-4.709924
-6.312977
-1.404580
-1.984733
0.267176
-3.190840
-2.541985
-1.511450
-0.496183
0.671756
-1.885496
1.770992
-2.427481
-1.702290
-5.725191
-2.488550
-3.396947
-4.519084
-3.290076
-3.419847
-3.274809
-0.893130
-2.442748
-2.099237
-6.564886
-5.045802
-3.778626
0.603053
-5.015267
-1.709924
-3.503817
-0.564885
-2.526718
-1.091603
-1.786260
-2.312977
-0.961832
-2.099237
-1.519084
-2.396947
-1.961832
0.557252
-3.656489
-0.671756
0.488550
-1.099237
2.198473
1.045802
-1.374046
0.763359
1.480916
-1.396947
-0.282443
0.633588
1.717557
1.908397
3.595420
6.610687
7.679389
5.435114
5.267176
0.847328
6.595420
5.251908
3.839695
5.305344
6.824428
10.938931
8.557252
5.274809
3.854962
8.717557
9.450381
9.190840
8.679389
9.946565
7.687023
9.984733
7.030534
7.290076
9.641221
9.885496
7.541985
4.633588
7.702290
7.969466
7.312977
9.931297
8.618320
9.564885
8.488549
7.114504
8.801527
8.900764
9.320611
7.244275
9.053435
11.045801
13.251908
12.137404
8.900764
13.061069
6.877862
9.824428
7.160306
2.610687
6.458015
2.473282
0.068702
-2.595420
0.938931
0.961832
0.099237
-2.122137
1.679389
-2.290076
-1.877863
0.824427
0.320611
0.625954
-3.267176
-6.007634
-1.549618
-1.961832
-4.259542
-5.267176
-2.007634
-6.114504
-4.946565
-2.687023
-4.786260
-5.496183
-6.938931
-4.763359
-8.412213
-5.603054
-6.618320
-1.839695
-9.396947
-5.664122
-5.549618
-4.274809
-2.412214
-6.320611
-6.961832
-4.099236
-6.106870
-5.587786
-5.687023
-7.816794
-4.961832
-7.595420
-5.641222
-8.251908
-4.106870
-7.297710
-9.656488
-3.496183
-13.221375
-3.656489
-8.145039
-12.992367
-4.572519
-11.061069
-9.122137
-5.824428
-9.213740
-7.801527
-13.648855
-1.152672
-12.297709
-4.221374
-9.717557
-3.267176
-15.740458
-2.893130
-14.076336
-11.687023
-1.404580
-9.114504
-2.083969
-7.038168
-8.312977
-3.404580
-3.541985
-3.167939
-2.480916
-2.641221
-7.335878
-3.870229
-2.282443
-7.114504
-9.404580
-4.198473
-2.129771
-2.053435
-10.641221
-0.786260
-6.106870
-1.625954
-5.106870
1.900763
-3.923664
-8.893129
-3.419847
-1.183206
-2.312977
-3.816794
-3.679389
-2.511450
-1.862595
-4.625954
-4.465649
-3.328244
-0.595420
-2.404580
-3.648855
-3.618321
-3.374046
-5.099236
-0.435115
0.717557
0.442748
-2.358779
-1.381679
-1.534351
-0.229008
0.343511
-0.053435
-0.290076
-2.496183
-2.404580
-0.145038
0.564885
-2.580153
-0.793893
3.053435
-1.572519
0.488550
2.053435
-1.129771
-2.725191
1.435115
1.984733
1.755725
-0.885496
-0.633588
-1.778626
-0.030534
-0.725191
-3.221374
2.274809
4.396946
0.503817
0.793893
-2.053435
2.954198
1.053435
3.809160
-2.625954
1.076336
-0.541985
-2.160305
5.931298
-5.763359
-0.923664
1.282443
2.015267
0.404580
-3.061069
4.320611
-0.022901
-0.755725
3.618321
3.908397
-5.091603
3.694656
-3.366412
3.297710
-5.541985
2.480916
-0.190840
-0.251908
-4.641222
0.595420
3.030534
2.854962
-2.511450
-1.389313
1.442748
0.717557
-1.412214
2.190840
2.282443
-0.007634
2.305344
-2.541985
2.664122
0.061069
-2.091603
-1.229008
0.152672
1.404580
-1.824427
2.145038
1.870229
-1.748092
0.633588
-3.480916
1.251908
-0.679389
-2.366412
1.335878
2.358779
-1.328244
0.641221
1.412214
2.916031
0.091603
-1.366412
0.832061
-1.511450
0.061069
0.106870
0.030534
-0.282443
-0.251908
1.167939
3.221374
4.061069
0.664122
3.923664
-3.068702
1.358779
2.229008
-0.038168
1.381679
-0.511450
2.076336
0.992366
4.374046
-2.442748
-1.343511
-2.213740
-0.282443
0.045802
-0.190840
4.519084
7.748092
7.374046
4.305344
8.954199
4.282443
6.259542
7.908397
9.221375
7.992366
10.496183
8.992367
13.694656
8.587787
11.961832
7.793893
13.236641
11.129771
13.732824
10.763359
10.206107
10.244275
11.404580
7.068702
6.587786
9.977099
10.015267
8.679389
9.091603
6.847328
11.603053
12.748092
8.770992
9.442748
4.923664
9.274809
9.389313
9.000000
11.801527
12.473283
10.870229
9.175572
6.335878
11.213740
12.671756
8.534351
10.427481
9.694656
12.671756
11.465649
8.938931
10.389313
9.419847
10.396947
9.740458
10.961832
13.122137
9.725191
8.557252
5.763359
11.732824
12.450381
10.259542
13.129771
9.656488
12.519084
10.045801
13.358779
5.931298
15.793893
12.977099
12.091603
12.068703
10.625955
14.488549
10.175572
15.465649
8.404580
15.297709
6.007634
10.702291
11.396947
5.435114
16.122137
3.351145
19.664122
5.793893
12.167939
6.496183
8.229008
15.847328
7.427481
15.496183
2.427481
15.916031
6.740458
12.633588
9.229008
9.458015
13.282443
4.778626
16.114504
4.175572
13.748092
7.312977
16.435114
13.374045
9.877863
13.862596
8.251908
8.587787
9.679389
12.587787
8.068703
10.793893
10.442748
10.809160
8.190840
9.702291
10.145039
10.770992
10.213740
8.702291
9.244275
11.549619
11.442748
8.816793
10.274809
8.877863
11.465649
14.961832
11.549619
9.419847
12.267176
7.145038
8.732824
12.320611
8.770992
15.709924
12.206107
12.198473
9.717557
9.503817
10.122137
12.022901
13.312977
12.076336
15.083969
11.969465
7.129771
5.183206
8.854961
15.770992
8.175572
16.030535
8.954199
9.801527
11.763359
13.351145
8.412213
12.122137
9.916031
13.847328
10.328244
10.206107
8.763359
9.007633
14.167939
10.007633
11.396947
12.763359
10.236641
9.129771
11.671756
9.938931
9.259542
11.541985
13.572519
13.534351
11.969465
13.297709
12.977099
11.282443
12.274809
8.045801
10.488549
9.664123
12.122137
8.343512
16.801527
9.511451
9.152672
11.022901
10.290076
13.610687
6.893130
9.511451
12.045801
10.435115
9.961832
12.000000
10.099236
12.106871
12.969465
14.732824
11.603053
14.229008
16.633587
10.847328
13.320611
9.671756
12.351145
10.847328
11.458015
11.748092
9.916031
14.129771
11.694656
11.572519
9.809160
10.145039
7.847328
6.984733
10.801527
9.244275
11.206107
6.870229
10.526717
8.328244
10.015267
7.580153
2.442748
1.633588
0.610687
2.488550
3.847328
4.206107
0.778626
2.190840
5.389313
-4.045802
-2.000000
-4.923664
-2.618321
-6.916030
-5.549618
-8.778625
-4.282443
-9.641221
-7.679389
-5.671756
-8.030535
-10.435115
-9.282443
-8.984733
-8.496183
-8.664123
-9.900764
-9.832061
-7.786260
-11.488549
-9.274809
-10.076336
-11.129771
-9.503817
-7.068702
-5.137404
-10.137404
-8.099236
-7.259542
-9.694656
-6.374046
-7.488550
-12.809160
-9.305344
-7.442748
-6.641222
-7.564886
-10.274809
-9.221375
-7.045802
-9.320611
-9.267176
-6.687023
-10.893129
-7.435114
-11.992367
-11.801527
-8.206107
-14.251908
-7.267176
-6.335878
-7.931298
-5.053435
-5.213740
-7.488550
-8.213740
-10.099236
-8.458015
-12.954199
-10.656488
-11.053435
-10.022901
-7.877862
-10.122137
-7.198473
-9.992367
-6.870229
-10.534351
-9.778625
-10.206107
-8.427481
-8.305344
-7.748092
-10.236641
-9.763359
-5.725191
-7.122138
-9.893129
-5.160306
-6.908397
-10.702291
-6.748092
-12.465649
-10.969465
-7.893130
-9.656488
-11.618320
-10.946565
-11.320611
-8.664123
-7.374046
-9.145039
-8.114504
-11.931297
-8.694656
-9.312977
-7.549618
-6.488550
-8.137404
-7.381680
-9.496183
-11.038168
-8.854961
-9.625955
-10.503817
-8.877863
-7.885496
-6.389313
-9.106871
-12.541985
-10.862596
-8.702291
-10.778625
-5.320611
-10.755725
-5.938931
-9.786260
-9.160305
-11.770992
-6.129771
-10.610687
-6.839694
-10.259542
-4.091603
-10.618320
-6.671756
-7.893130
-7.618320
-8.534351
-10.389313
-8.610687
-9.908397
-10.458015
-6.137404
-9.442748
-6.679389
-11.557252
-6.877862
-8.633588
-9.656488
-9.175572
-9.732824
-7.396946
-8.343512
-15.625955
-9.503817
-12.656488
-8.320611
-11.603053
-2.908397
-10.129771
-0.419847
-6.961832
-2.900763
-8.282443
-8.152672
1.129771
-10.251908
-2.587786
-1.786260
-2.183206
-0.198473
-3.229008
-5.122138
-4.946565
-0.259542
2.328244
-3.587786
1.496183
-0.167939
-1.381679
-2.458015
-0.076336
-0.496183
-2.404580
1.748092
-1.114504
-4.145038
0.694656
-3.572519
0.206107
-0.290076
-1.213740
-2.557252
-3.946565
-1.931298
-0.809160
2.000000
-2.549618
0.152672
-2.007634
-5.221374
0.778626
-0.709924
1.190840
0.335878
0.335878
-2.290076
-4.213740
-0.076336
-0.671756
1.404580
0.580153
0.473282
0.648855
3.687023
1.167939
-1.114504
-0.709924
-1.625954
-0.931298
2.312977
0.213740
4.053435
1.419847
0.045802
1.557252
-0.343511
1.427481
5.282443
1.916031
1.129771
-0.740458
2.389313
1.213740
4.145038
2.351145
3.595420
1.122137
2.824427
2.984733
1.671756
-1.549618
0.404580
-2.244275
-0.679389
0.801527
3.038168
-0.961832
1.297710
-1.114504
3.083969
-1.893130
0.587786
1.480916
0.824427
-0.877863
-2.038168
-0.625954
-0.916031
-0.664122
1.862595
2.465649
-0.190840
3.175573
-1.526718
-2.251908
0.496183
1.793893
-0.343511
-0.908397
-2.053435
2.564885
-1.587786
2.091603
-2.305344
-0.564885
2.442748
0.175573
0.603053
1.564885
0.862595
-0.595420
-0.251908
-0.839695
-0.061069
-0.351145
-0.679389
-0.687023
-4.122138
3.022901
0.137405
3.511450
0.633588
0.801527
-0.061069
-1.137405
1.839695
2.954198
-2.908397
-0.755725
0.541985
0.427481
0.702290
0.419847
2.809160
5.557252
-1.282443
2.251908
-0.274809
0.251908
-2.022901
-0.648855
2.603053
-0.969466
1.244275
-1.725191
2.122137
0.167939
1.832061
-1.984733
0.076336
0.854962
-1.312977
-0.778626
-1.946565
3.190840
0.374046
2.893130
-1.106870
3.030534
-0.801527
0.801527
2.396947
-1.603053
0.885496
0.190840
-1.931298
0.572519
4.167939
4.450382
2.068702
0.877863
3.496183
2.160305
-1.954198
-1.083969
-1.557252
6.488550
2.847328
0.793893
1.038168
5.702290
-1.297710
3.152672
0.175573
1.435115
3.458015
-2.305344
-0.870229
-1.007634
2.145038
2.160305
4.923664
5.068702
2.931298
-4.213740
-0.381679
0.114504
2.038168
4.694656
2.389313
-0.083969
0.198473
-2.259542
1.870229
0.442748
0.961832
3.603053
-1.198473
0.786260
5.183206
1.343511
2.687023
1.816794
1.694656
-0.305344
-2.038168
1.496183
-0.091603
-4.969466
1.450382
0.580153
-0.007634
1.122137
3.274809
1.778626
0.961832
4.832061
2.427481
4.236641
-0.061069
0.877863
2.442748
-3.809160
0.832061
-1.885496
0.328244
1.145038
1.763359
-0.877863
-1.091603
1.068702
2.122137
0.312977
1.167939
-1.022901
1.458015
3.610687
5.167939
1.419847
4.694656
3.290076
1.610687
2.267176
-1.076336
-5.320611
-2.122137
-0.091603
2.725191
0.748092
-0.083969
-1.595420
-1.183206
-2.664122
1.427481
0.274809
1.526718
1.648855
-1.587786
-0.923664
-1.389313
-1.114504
2.511450
-1.030534
-0.274809
2.641221
1.816794
1.129771
-0.488550
3.167939
1.328244
4.068702
-0.763359
2.083969
2.045802
2.679389
-2.229008
-1.755725
-2.740458
1.198473
0.320611
2.465649
0.351145
0.748092
-2.648855
2.641221
-1.633588
2.244275
1.259542
-3.748092
1.908397
0.610687
-1.389313
-0.923664
2.664122
0.167939
0.900763
3.519084
-0.030534
3.664122
-0.671756
-0.748092
-2.091603
0.786260
1.427481
-1.610687
1.381679
0.839695
1.122137
5.251908
-0.480916
-1.030534
-1.007634
1.671756
-3.862595
-5.740458
-0.824427
6.465649
5.236641
-0.519084
0.778626
3.977099
-0.717557
-2.572519
5.732824
-5.305344
2.702290
-2.259542
1.770992
-1.335878
-3.511450
2.488550
-3.259542
5.244275
3.862595
-4.083970
6.755725
-0.267176
5.992366
-5.229008
2.709924
2.114504
-2.312977
3.190840
2.076336
-0.992366
5.854962
-0.977099
-3.267176
-5.083970
3.877863
-4.847328
2.206107
3.679389
-3.229008
5.297710
-4.740458
2.656489
-0.816794
6.824428
-4.633588
7.015267
-3.435115
1.129771
5.007634
-8.213740
5.282443
-3.541985
-6.267176
3.465649
-8.152672
4.213740
-4.251908
4.183206
-4.351145
-0.022901
-0.229008
-0.206107
-2.709924
1.679389
-1.496183
-0.709924
2.526718
5.885496
2.343511
4.687023
-4.244275
-2.534351
5.167939
-3.061069
2.587786
-3.931298
-4.526718
-1.969466
-2.091603
0.969466
7.992366
4.671756
-4.633588
-0.053435
-1.053435
5.687023
3.480916
0.396947
1.564885
0.381679
-3.213740
3.282443
-1.213740
-0.152672
2.587786
-0.648855
1.648855
3.916031
-1.335878
0.267176
0.931298
-5.320611
-3.000000
-2.786260
-2.427481
4.213740
-4.969466
0.038168
1.847328
-1.366412
-4.114504
-1.656489
-0.709924
4.603054
-0.595420
-0.503817
3.885496
-0.305344
2.076336
-5.175572
1.862595
-3.511450
0.832061
4.954198
-1.671756
1.801527
2.099237
0.450382
2.748092
2.687023
1.083969
2.839695
2.687023
1.122137
3.870229
1.167939
1.297710
1.007634
6.854962
5.755725
5.755725
3.106870
2.274809
-4.274809
0.221374
6.465649
1.045802
6.557252
1.923664
0.343511
1.931298
0.992366
-0.137405
0.358779
0.664122
9.358779
-0.419847
6.007634
4.251908
3.374046
2.335878
3.091603
0.389313
4.954198
1.702290
0.885496
2.664122
-1.419847
3.145038
-2.664122
0.702290
-0.610687
-4.717557
1.893130
1.076336
2.938931
3.656489
3.122137
0.816794
-0.160305
-1.076336
-3.496183
1.732824
0.244275
1.977099
-1.885496
-2.007634
-2.320611
-3.725191
-6.335878
-3.503817
-1.664122
-2.587786
-2.877863
-0.793893
-3.687023
0.992366
2.595420
-2.702290
0.381679
4.274809
-3.152672
-3.694656
1.259542
1.549618
-4.366412
3.206107
-0.664122
-1.618321
-1.335878
0.000000
-0.076336
-0.229008
-0.694656
3.038168
-1.969466
0.167939
-1.312977
1.007634
-2.419847
-0.641221
-2.580153
7.679389
4.221374
-13.435115
3.885496
4.679389
-9.656488
-2.732824
8.725191
-10.885496
8.687023
6.442748
0.534351
-5.503817
-2.190840
1.946565
3.778626
-2.312977
-5.938931
3.770992
-0.007634
-1.328244
4.656488
2.969466
0.969466
-0.419847
-5.274809
-1.954198
2.251908
-4.793893
-1.572519
0.969466
0.580153
1.641221
3.091603
-1.954198
-5.511450
2.793893
6.511450
1.458015
-4.167939
0.099237
-4.145038
3.267176
5.778626
-0.320611
-5.145038
0.312977
7.061069
-3.511450
-3.954198
0.900763
6.770992
0.916031
-1.236641
1.702290
3.938931
1.488550
-4.931298
1.229008
6.625954
-1.137405
-7.633588
-2.687023
2.183206
4.259542
-0.290076
1.854962
3.053435
0.633588
0.702290
-1.778626
-0.770992
1.412214
0.938931
4.587786
0.045802
-0.496183
-1.122137
0.022901
1.687023
-1.694656
1.847328
4.656488
-2.412214
2.190840
4.793893
-0.091603
0.389313
-0.938931
4.648855
0.167939
1.221374
3.305344
1.778626
2.259542
5.625954
5.061069
3.549618
1.450382
-0.244275
0.702290
1.717557
4.480916
-0.809160
0.053435
-0.969466
-1.977099
-3.725191
-2.404580
1.091603
0.870229
-0.396947
-1.389313
-4.015267
-2.877863
-1.648855
1.351145
-2.702290
-2.053435
0.053435
-0.778626
-3.908397
-2.488550
-0.129771
1.748092
2.427481
-1.778626
5.068702
-0.595420
0.641221
4.770992
1.480916
4.549618
2.519084
-0.290076
-0.931298
0.603053
-0.091603
-0.656489
1.503817
1.312977
-0.366412
-3.076336
-1.786260
-0.045802
0.320611
0.137405
1.038168
1.435115
4.076336
-3.778626
1.213740
1.885496
1.091603
-2.229008
1.732824
0.068702
0.984733
1.595420
-1.656489
1.442748
1.557252
-2.671756
3.099237
3.167939
3.694656
6.885496
5.778626
-0.099237
7.442748
-0.053435
6.557252
7.404580
2.923664
4.496183
4.244275
1.374046
3.435115
1.977099
4.961832
0.854962
3.709924
1.671756
5.725191
5.198473
2.793893
11.297709
7.183206
3.198473
9.358779
7.427481
-0.404580
9.099236
5.358778
5.312977
5.778626
-3.587786
2.366412
5.198473
-2.839695
-2.885496
6.022901
1.244275
-1.717557
1.595420
-0.694656
3.206107
7.854962
0.679389
7.946565
1.419847
1.954198
0.358779
2.893130
1.335878
3.305344
1.396947
-1.290076
5.213740
-5.274809
1.221374
4.763359
-4.778626
4.381680
-1.770992
1.862595
-2.847328
3.648855
4.679389
4.213740
-6.725191
3.297710
-2.900763
2.854962
-3.641221
3.717557
0.320611
2.961832
-3.396947
1.595420
1.251908
-3.045802
1.198473
-2.702290
1.511450
-1.603053
1.564885
-0.175573
-1.511450
6.847328
-0.366412
0.267176
-1.198473
4.992366
-4.290076
3.167939
-2.030534
-4.053435
0.541985
-8.541985
2.175573
-1.175573
-1.160305
-0.923664
-3.282443
-4.404580
-0.564885
-0.694656
-10.702291
5.129771
-4.053435
-2.816794
1.687023
-3.641221
-1.977099
-1.251908
0.175573
-2.648855
1.648855
0.282443
0.404580
0.938931
-3.862595
2.587786
1.908397
-1.267176
1.778626
-3.664122
-2.702290
4.381680
-8.267176
1.618321
-6.274809
1.671756
-2.259542
3.580153
-5.045802
-0.435115
-4.778626
-1.641221
3.793893
-3.954198
4.709924
-0.900763
-4.068702
2.557252
-1.648855
-1.603053
2.374046
-3.198473
-0.015267
-2.290076
2.122137
5.709924
-0.091603
1.786260
4.083970
-3.343511
2.000000
-4.908397
3.305344
3.190840
0.641221
2.183206
0.984733
0.938931
-0.244275
6.465649
3.190840
2.160305
1.198473
-2.083969
4.671756
5.740458
3.167939
2.900763
-0.335878
2.641221
2.595420
2.992366
-0.030534
-0.030534
0.854962
2.290076
5.786260
5.167939
3.824427
5.251908
5.145038
-0.809160
-0.458015
6.946565
-0.351145
5.534351
-1.167939
3.206107
-1.549618
0.045802
1.969466
3.908397
-2.328244
1.870229
3.473282
2.702290
0.450382
0.541985
1.114504
1.786260
-0.679389
2.488550
0.847328
5.053435
1.603053
0.099237
2.541985
1.099237
1.664122
2.595420
-3.061069
0.183206
1.251908
2.687023
-1.603053
0.351145
0.709924
-3.740458
0.061069
-4.580153
-1.564885
-1.816794
-2.458015
1.137405
0.595420
-4.488550
-1.679389
2.480916
-3.946565
-0.435115
4.656488
0.366412
-1.625954
5.389313
-0.679389
0.778626
0.366412
-2.229008
1.022901
-0.007634
-0.129771
-3.404580
-1.190840
-0.877863
-3.977099
1.961832
0.145038
-6.061069
-2.641221
1.969466
-3.259542
4.458015
0.038168
-0.312977
-3.183206
-1.916031
8.687023
-9.816793
2.511450
-1.099237
-5.068702
2.702290
-0.938931
3.320611
-3.320611
-5.877862
-2.091603
1.061069
1.244275
-0.687023
2.335878
-1.328244
-1.954198
3.748092
-2.748092
-0.786260
-0.427481
0.526718
-3.404580
-0.351145
-2.442748
0.106870
1.687023
-0.083969
1.007634
2.450382
1.694656
-0.900763
0.748092
0.404580
2.541985
-2.946565
-3.702290
2.045802
-2.190840
-1.732824
-0.450382
-2.763359
-0.396947
-2.526718
0.641221
-1.580153
0.801527
0.167939
0.038168
2.007634
2.541985
0.511450
-2.511450
-1.984733
0.129771
0.267176
-1.503817
-0.641221
2.587786
-1.458015
1.114504
-2.351145
0.465649
-2.610687
-2.992366
-1.832061
-1.625954
-2.412214
1.404580
-2.809160
1.068702
1.618321
-0.229008
0.099237
-1.702290
0.458015
3.083969
-0.763359
1.732824
0.175573
-1.389313
1.267176
0.106870
-1.320611
1.480916
0.167939
-1.312977
0.389313
-1.091603
0.748092
0.221374
-2.603053
-0.213740
1.396947
1.328244
-2.061069
-1.923664
2.984733
-4.030534
0.641221
-0.824427
-0.778626
-1.793893
-1.587786
-2.068702
-1.190840
1.099237
-1.740458
1.435115
-1.641221
-4.595420
-2.450382
-4.763359
-0.664122
1.679389
-2.053435
-3.702290
0.564885
-4.167939
-0.381679
-1.496183
-4.351145
-3.969466
-1.984733
2.717557
1.687023
1.374046
3.702290
0.877863
4.442748
-2.083969
7.099236
0.694656
2.030534
-4.007634
4.091603
-2.557252
3.465649
-2.328244
2.267176
-1.106870
-2.740458
6.541985
-4.488550
3.725191
-4.526718
1.251908
5.267176
1.656489
6.916030
-3.809160
1.221374
-3.694656
2.068702
-0.320611
-2.885496
3.519084
-0.572519
2.908397
1.038168
1.221374
3.732824
5.206107
6.099236
0.595420
1.007634
3.763359
-0.618321
0.885496
5.854962
2.221374
-1.893130
2.129771
3.465649
0.633588
6.427481
-0.465649
4.725191
-1.274809
3.572519
1.076336
0.755725
1.809160
0.664122
5.488550
-2.786260
-3.053435
5.908397
-1.885496
7.595420
-1.496183
5.290076
1.053435
-2.541985
4.748092
-1.000000
-0.725191
-4.511450
1.938931
3.954198
0.938931
-4.137404
-2.419847
5.129771
4.114504
-0.870229
1.740458
0.862595
-0.916031
-5.175572
-3.320611
2.931298
2.541985
4.732824
-0.099237
-2.030534
1.206107
0.603053
-1.549618
-0.320611
-1.190840
-2.106870
0.320611
-2.167939
0.732824
2.030534
0.206107
-1.030534
3.427481
2.641221
2.732824
1.625954
1.053435
-2.671756
-3.312977
-0.175573
0.297710
1.931298
-5.091603
5.969466
-2.145038
3.083969
-3.992366
6.496183
-0.458015
2.412214
4.984733
-4.450382
2.458015
-0.801527
0.450382
3.786260
-2.709924
2.664122
-2.480916
1.198473
-3.526718
3.763359
-0.282443
4.503817
0.961832
5.267176
1.160305
2.442748
-4.251908
4.931298
0.343511
6.007634
-0.763359
5.244275
-0.969466
3.893130
1.557252
7.809160
4.404580
5.740458
2.114504
9.503817
5.007634
3.587786
5.496183
5.786260
2.167939
7.274809
5.038168
6.847328
0.351145
-0.061069
2.534351
4.832061
4.847328
3.900763
2.671756
1.221374
0.816794
-0.610687
3.396947
1.000000
0.931298
1.786260
2.801527
-2.648855
3.274809
3.526718
8.045801
-2.381679
-0.068702
3.732824
3.137405
4.839694
-1.114504
4.679389
-3.694656
2.931298
-4.923664
5.496183
-1.564885
1.175573
-2.557252
1.748092
1.702290
-0.106870
3.740458
-3.381679
4.251908
-4.671756
1.419847
1.549618
0.061069
4.740458
7.068702
-4.259542
1.106870
-1.374046
0.770992
0.473282
-1.099237
0.137405
-3.358779
-0.366412
-3.702290
-1.022901
-3.015267
-2.648855
-1.450382
0.267176
-0.496183
-2.450382
-0.770992
0.534351
-1.358779
2.770992
-7.053435
3.419847
2.145038
0.236641
-6.496183
1.557252
-7.900764
2.648855
-7.442748
3.534351
-7.045802
1.847328
-2.015267
-5.893130
2.404580
-0.534351
1.030534
-1.755725
0.198473
-2.610687
-0.618321
1.541985
-1.099237
-1.267176
0.641221
0.977099
1.114504
-0.305344
0.519084
0.488550
2.938931
-0.061069
-2.580153
-1.671756
-2.076336
-3.809160
-0.335878
1.961832
-1.343511
0.954198
2.335878
-0.167939
-0.435115
-0.244275
2.572519
-1.251908
-0.511450
4.053435
2.465649
0.198473
-3.083969
0.511450
3.870229
3.442748
-3.305344
-0.061069
-2.702290
-1.572519
-2.251908
1.396947
0.473282
-4.015267
9.938931
-6.366412
-1.442748
0.832061
-0.770992
-0.099237
0.526718
-0.778626
-0.885496
-0.709924
-2.007634
0.916031
4.022901
3.198473
-1.580153
0.847328
-3.374046
2.908397
4.580153
2.419847
0.083969
-0.633588
3.099237
0.954198
-3.259542
-1.328244
3.351145
1.854962
2.801527
-1.618321
-3.931298
-0.259542
-1.282443
0.770992
3.335878
0.412214
0.259542
-0.908397
-0.908397
3.389313
-4.916030
3.458015
0.160305
4.702290
-2.572519
-0.877863
-0.312977
-3.740458
4.290076
1.687023
-3.206107
-1.702290
0.076336
-1.458015
-3.145038
-0.702290
-1.183206
1.984733
0.267176
2.770992
2.007634
-0.534351
0.358779
-1.412214
3.969466
1.610687
3.007634
7.816794
4.480916
7.251908
4.931298
4.389313
5.312977
6.786260
6.198473
3.396947
3.870229
1.175573
4.809160
6.419847
6.312977
7.419847
6.526718
5.938931
6.045802
6.564886
7.648855
7.335878
4.893130
6.427481
6.473282
6.786260
9.862596
7.129771
10.328244
3.435115
8.870229
2.671756
7.732824
2.717557
5.114504
10.496183
2.916031
5.977099
3.221374
7.480916
3.129771
8.687023
3.389313
4.763359
0.412214
0.633588
1.335878
4.335878
4.198473
1.442748
4.022901
2.282443
3.862595
-1.931298
6.603054
6.740458
5.122138
0.297710
1.526718
-3.152672
7.473282
1.732824
3.297710
5.633588
-1.396947
4.435114
4.488550
1.740458
4.656488
0.893130
1.862595
3.839695
1.396947
3.335878
3.946565
4.618320
2.725191
-0.854962
3.389313
1.030534
0.236641
1.709924
2.702290
3.641221
-0.549618
-0.755725
1.511450
-7.442748
7.763359
-6.557252
5.351145
-5.687023
-0.145038
0.000000
-2.000000
3.786260
6.328244
-4.954198
4.053435
0.442748
-1.885496
2.511450
-3.793893
-0.374046
-1.694656
1.961832
-2.893130
2.229008
1.748092
-2.977099
0.488550
2.625954
-2.511450
0.564885
1.366412
-0.984733
-2.190840
1.503817
-1.137405
-2.381679
2.755725
2.396947
4.442748
0.885496
1.396947
2.526718
-0.167939
0.274809
-1.671756
0.412214
3.122137
2.801527
1.572519
-1.541985
5.320611
-0.648855
2.916031
3.435115
2.389313
2.137405
4.122138
-1.015267
3.572519
3.473282
1.312977
1.030534
2.717557
-2.671756
-1.687023
1.977099
1.816794
-1.129771
3.809160
0.854962
2.083969
1.297710
3.587786
0.488550
-0.190840
2.114504
-1.587786
-1.030534
4.549618
2.709924
-0.893130
0.641221
2.984733
0.893130
5.503817
3.427481
2.664122
-0.213740
5.015267
2.587786
4.061069
1.977099
-2.198473
3.984733
1.687023
-1.931298
0.900763
-0.488550
3.465649
0.335878
0.198473
3.007634
4.099236
0.656489
-0.083969
4.717557
0.458015
3.381679
1.480916
4.030534
0.213740
0.267176
-2.458015
3.587786
-4.305344
6.229008
-3.145038
6.091603
-4.061069
5.816794
-1.435115
6.580153
7.717557
-1.755725
10.129771
4.465649
1.480916
6.694656
0.114504
7.183206
4.541985
4.198473
4.572519
7.045802
1.488550
6.885496
2.038168
4.290076
5.404580
-1.160305
4.099236
-2.129771
3.198473
4.244275
5.755725
6.099236
2.519084
2.755725
2.251908
4.236641
4.687023
5.740458
0.603053
0.587786
0.305344
-0.572519
3.725191
3.900763
4.290076
2.961832
6.671756
3.992366
5.900764
4.778626
1.297710
1.106870
-1.870229
6.442748
-1.328244
5.427481
3.030534
0.496183
0.694656
2.625954
3.137405
1.503817
0.465649
-2.183206
0.916031
3.083969
2.641221
3.137405
-2.145038
0.671756
0.923664
-0.152672
5.755725
4.625954
-0.809160
-0.244275
-1.595420
1.587786
-3.030534
-0.251908
-1.435115
-0.740458
-2.641221
0.770992
0.335878
-0.503817
0.106870
1.099237
0.671756
2.435115
3.183206
-2.015267
-1.648855
-0.633588
3.244275
-0.809160
-0.931298
0.267176
-0.511450
2.541985
1.351145
-0.198473
-0.824427
0.786260
-2.022901
-1.832061
-0.694656
-5.099236
-1.206107
-2.419847
-7.175572
-0.480916
-1.015267
-4.679389
-3.946565
-4.007634
-2.045802
0.793893
4.496183
-1.717557
-4.694656
-7.396946
-0.206107
1.282443
-3.335878
-6.870229
-1.671756
-0.473282
-6.480916
-3.282443
1.122137
2.358779
-3.977099
-3.564885
0.244275
-0.961832
-5.145038
-1.396947
2.839695
-0.977099
-2.473282
-1.305344
2.274809
1.366412
-1.671756
-3.977099
-1.954198
3.396947
-1.419847
-0.984733
0.839695
-1.366412
-3.862595
0.526718
2.961832
-2.381679
0.580153
-2.473282
-4.977099
2.458015
2.488550
-5.923664
-2.274809
-2.267176
1.076336
0.625954
-1.175573
-5.465649
-2.702290
0.450382
0.557252
-0.015267
-2.389313
0.183206
-5.137404
-4.916030
-5.961832
-1.969466
-5.847328
-3.702290
-9.549619
-4.038168
-3.557252
-9.916031
-5.259542
-7.687023
-5.389313
-2.801527
-6.404580
-7.824428
-8.977099
-4.908397
-8.389313
-4.412214
-7.572519
-8.122137
-9.312977
-4.923664
-9.793893
-3.946565
-6.068702
-5.351145
-6.236641
-5.877862
-6.335878
-4.122138
-8.557252
-8.687023
-5.335878
-7.000000
-6.351145
-8.618320
-7.305344
-5.030534
-4.763359
-6.832061
-9.603053
-8.450381
-5.770992
-5.740458
-6.061069
-8.809160
-8.053435
-4.351145
-7.938931
-9.198473
-4.717557
-4.816794
-8.969465
-8.236641
-4.335878
-5.870229
-8.328244
-1.740458
-3.305344
-5.885496
0.000000
-7.519084
-2.351145
-5.992366
-3.175573
-0.641221
-8.633588
-2.091603
-0.847328
-5.366412
-6.816794
1.839695
-1.832061
-4.015267
-2.236641
-4.206107
-3.900763
-3.595420
-2.000000
-3.519084
1.183206
-2.442748
-0.282443
-4.297710
5.366412
3.725191
-6.038168
1.267176
-0.770992
-4.000000
-1.427481
-3.274809
-0.916031
-3.206107
1.198473
-4.664122
-2.503817
0.885496
-5.083970
0.664122
2.465649
-6.305344
-0.885496
3.259542
-2.160305
0.122137
0.618321
0.854962
0.267176
-0.389313
3.778626
-2.160305
-3.244275
-1.748092
2.152672
1.809160
-0.282443
2.305344
3.931298
-3.038168
0.709924
-0.335878
3.488550
0.839695
-2.702290
1.236641
-3.511450
4.335878
-0.305344
0.893130
-1.885496
-0.625954
0.946565
0.381679
-0.213740
-1.290076
-2.862595
-0.030534
0.129771
1.114504
0.221374
-4.061069
-0.748092
3.000000
-5.778626
3.671756
0.587786
-1.832061
0.122137
-7.328244
3.290076
-3.297710
0.442748
0.778626
-2.083969
1.045802
-0.954198
-1.412214
3.862595
-3.877863
1.732824
-3.839695
-1.236641
-0.580153
-4.229008
-8.916031
-3.259542
-0.450382
2.900763
-7.099236
-4.824428
2.824427
-7.236641
-7.694656
6.679389
-14.007633
5.572519
-10.175572
-1.503817
-0.061069
-12.114504
-0.587786
-11.389313
-7.938931
-4.473282
2.687023
-0.145038
-7.198473
-5.877862
-4.381680
-11.099236
-7.358778
-5.465649
-7.389313
-6.061069
-6.793893
-5.030534
-5.778626
-7.167939
-8.633588
-3.206107
-5.870229
-3.893130
-6.251908
-3.961832
-6.992366
-3.656489
-5.167939
-4.900764
-6.106870
-7.595420
-2.099237
-3.015267
-7.839694
-5.358778
-3.709924
-6.083970
-7.335878
-7.099236
-4.160306
-7.160306
-7.862596
-4.259542
-7.053435
-4.870229
-4.549618
-3.572519
-7.137404
-4.442748
-3.610687
-5.267176
-5.854962
-5.290076
-7.129771
-9.480916
-8.167939
-6.145038
-7.954198
-7.427481
-7.374046
-4.717557
-5.633588
-7.534351
-6.091603
-9.633588
-3.328244
-7.076336
-7.435114
-6.618320
-4.809160
-7.511450
-5.244275
-3.030534
-1.938931
-2.580153
-0.129771
1.015267
-0.137405
0.282443
1.282443
0.343511
1.961832
3.427481
-1.175573
0.549618
-0.297710
-0.572519
2.412214
1.320611
1.351145
-0.816794
0.145038
-1.106870
0.206107
1.114504
0.022901
0.236641
0.389313
-1.282443
0.442748
-1.305344
2.984733
0.526718
-0.335878
-1.969466
-0.442748
1.015267
0.183206
-1.992366
-1.740458
-3.099237
1.809160
-1.000000
1.229008
1.343511
0.809160
0.122137
1.816794
-2.908397
-1.587786
-1.083969
2.229008
2.862595
-0.778626
-2.030534
2.480916
1.267176
-2.763359
1.893130
4.656488
-2.465649
6.610687
0.534351
-0.931298
-3.396947
2.580153
-1.259542
-1.381679
2.824427
-2.282443
7.374046
-2.297710
-0.335878
-2.839695
3.763359
-4.297710
4.053435
0.473282
3.351145
-1.702290
-1.282443
2.198473
5.633588
-1.702290
0.396947
4.358778
-3.114504
2.427481
-1.625954
1.557252
-3.030534
1.053435
3.458015
-0.541985
1.580153
-1.083969
-0.335878
-0.351145
1.091603
2.129771
3.160305
3.465649
3.725191
-1.450382
1.381679
2.343511
-0.908397
2.847328
5.335878
2.832061
2.610687
1.893130
1.000000
4.167939
4.145038
2.702290
-0.832061
-1.290076
3.274809
-0.679389
2.763359
5.076336
2.015267
2.961832
0.442748
4.664122
0.725191
3.137405
0.610687
0.572519
2.183206
-1.076336
-0.198473
0.832061
1.916031
2.687023
1.381679
0.679389
1.496183
2.076336
3.877863
0.190840
0.793893
2.465649
-0.091603
1.717557
0.793893
0.580153
-0.282443
1.572519
2.274809
5.061069
1.244275
-0.854962
-2.122137
-1.381679
-3.938931
0.412214
-0.290076
-0.206107
2.351145
2.351145
1.198473
-2.603053
0.580153
-1.503817
1.786260
-2.984733
-3.282443
2.458015
-4.931298
-1.809160
-7.809160
-5.641222
-5.656488
-3.687023
-7.274809
-4.732824
-7.427481
-7.587786
-3.312977
-6.412214
-7.984733
-4.755725
-3.496183
-4.396946
-5.557252
1.038168
-3.793893
-4.946565
-2.160305
-8.015267
-5.541985
-1.992366
-3.358779
-2.167939
-5.267176
-4.923664
-2.427481
-4.290076
-4.458015
-8.595420
-1.633588
-6.694656
-2.656489
-6.786260
-2.641221
-7.541985
-5.137404
-4.923664
-1.076336
-1.801527
-3.053435
-1.740458
-1.564885
-2.854962
-2.068702
-2.946565
-1.717557
-1.832061
-2.748092
-3.236641
-0.679389
-0.687023
0.305344
-2.229008
-0.083969
-2.061069
-1.259542
0.748092
1.526718
0.122137
-2.442748
-2.198473
0.786260
1.480916
3.099237
-1.931298
-1.396947
-3.740458
2.030534
-0.030534
-2.053435
-0.671756
0.229008
-3.198473
-1.068702
-0.137405
1.229008
-3.038168
1.687023
2.580153
3.030534
0.580153
1.206107
1.519084
-0.778626
0.190840
-6.167939
1.106870
1.519084
1.229008
0.625954
-0.213740
1.427481
1.412214
3.793893
-3.748092
3.374046
-1.389313
1.725191
0.816794
2.022901
1.893130
0.694656
1.061069
-1.259542
1.175573
4.007634
1.381679
2.297710
3.076336
2.183206
3.343511
5.038168
1.770992
2.717557
5.977099
7.931298
5.480916
8.755725
6.618320
7.725191
5.396946
7.068702
11.290076
-0.190840
6.480916
7.992366
6.694656
2.702290
6.229008
14.984733
6.839694
11.083969
5.488550
8.374045
4.282443
5.679389
6.625954
10.763359
10.503817
11.251908
8.595420
10.969465
8.893129
7.320611
5.297710
5.709924
2.862595
4.496183
3.519084
4.427481
-1.557252
2.465649
0.709924
1.511450
-1.335878
1.580153
4.007634
3.549618
4.343512
-2.022901
4.763359
-0.381679
1.068702
9.274809
-7.374046
4.862596
0.671756
0.091603
8.641221
3.145038
-6.839694
9.221375
-4.786260
1.916031
2.633588
-3.664122
7.786260
-5.534351
5.946565
5.633588
-6.877862
8.656488
-4.526718
0.404580
-2.610687
0.091603
-2.931298
-3.412214
7.694656
-3.312977
3.167939
-3.167939
6.320611
-5.053435
4.984733
-5.916030
8.198473
-8.091603
5.664122
-7.358778
5.267176
-4.694656
6.183206
-4.740458
4.977099
-3.847328
4.679389
-6.839694
2.778626
6.374046
-8.267176
4.206107
-4.778626
5.702290
-6.106870
2.793893
-0.511450
7.022901
-3.045802
4.534351
-2.534351
2.396947
-0.824427
1.183206
0.145038
-1.908397
-2.396947
6.267176
-6.106870
-1.450382
-0.488550
7.259542
-2.793893
6.557252
-4.954198
4.641222
-7.114504
4.175572
-6.854962
2.725191
-5.198473
2.786260
-4.824428
3.251908
-4.244275
5.969466
-7.183206
6.526718
-5.900764
6.847328
-6.572519
9.145039
-5.671756
3.748092
-7.671756
6.770992
-7.618320
8.587787
-3.236641
-4.145038
5.145038
-2.702290
4.091603
-4.007634
6.091603
-3.954198
5.954198
-5.152672
5.435114
-5.763359
3.450382
-6.839694
2.732824
3.061069
1.389313
1.793893
-1.320611
-2.580153
3.152672
0.328244
-0.580153
-3.335878
-1.022901
2.366412
3.389313
4.083970
0.076336
1.404580
-1.870229
3.022901
0.366412
-0.465649
-1.778626
-2.977099
-1.671756
3.625954
-0.458015
0.679389
-2.053435
-2.938931
-0.015267
1.656489
0.038168
-2.435115
-1.557252
-1.320611
1.694656
1.343511
1.106870
0.511450
0.603053
0.679389
0.961832
-2.206107
5.106870
0.679389
-3.160305
-3.801527
3.656489
2.122137
2.870229
0.740458
-0.679389
0.618321
3.938931
0.045802
-0.503817
0.068702
4.748092
-4.862596
2.007634
5.145038
3.572519
-1.702290
-0.038168
0.320611
-1.801527
-2.274809
2.198473
-2.213740
3.145038
4.282443
-0.251908
-1.129771
-3.419847
1.687023
3.381679
1.671756
-1.160305
1.931298
0.259542
-3.000000
1.328244
2.648855
-3.389313
-1.343511
1.877863
-2.725191
1.145038
-1.587786
-2.938931
0.061069
3.541985
2.351145
0.015267
0.442748
-3.175573
1.847328
0.786260
1.809160
-3.305344
-3.473282
1.206107
2.664122
2.274809
-0.648855
-5.007634
2.488550
0.442748
2.030534
4.000000
2.427481
-1.519084
-2.274809
1.877863
0.175573
-0.251908
1.022901
3.870229
1.305344
3.022901
-2.351145
-0.870229
0.801527
0.671756
-2.847328
-2.427481
-1.251908
0.129771
-0.908397
0.664122
0.511450
-0.969466
0.793893
-0.290076
1.068702
-1.923664
0.297710
0.748092
1.969466
0.190840
1.824427
0.358779
3.740458
3.870229
-1.167939
-2.160305
-1.679389
1.122137
-0.076336
-3.732824
1.000000
-1.755725
1.541985
1.442748
1.129771
0.938931
0.656489
3.679389
0.977099
0.396947
-0.122137
-1.213740
0.015267
0.770992
0.541985
-3.450382
0.229008
-1.427481
0.442748
2.725191
1.343511
1.030534
-0.030534
-1.366412
-1.435115
-1.465649
0.152672
0.183206
-1.022901
1.022901
1.679389
0.595420
4.961832
-1.534351
0.030534
-2.725191
-1.916031
1.748092
2.282443
4.923664
-1.259542
2.419847
-0.007634
1.946565
-2.748092
1.625954
0.290076
2.755725
0.992366
-3.335878
1.129771
4.488550
-0.900763
-0.702290
0.908397
0.015267
3.190840
-1.305344
-1.190840
2.618321
-1.435115
0.038168
-0.603053
0.374046
2.106870
0.854962
1.099237
1.908397
-0.221374
3.755725
-0.648855
2.045802
0.442748
-2.076336
-1.610687
-2.061069
0.984733
0.954198
0.839695
-1.000000
-0.305344
-0.587786
1.954198
-1.816794
3.106870
1.893130
0.687023
3.015267
2.465649
1.534351
1.145038
0.969466
2.656489
4.732824
1.419847
0.564885
0.366412
0.793893
-5.519084
2.671756
-0.198473
1.083969
1.580153
-0.877863
-1.854962
1.419847
2.984733
-0.549618
2.748092
-1.183206
-0.709924
1.259542
1.625954
-0.740458
0.030534
-0.633588
0.816794
1.442748
0.358779
1.793893
-1.068702
-3.305344
-0.671756
1.366412
3.572519
-0.290076
1.038168
-1.152672
-1.740458
2.305344
-1.572519
-2.190840
0.290076
0.793893
0.473282
1.648855
1.610687
0.000000
-2.732824
0.900763
-1.374046
3.908397
0.534351
3.366412
-2.832061
-0.908397
1.816794
0.229008
-0.587786
-1.694656
-1.061069
1.679389
3.511450
5.091603
-0.526718
-1.503817
-0.114504
-0.793893
1.091603
2.061069
2.419847
1.862595
4.496183
1.007634
-0.030534
-0.793893
-0.152672
-1.045802
4.114504
1.717557
0.160305
3.030534
-0.259542
0.358779
1.549618
-0.206107
-1.923664
-0.106870
-0.656489
0.396947
-1.129771
0.564885
0.740458
0.175573
0.641221
1.587786
-0.679389
-1.160305
-3.450382
-2.229008
-0.961832
-1.679389
-1.671756
-3.389313
-5.687023
-4.404580
-8.076336
-5.030534
-4.458015
-1.465649
-1.923664
-1.396947
-2.412214
-1.900763
-0.458015
2.473282
0.931298
3.503817
6.175572
6.954198
8.709924
8.458015
11.396947
10.480916
9.152672
9.267176
7.870229
9.923664
10.679389
4.419847
3.824427
1.770992
7.328244
10.931297
5.396946
1.358779
3.038168
4.435114
1.778626
2.618321
3.351145
-1.549618
-2.786260
0.893130
3.404580
-0.641221
-1.770992
-3.870229
-3.045802
-0.328244
-1.786260
-2.015267
-2.839695
-5.870229
-2.175573
-0.145038
-3.267176
-2.610687
-3.061069
-8.099236
-2.198473
-4.068702
-1.129771
-4.206107
-7.580153
-0.618321
-2.946565
-4.015267
-3.374046
-3.671756
0.435115
-0.083969
-4.022901
-7.778626
-4.053435
0.473282
2.145038
-1.366412
1.076336
-0.648855
-2.923664
0.374046
1.297710
1.274809
2.160305
2.748092
-0.251908
-1.381679
-0.580153
1.312977
1.511450
4.221374
1.671756
2.236641
0.396947
-1.396947
0.862595
1.786260
4.335878
3.091603
2.580153
1.251908
5.122138
2.694656
-0.740458
3.099237
1.778626
1.801527
-0.458015
2.198473
0.847328
1.343511
3.404580
0.717557
5.343512
1.175573
-0.618321
-2.083969
-2.068702
0.175573
-0.083969
2.129771
-0.297710
0.587786
-4.969466
3.908397
-0.358779
1.541985
0.717557
-0.419847
2.503817
1.610687
-0.122137
-1.984733
2.083969
-2.099237
-1.038168
0.068702
-1.290076
2.206107
0.137405
-2.229008
-1.679389
1.641221
-0.938931
-0.183206
-0.511450
3.954198
-1.503817
2.778626
-0.099237
3.137405
2.389313
2.435115
-1.847328
3.679389
-0.213740
2.671756
-3.206107
4.251908
-1.038168
2.419847
2.679389
1.274809
2.099237
-2.679389
1.435115
0.022901
-0.824427
2.809160
0.396947
-0.106870
0.648855
1.732824
0.595420
2.183206
3.030534
4.419847
-0.145038
0.610687
3.557252
-1.480916
0.801527
2.946565
3.381679
-0.687023
-0.801527
2.267176
1.030534
-2.022901
1.251908
0.221374
1.122137
-0.473282
2.488550
-0.343511
-1.564885
-1.328244
0.152672
-1.396947
-3.160305
1.450382
0.687023
0.572519
-2.229008
-0.213740
2.549618
3.893130
-3.564885
1.564885
-1.648855
-2.458015
-1.404580
-0.648855
1.351145
1.106870
0.916031
1.770992
0.709924
-0.763359
-2.244275
1.465649
0.587786
3.320611
0.900763
0.870229
-1.167939
-0.503817
2.030534
1.885496
0.106870
0.984733
0.916031
2.641221
4.541985
1.442748
2.183206
2.190840
1.213740
2.068702
1.740458
1.236641
0.076336
0.893130
1.244275
-2.572519
-0.473282
2.190840
-0.534351
-1.641221
-1.931298
1.358779
3.633588
0.725191
0.580153
0.725191
-0.755725
-0.633588
-1.290076
3.587786
0.824427
5.381680
1.022901
1.007634
0.549618
-1.809160
0.122137
0.442748
3.511450
-1.541985
3.465649
0.618321
3.297710
1.763359
1.732824
-4.610687
-0.893130
1.816794
-4.076336
0.404580
-0.450382
3.122137
0.732824
2.908397
-0.320611
1.770992
-1.954198
0.694656
-0.618321
-0.099237
-0.007634
1.893130
-0.572519
0.076336
0.374046
-2.030534
3.206107
2.458015
1.839695
3.312977
2.519084
4.320611
0.076336
-1.816794
-0.473282
-1.572519
-0.221374
-0.847328
-1.526718
-2.923664
-0.946565
-0.053435
2.030534
0.030534
0.748092
-1.374046
-4.213740
-1.152672
-1.167939
0.931298
-0.709924
1.564885
1.625954
1.984733
0.152672
3.526718
-1.931298
0.488550
-3.053435
-0.603053
2.145038
3.702290
1.503817
3.412214
2.236641
5.000000
0.900763
0.267176
0.022901
-2.465649
-3.160305
-0.389313
1.366412
0.282443
0.167939
0.145038
1.015267
1.259542
-1.946565
0.870229
0.946565
0.671756
1.061069
0.541985
-2.015267
2.755725
5.152672
0.328244
-0.648855
-2.152672
-0.435115
1.587786
3.557252
-0.335878
-2.328244
-0.122137
0.061069
-0.954198
-0.511450
0.954198
1.274809
3.580153
-0.366412
2.870229
-0.251908
0.671756
-2.412214
0.541985
-1.748092
-3.427481
0.312977
1.488550
3.015267
2.541985
0.793893
-0.267176
-0.328244
-2.381679
-2.366412
-1.099237
-1.267176
-1.068702
2.671756
1.076336
1.053435
0.931298
-0.145038
0.022901
-1.213740
-0.687023
-1.312977
1.473282
3.030534
1.893130
0.396947
-1.091603
-0.343511
0.992366
1.206107
-0.274809
0.091603
-6.290076
-3.129771
1.099237
2.648855
2.122137
4.221374
1.129771
1.244275
-1.610687
0.938931
0.358779
1.885496
-0.465649
4.793893
3.183206
0.229008
-0.229008
0.106870
1.229008
-3.595420
-0.099237
1.106870
4.595420
-1.412214
-0.923664
-1.381679
1.160305
-0.633588
2.221374
0.832061
1.793893
-0.946565
-3.206107
-2.137405
2.053435
1.603053
1.549618
1.824427
-1.213740
0.305344
3.893130
-0.099237
-1.732824
-2.503817
-0.648855
0.015267
0.106870
1.633588
3.946565
0.603053
-1.656489
3.916031
6.580153
-0.374046
0.274809
-0.244275
1.893130
1.603053
3.206107
-0.847328
-0.152672
0.916031
-2.221374
1.000000
-0.664122
-1.381679
3.854962
0.954198
-2.068702
-0.320611
0.030534
-1.229008
3.167939
0.106870
1.167939
-0.442748
-2.160305
-2.320611
3.435115
2.946565
0.404580
2.755725
-3.709924
0.778626
1.213740
1.236641
0.916031
7.244275
-0.007634
1.603053
-0.992366
2.557252
-0.931298
1.610687
-1.679389
1.641221
0.145038
0.801527
-0.274809
1.664122
-1.068702
3.473282
-1.465649
-0.847328
1.206107
-1.427481
-1.435115
1.824427
-0.190840
-2.076336
1.061069
-1.045802
3.412214
-2.213740
0.282443
-1.038168
0.091603
1.908397
1.167939
-1.328244
1.534351
-1.755725
0.778626
3.541985
1.190840
0.122137
2.870229
-0.221374
0.290076
2.229008
3.083969
-0.900763
4.725191
2.824427
-1.290076
0.725191
1.259542
1.236641
4.793893
1.381679
-1.236641
-0.328244
2.473282
2.793893
2.412214
-1.099237
2.732824
2.740458
4.244275
6.015267
2.702290
3.145038
2.122137
4.763359
2.595420
3.679389
3.572519
-0.091603
4.137404
3.893130
0.106870
-2.114504
2.984733
2.282443
4.221374
4.061069
1.030534
5.801527
3.213740
7.656488
3.908397
4.625954
4.137404
4.664122
0.099237
2.122137
0.770992
1.687023
4.816794
3.595420
4.030534
4.732824
1.618321
1.320611
0.274809
0.206107
4.564886
1.496183
6.145038
5.618320
1.038168
5.213740
0.618321
-0.916031
0.480916
-1.106870
-0.519084
4.000000
2.664122
4.564886
3.106870
1.977099
-0.206107
-3.381679
1.068702
2.320611
3.877863
2.381679
4.000000
3.954198
1.633588
1.366412
2.328244
4.190840
1.839695
2.389313
-0.236641
-2.450382
1.916031
1.061069
-1.038168
-0.045802
1.244275
-1.229008
-3.259542
0.732824
0.435115
2.381679
-0.954198
1.778626
3.618321
-0.519084
2.488550
1.641221
0.633588
0.763359
0.763359
-0.022901
-1.870229
-0.816794
-0.091603
1.061069
-1.656489
-0.885496
0.748092
2.610687
0.954198
1.091603
0.396947
0.221374
-0.419847
-0.694656
0.213740
1.061069
-0.412214
-0.938931
2.282443
-1.297710
0.969466
-1.083969
-0.916031
0.671756
-1.572519
2.061069
1.091603
-0.717557
0.404580
-1.778626
-0.488550
0.969466
0.908397
-0.816794
1.587786
1.908397
1.030534
-0.938931
3.198473
0.480916
0.816794
-0.961832
-0.526718
1.435115
-2.000000
0.870229
2.083969
-0.572519
-0.358779
-1.755725
-4.656488
2.564885
-1.381679
-0.557252
0.282443
-0.938931
1.030534
-2.358779
-1.526718
4.068702
1.076336
-1.725191
1.908397
-0.954198
-1.862595
0.480916
-3.763359
-1.480916
1.801527
2.725191
-2.244275
-0.259542
0.305344
2.083969
-0.244275
1.030534
-1.603053
0.374046
-1.045802
-0.564885
-0.236641
1.290076
-0.206107
1.549618
-1.106870
0.290076
1.358779
-2.389313
-1.557252
-3.099237
2.900763
1.534351
0.801527
1.549618
3.190840
-0.908397
1.129771
3.603053
3.412214
1.427481
4.519084
2.870229
-0.328244
-1.030534
-1.351145
-0.564885
-2.442748
-1.992366
-2.916031
-1.847328
-1.763359
0.610687
-1.427481
-0.862595
2.267176
-3.748092
-0.534351
0.312977
0.763359
-0.198473
-0.725191
2.816794
-1.106870
2.870229
-1.259542
0.091603
4.083970
3.106870
2.580153
0.870229
0.473282
0.740458
-1.526718
2.305344
1.503817
-1.977099
0.488550
1.396947
0.091603
-1.984733
1.167939
0.625954
0.221374
-0.847328
-5.053435
-1.793893
-1.595420
0.053435
-1.335878
-1.366412
0.832061
1.923664
2.244275
-0.534351
0.557252
-4.610687
-5.847328
-2.251908
2.908397
-1.618321
1.702290
-3.068702
-1.030534
-2.885496
-2.473282
0.931298
-0.213740
2.885496
1.641221
-2.511450
0.358779
-0.541985
-0.114504
1.343511
-1.000000
0.694656
2.419847
4.610687
1.748092
-0.664122
-4.351145
1.015267
-0.870229
3.786260
3.068702
-1.702290
-1.389313
3.335878
-4.465649
3.587786
-2.320611
-0.763359
1.137405
-5.145038
4.656488
-0.068702
-3.152672
1.213740
1.740458
-3.381679
4.694656
2.954198
-5.824428
3.267176
3.335878
-4.328244
7.015267
2.954198
-2.900763
1.595420
-1.572519
6.496183
-2.778626
1.221374
1.664122
-3.419847
6.870229
-1.022901
1.106870
1.916031
2.687023
-4.175572
4.954198
-1.725191
-5.465649
-0.198473
4.549618
-0.374046
-0.473282
4.748092
-5.374046
-1.488550
5.916030
-2.885496
4.038168
2.458015
1.900763
-0.068702
-3.503817
3.885496
-4.015267
6.671756
-0.221374
1.954198
4.251908
-1.374046
8.442748
-3.603053
5.305344
9.366412
-1.274809
6.320611
2.053435
4.213740
2.717557
3.916031
5.511450
-0.984733
6.893130
4.564886
1.335878
9.404580
1.450382
10.335877
0.160305
10.709924
2.404580
8.564885
4.625954
12.603053
0.755725
9.519084
-2.083969
11.916031
-0.793893
6.732824
6.458015
5.610687
6.374046
1.312977
5.297710
0.832061
8.442748
1.954198
5.740458
2.908397
3.358779
1.297710
6.137404
4.106870
-2.114504
6.251908
-3.671756
2.969466
-1.022901
4.190840
0.870229
-0.152672
3.076336
-1.442748
-0.526718
0.603053
-1.167939
6.274809
-5.679389
5.946565
-5.977099
4.625954
0.954198
4.190840
-0.709924
3.022901
-3.244275
-3.122137
0.572519
-1.610687
3.625954
-0.358779
-3.740458
-2.053435
2.122137
-2.473282
5.938931
-3.938931
0.862595
-0.603053
-5.312977
2.709924
-4.374046
4.748092
-3.908397
1.282443
-0.076336
-0.832061
0.908397
-8.992367
4.633588
-6.213740
1.221374
-6.885496
1.328244
-0.763359
0.175573
0.381679
-5.732824
4.137404
-6.083970
2.809160
-3.618321
9.137404
-8.839695
2.030534
-6.305344
0.709924
-1.534351
-3.961832
4.648855
-9.167939
2.603053
-5.931298
0.022901
-5.305344
0.656489
-0.664122
-5.343512
1.083969
-5.137404
2.236641
-5.343512
0.923664
-7.053435
1.335878
-8.221375
2.648855
-6.229008
-1.740458
-2.671756
-3.404580
-0.610687
-7.366412
2.900763
-9.610687
0.099237
-6.335878
2.412214
-10.404580
2.419847
-9.099236
-0.679389
-5.885496
2.511450
-7.412214
-0.427481
-5.358778
-1.770992
-5.793893
-2.755725
-1.755725
-7.496183
-3.664122
1.007634
-6.656488
3.839695
-4.358778
0.694656
-5.694656
0.572519
-3.000000
0.832061
3.099237
-5.893130
-0.007634
0.137405
-0.931298
-2.984733
0.725191
0.099237
-3.076336
4.679389
1.671756
-5.053435
2.587786
-3.183206
4.809160
3.068702
-1.297710
-3.526718
0.419847
2.114504
-2.290076
7.648855
-2.664122
-0.114504
-4.091603
0.442748
-4.129771
1.351145
-1.129771
-2.015267
2.801527
-2.381679
-0.595420
3.740458
1.412214
-1.801527
1.190840
-0.122137
-0.732824
0.954198
0.534351
-1.625954
0.931298
0.740458
0.374046
-0.061069
-2.061069
0.969466
0.297710
3.763359
3.961832
-0.221374
-5.801527
4.450382
-2.122137
4.435114
-1.763359
0.717557
2.618321
-3.961832
7.236641
-4.992366
4.625954
0.351145
-1.099237
1.427481
3.465649
3.931298
-2.740458
-1.122137
2.480916
-2.022901
-0.816794
0.175573
-1.061069
3.549618
1.977099
3.000000
0.648855
3.526718
0.656489
1.175573
2.198473
-0.106870
-0.786260
2.053435
-2.213740
2.152672
1.610687
2.053435
0.732824
0.801527
0.992366
0.900763
0.183206
2.282443
-0.717557
6.045802
-2.358779
