41.250000
41.700001
41.250000
40.650002
40.800003
42.600002
40.650002
41.550003
40.950001
40.950001
41.550003
40.200001
40.950001
42.300003
40.350002
40.200001
42.300003
42.000000
41.550003
42.000000
40.950001
41.250000
41.250000
41.100002
42.000000
41.700001
39.900002
40.800003
41.100002
41.700001
41.700001
41.100002
40.800003
42.300003
42.600002
42.000000
40.350002
39.900002
42.000000
41.100002
41.250000
42.000000
41.850002
40.800003
41.850002
43.050003
41.100002
41.250000
39.150002
41.250000
42.600002
40.950001
42.750000
40.800003
41.700001
41.550003
42.000000
41.700001
40.950001
42.300003
41.700001
41.250000
41.100002
41.250000
40.650002
41.850002
41.850002
42.300003
40.950001
41.100002
41.700001
40.800003
42.000000
41.700001
43.650002
42.600002
43.200001
42.000000
42.000000
42.750000
42.300003
42.600002
43.200001
42.000000
42.600002
42.600002
43.200001
43.200001
42.300003
43.200001
42.600002
42.000000
43.350002
41.850002
43.050003
43.050003
42.600002
42.450001
42.450001
43.200001
41.850002
42.600002
43.200001
43.050003
43.050003
43.050003
42.600002
42.600002
42.450001
43.350002
44.100002
43.650002
43.200001
42.300003
42.600002
42.300003
41.250000
43.500000
43.200001
42.450001
43.650002
41.550003
42.450001
41.850002
42.600002
42.450001
42.600002
43.350002
42.300003
43.050003
42.450001
41.700001
42.750000
42.300003
41.550003
42.750000
43.050003
42.750000
42.450001
42.300003
41.700001
43.200001
42.600002
43.050003
42.750000
42.300003
43.050003
42.750000
41.550003
43.950001
43.950001
42.750000
43.500000
43.350002
43.200001
42.300003
43.950001
44.100002
42.750000
43.350002
42.000000
42.750000
42.450001
42.300003
42.000000
41.850002
42.450001
43.350002
43.650002
43.200001
41.550003
43.200001
43.350002
42.600002
43.050003
43.200001
43.200001
43.050003
42.000000
43.050003
43.200001
42.750000
42.450001
42.600002
43.500000
42.750000
43.650002
42.450001
43.050003
42.600002
41.250000
42.000000
43.050003
42.000000
42.600002
42.750000
41.850002
43.950001
42.750000
42.750000
42.750000
43.200001
41.700001
42.300003
41.850002
43.200001
43.650002
43.500000
42.600002
43.350002
42.450001
41.850002
41.550003
42.750000
42.750000
42.450001
42.450001
42.750000
40.950001
43.050003
43.350002
43.350002
43.200001
43.650002
41.850002
42.450001
43.950001
42.750000
43.200001
42.300003
41.850002
43.050003
42.000000
42.450001
42.600002
42.750000
42.600002
43.200001
43.500000
40.350002
43.350002
42.000000
42.300003
43.200001
42.000000
42.300003
43.050003
42.600002
43.650002
41.700001
42.450001
43.200001
44.100002
43.650002
43.500000
41.850002
41.700001
40.800003
42.300003
42.300003
43.350002
42.750000
41.850002
44.250000
43.500000
42.750000
42.300003
43.500000
42.600002
42.750000
42.750000
43.350002
43.500000
42.600002
43.200001
42.450001
42.750000
43.050003
42.450001
41.700001
43.950001
43.950001
42.000000
43.050003
42.600002
43.200001
43.350002
43.050003
43.200001
43.050003
43.050003
43.050003
42.600002
43.050003
43.650002
43.350002
42.750000
42.750000
42.300003
44.700001
43.650002
43.350002
43.650002
43.350002
42.600002
43.200001
43.350002
41.700001
43.650002
43.650002
43.650002
44.400002
42.750000
43.350002
43.200001
42.300003
43.350002
43.050003
43.950001
43.650002
43.950001
43.050003
43.650002
44.850002
44.250000
43.950001
43.050003
42.000000
43.050003
43.500000
44.250000
43.350002
42.300003
44.400002
44.700001
43.950001
43.500000
42.600002
45.300003
44.700001
44.100002
43.350002
43.350002
43.350002
43.200001
42.600002
43.500000
42.750000
43.950001
43.500000
43.500000
43.650002
44.100002
44.700001
43.200001
43.200001
43.050003
44.250000
43.650002
43.200001
43.650002
43.500000
44.100002
44.250000
43.500000
43.650002
43.500000
42.300003
43.350002
41.700001
43.350002
42.450001
43.500000
44.100002
43.050003
42.450001
44.400002
42.750000
42.750000
43.350002
44.250000
42.300003
43.200001
42.000000
43.950001
42.600002
43.350002
43.050003
42.750000
42.750000
42.450001
41.850002
43.500000
43.050003
42.600002
43.050003
43.350002
44.700001
41.850002
42.450001
42.300003
43.050003
43.950001
43.650002
42.750000
42.750000
43.200001
44.250000
43.500000
43.950001
43.950001
43.350002
42.600002
44.250000
42.750000
42.450001
42.300003
44.100002
43.350002
43.350002
43.500000
44.850002
44.250000
44.400002
44.700001
43.200001
44.100002
42.750000
44.100002
42.600002
43.650002
44.100002
44.700001
42.750000
43.950001
43.500000
44.400002
43.500000
44.400002
43.200001
43.950001
44.100002
43.650002
43.650002
43.350002
43.650002
43.950001
42.750000
43.050003
44.250000
42.600002
44.100002
43.200001
43.950001
44.100002
43.500000
43.500000
44.250000
45.000000
43.650002
43.650002
44.400002
44.400002
43.200001
43.050003
44.700001
44.100002
43.050003
43.350002
44.250000
43.500000
43.950001
44.250000
43.200001
41.100002
42.300003
41.700001
42.300003
42.750000
42.450001
43.950001
42.750000
42.750000
42.450001
44.100002
43.200001
44.400002
43.050003
43.650002
43.500000
43.650002
43.050003
43.200001
43.350002
43.200001
42.600002
44.400002
45.000000
44.250000
44.250000
43.950001
43.950001
42.600002
42.450001
42.300003
43.350002
42.750000
42.600002
43.650002
43.050003
43.050003
41.850002
43.200001
42.450001
42.300003
42.600002
43.200001
42.300003
43.200001
42.600002
44.250000
43.050003
42.300003
43.350002
43.950001
42.750000
42.750000
42.450001
43.500000
41.850002
43.950001
42.600002
44.100002
41.850002
43.500000
43.200001
44.400002
43.650002
44.100002
43.350002
43.350002
42.750000
43.950001
43.950001
42.750000
42.750000
43.650002
44.400002
43.950001
44.100002
43.500000
44.250000
44.100002
43.350002
44.700001
43.950001
44.100002
44.250000
45.600002
44.400002
43.650002
43.500000
43.950001
43.500000
44.100002
44.850002
44.100002
45.150002
44.250000
45.150002
43.500000
44.400002
44.250000
44.100002
44.850002
44.850002
44.250000
44.850002
44.700001
44.700001
45.150002
44.850002
43.650002
43.950001
44.700001
45.000000
44.250000
44.850002
44.100002
44.100002
44.250000
43.350002
43.200001
43.650002
42.000000
41.700001
42.300003
41.700001
41.700001
40.950001
40.650002
40.950001
40.650002
41.100002
39.300003
39.900002
37.500000
38.400002
37.950001
38.700001
38.550003
37.950001
37.950001
38.250000
37.050003
35.850002
37.050003
37.200001
37.050003
36.900002
37.500000
37.050003
37.500000
36.000000
36.000000
35.400002
35.850002
36.150002
35.400002
37.050003
35.250000
35.250000
34.950001
34.500000
35.250000
33.900002
33.450001
33.000000
32.850002
33.000000
34.500000
33.450001
32.700001
32.550003
33.300003
33.450001
34.200001
31.950001
31.950001
31.500002
33.450001
32.850002
31.350000
32.100002
32.550003
31.500002
31.500002
31.950001
31.800001
31.200001
30.600000
32.100002
30.900002
31.200001
29.550001
29.700001
28.800001
29.400002
30.600000
28.650002
29.700001
27.750002
28.800001
27.150002
26.400002
25.650002
24.900002
25.350000
24.150002
24.750002
24.750002
24.000000
24.450001
23.550001
21.600000
20.550001
21.600000
19.800001
20.100000
20.400002
19.500000
19.500000
18.300001
18.300001
16.650002
17.100000
16.500000
15.600000
16.350000
16.800001
15.150001
15.750001
15.000001
16.650002
15.150001
15.900001
14.400001
14.850000
15.750001
15.750001
16.050001
13.950001
16.350000
15.450001
16.050001
14.850000
15.000001
15.750001
15.000001
15.150001
14.400001
14.850000
16.050001
14.850000
14.700001
14.400001
15.000001
15.900001
13.650001
15.450001
14.400001
14.850000
14.700001
17.100000
15.000001
16.050001
15.750001
15.750001
14.400001
15.750001
15.450001
14.250001
15.750001
16.350000
15.750001
15.750001
16.350000
15.750001
16.650002
14.850000
15.150001
15.900001
15.750001
15.450001
15.900001
15.150001
15.450001
15.150001
15.450001
15.750001
15.750001
14.400001
16.650002
15.000001
16.050001
16.350000
15.900001
15.750001
17.100000
15.750001
16.500000
16.350000
16.050001
16.050001
15.750001
16.350000
15.450001
17.700001
15.750001
15.150001
16.050001
15.450001
15.450001
15.900001
18.000000
17.400002
17.550001
16.650002
17.550001
17.550001
16.650002
18.300001
18.150002
17.250000
19.500000
18.900002
19.650002
18.750000
19.800001
19.200001
19.950001
19.950001
20.850000
21.300001
22.500000
21.450001
21.300001
22.350000
23.100000
23.100000
23.850000
23.250000
23.550001
23.850000
26.100000
24.000000
26.250002
24.750002
24.900002
25.800001
24.900002
25.500002
25.200001
26.100000
26.250002
26.400002
26.550001
28.200001
27.150002
27.450001
28.050001
27.450001
27.450001
26.850000
28.950001
28.200001
28.050001
28.950001
28.050001
28.950001
28.050001
27.450001
30.300001
28.950001
30.900002
28.950001
30.450001
30.300001
30.300001
31.200001
31.350000
31.950001
31.050001
30.900002
32.550003
32.550003
32.100002
31.800001
32.850002
32.850002
32.550003
32.700001
33.600002
33.300003
33.450001
33.900002
33.750000
33.600002
33.300003
33.600002
32.700001
32.550003
34.200001
33.750000
33.750000
33.600002
33.900002
34.650002
35.100002
33.600002
33.750000
34.500000
35.250000
35.400002
34.950001
35.250000
34.650002
33.600002
34.200001
34.650002
35.850002
34.350002
35.400002
35.100002
35.400002
35.400002
35.550003
35.550003
36.150002
35.250000
35.850002
35.400002
35.100002
35.850002
36.750000
36.150002
36.300003
35.250000
35.550003
35.400002
36.000000
35.550003
36.150002
36.150002
35.100002
36.900002
35.100002
35.400002
34.650002
36.000000
37.050003
36.150002
36.000000
35.100002
35.400002
36.150002
35.100002
34.950001
35.250000
34.950001
35.400002
34.650002
35.100002
36.150002
35.400002
35.550003
35.250000
36.300003
36.000000
35.100002
36.900002
35.400002
36.150002
35.250000
36.600002
34.950001
37.200001
35.250000
36.000000
36.300003
34.950001
36.600002
35.250000
36.750000
36.150002
37.200001
36.600002
36.750000
36.600002
37.950001
36.000000
37.200001
36.600002
37.050003
36.300003
36.600002
37.200001
36.900002
37.050003
36.750000
37.800003
36.900002
37.800003
36.600002
35.400002
37.500000
36.150002
37.200001
36.750000
35.400002
36.000000
37.050003
36.300003
36.000000
34.950001
35.550003
35.100002
35.400002
34.500000
35.400002
34.350002
34.500000
34.350002
33.000000
34.200001
32.700001
32.850002
31.200001
32.850002
30.900002
31.500002
31.800001
30.600000
30.900002
29.400002
29.850000
30.450001
29.700001
29.250002
30.450001
28.200001
28.650002
28.950001
28.800001
28.650002
27.150002
27.300001
28.050001
28.500002
26.550001
27.750002
27.900002
25.650002
25.650002
25.350000
24.900002
24.900002
24.600000
23.550001
24.450001
24.150002
23.550001
22.950001
22.800001
21.600000
22.050001
21.150002
20.100000
19.050001
19.800001
20.400002
18.750000
19.050001
19.200001
18.450001
18.000000
18.300001
17.700001
17.700001
17.250000
16.350000
17.100000
17.100000
16.800001
15.450001
15.150001
16.050001
16.050001
15.750001
14.850000
14.400001
15.600000
15.900001
13.950001
13.950001
15.150001
15.600000
14.250001
15.000001
15.750001
14.250001
15.000001
13.050000
14.700001
14.100000
14.700001
15.750001
14.100000
14.400001
15.000001
14.400001
14.850000
13.050000
14.100000
13.650001
14.250001
14.100000
14.400001
14.250001
14.400001
14.100000
13.200001
14.400001
14.850000
13.950001
14.700001
13.950001
13.500001
14.700001
13.650001
13.200001
15.450001
14.250001
13.950001
13.500001
13.500001
13.650001
14.400001
12.300000
13.350000
13.350000
14.250001
13.350000
13.200001
13.200001
14.250001
13.950001
13.500001
13.500001
13.350000
13.050000
13.650001
14.100000
14.100000
13.200001
13.350000
13.500001
14.250001
13.200001
13.950001
13.200001
13.200001
13.350000
13.500001
14.250001
14.250001
12.750001
13.650001
14.100000
13.500001
14.700001
14.250001
14.400001
14.100000
14.700001
13.500001
15.450001
13.500001
12.750001
13.650001
14.100000
14.400001
14.400001
14.250001
14.700001
14.100000
14.700001
13.050000
13.950001
12.750001
14.100000
13.950001
12.750001
13.500001
13.650001
13.950001
13.650001
15.000001
14.250001
13.650001
12.300000
14.100000
13.950001
12.600000
12.600000
13.950001
14.250001
13.950001
13.200001
14.700001
13.500001
11.850000
13.200001
14.100000
13.950001
13.650001
13.500001
15.600000
14.400001
13.950001
13.050000
13.200001
13.050000
15.000001
13.200001
12.750001
13.050000
13.950001
13.200001
13.500001
13.500001
12.600000
13.050000
14.250001
13.950001
14.250001
13.650001
12.750001
13.200001
13.350000
14.700001
12.600000
14.250001
13.650001
14.700001
13.650001
13.950001
13.200001
12.600000
13.650001
13.200001
14.400001
13.950001
15.000001
13.350000
14.100000
13.500001
13.350000
14.100000
12.750001
13.650001
14.400001
13.050000
13.200001
15.000001
14.100000
13.350000
15.000001
13.350000
14.100000
13.500001
13.950001
13.650001
12.750001
13.950001
13.200001
13.050000
12.750001
13.350000
13.650001
13.650001
13.650001
13.350000
13.500001
12.600000
13.050000
12.300000
13.650001
13.350000
12.750001
13.050000
13.200001
13.350000
13.050000
13.200001
13.650001
13.050000
12.750001
13.650001
14.250001
13.200001
13.050000
13.650001
11.850000
14.250001
11.850000
11.550000
12.000000
13.050000
12.600000
12.600000
14.100000
12.600000
13.050000
13.350000
13.050000
11.850000
14.250001
12.750001
11.700001
12.450001
12.000000
12.300000
12.450001
12.300000
13.200001
12.300000
11.850000
13.350000
12.750001
11.400001
13.050000
11.550000
12.750001
12.300000
11.550000
13.050000
12.450001
12.300000
12.750001
13.500001
13.200001
12.300000
12.300000
13.050000
13.050000
12.000000
13.050000
12.000000
13.650001
12.600000
12.750001
14.100000
13.650001
12.750001
12.600000
14.250001
12.600000
14.250001
12.300000
12.000000
12.000000
13.200001
11.700001
14.400001
13.950001
13.200001
14.700001
12.750001
13.650001
12.450001
12.750001
13.650001
13.950001
13.650001
13.650001
14.850000
13.500001
14.700001
14.100000
14.100000
13.500001
14.400001
13.050000
14.850000
14.400001
15.000001
14.850000
14.700001
12.750001
14.400001
14.250001
13.950001
14.850000
13.500001
13.950001
13.950001
13.200001
14.250001
13.350000
15.150001
13.650001
13.500001
13.650001
14.400001
14.250001
14.250001
14.100000
15.150001
13.350000
13.650001
15.150001
13.350000
13.200001
14.850000
15.450001
14.400001
14.100000
13.050000
14.250001
14.250001
14.400001
13.050000
13.950001
13.650001
13.200001
13.350000
13.050000
13.650001
14.400001
13.950001
13.350000
13.500001
14.100000
15.450001
13.650001
14.100000
13.950001
13.650001
14.850000
15.600000
14.400001
13.200001
15.150001
14.400001
14.400001
14.100000
14.700001
13.950001
14.400001
13.950001
14.850000
14.250001
13.350000
12.750001
13.350000
14.700001
14.100000
13.500001
13.350000
13.350000
13.950001
12.750001
13.950001
13.200001
13.650001
13.650001
14.250001
13.650001
12.300000
13.050000
12.300000
13.350000
14.700001
12.750001
12.600000
12.750001
11.100000
13.500001
13.950001
12.750001
12.750001
13.350000
13.200001
13.350000
12.600000
13.200001
13.500001
13.200001
15.150001
14.250001
12.000000
13.200001
13.950001
13.650001
13.200001
13.200001
13.350000
13.350000
14.100000
11.550000
14.400001
14.100000
14.250001
13.200001
13.950001
13.200001
13.650001
13.650001
13.200001
14.400001
14.100000
13.650001
13.650001
13.350000
13.350000
14.700001
13.350000
13.650001
13.500001
14.100000
14.700001
14.700001
14.250001
13.350000
14.100000
15.450001
15.150001
14.100000
13.500001
14.400001
14.100000
14.400001
14.850000
13.350000
13.500001
13.500001
14.700001
14.850000
13.350000
13.950001
13.650001
14.700001
14.400001
12.000000
13.200001
14.700001
13.950001
13.350000
13.500001
13.200001
12.450001
13.200001
13.500001
14.250001
13.650001
12.000000
13.950001
14.850000
14.250001
13.350000
13.950001
13.650001
15.000001
13.650001
13.350000
13.950001
14.250001
13.350000
13.350000
14.100000
13.200001
13.500001
12.000000
13.350000
12.750001
13.050000
14.250001
12.450001
13.050000
13.500001
14.100000
13.650001
13.050000
12.750001
13.500001
13.200001
12.750001
12.000000
12.300000
12.750001
13.050000
13.650001
13.200001
12.300000
12.000000
12.750001
12.600000
13.200001
12.750001
13.950001
13.350000
13.200001
13.950001
13.650001
12.750001
12.450001
13.050000
13.500001
13.350000
14.250001
12.750001
14.100000
13.050000
13.500001
12.300000
13.950001
14.700001
13.950001
14.100000
13.200001
13.500001
13.200001
13.050000
13.500001
13.200001
12.600000
13.650001
13.500001
13.650001
14.400001
13.500001
14.250001
13.050000
14.100000
13.650001
13.200001
13.650001
13.950001
14.850000
13.650001
12.750001
13.200001
15.000001
14.400001
14.100000
14.700001
14.100000
13.500001
14.700001
13.050000
12.750001
12.600000
13.200001
14.850000
13.500001
13.950001
13.500001
13.500001
13.500001
13.050000
14.700001
14.250001
13.500001
13.500001
14.100000
13.500001
13.500001
13.200001
14.100000
13.050000
13.950001
13.350000
12.600000
13.950001
13.650001
13.350000
13.050000
13.350000
12.750001
13.950001
13.050000
13.500001
13.500001
13.650001
14.250001
14.100000
13.650001
14.850000
12.600000
13.500001
13.500001
14.250001
12.750001
13.950001
13.200001
13.500001
13.650001
13.050000
13.950001
12.600000
13.350000
13.950001
13.950001
12.450001
12.600000
13.650001
13.200001
13.500001
12.000000
12.750001
12.750001
13.650001
13.500001
11.850000
12.750001
13.050000
11.700001
12.300000
11.550000
11.700001
12.000000
12.750001
12.750001
12.450001
11.850000
11.400001
11.850000
12.300000
12.750001
11.700001
12.600000
11.100000
11.700001
12.450001
12.000000
12.000000
13.200001
13.050000
13.050000
13.350000
12.300000
13.500001
12.600000
12.000000
12.450001
11.700001
12.450001
12.000000
12.000000
11.100000
10.950001
12.450001
12.450001
12.600000
11.100000
11.550000
11.550000
11.100000
12.450001
11.700001
11.100000
11.550000
11.400001
9.750000
10.950001
11.700001
10.650001
10.650001
10.200001
10.350000
9.750000
10.800000
9.900001
10.350000
8.550000
10.050000
9.750000
9.150001
10.650001
9.300000
9.150001
7.950000
9.750000
9.300000
9.750000
9.900001
8.550000
8.550000
9.150001
8.700001
9.150001
9.900001
8.700001
10.200001
9.300000
10.350000
9.450001
11.550000
9.750000
10.800000
9.750000
10.950001
11.400001
10.950001
11.400001
12.600000
11.100000
11.400001
13.350000
11.100000
12.450001
12.750001
13.050000
12.300000
11.700001
12.600000
12.600000
12.300000
12.000000
10.800000
11.550000
11.850000
10.800000
10.200001
9.150001
11.700001
9.450001
9.300000
10.350000
10.800000
9.750000
8.700001
9.300000
9.750000
8.250000
8.400001
7.950000
9.150001
8.700001
8.550000
9.750000
8.400001
7.800000
7.950000
8.700001
9.300000
8.550000
7.800000
7.950000
8.550000
9.000000
8.550000
8.250000
7.650000
7.800000
8.250000
8.250000
7.650000
8.250000
8.250000
8.550000
8.250000
8.700001
8.250000
8.400001
9.000000
7.500000
7.950000
9.150001
8.400001
8.700001
9.000000
8.250000
8.400001
9.300000
8.400001
8.550000
8.550000
9.150001
10.650001
8.400001
10.200001
8.550000
9.000000
9.300000
8.250000
9.150001
9.000000
8.550000
8.250000
8.550000
7.950000
9.750000
9.300000
9.150001
10.050000
8.400001
8.250000
8.400001
9.750000
9.300000
8.250000
9.450001
9.300000
9.150001
7.800000
9.750000
9.300000
9.900001
9.750000
9.150001
9.750000
9.900001
10.650001
9.150001
8.700001
10.200001
9.150001
9.300000
8.700001
7.950000
10.200001
8.550000
8.250000
9.300000
8.700001
9.900001
9.900001
9.450001
9.450001
10.350000
9.300000
10.050000
9.750000
10.350000
9.750000
10.050000
9.300000
9.750000
9.000000
10.800000
10.650001
10.200001
10.050000
9.750000
10.050000
10.050000
10.200001
11.100000
9.450001
8.550000
9.000000
9.300000
10.200001
9.900001
9.900001
10.050000
9.450001
9.300000
9.300000
9.300000
9.450001
10.200001
9.450001
9.000000
8.400001
8.550000
9.450001
12.000000
9.450001
8.700001
8.700001
10.050000
10.050000
9.300000
9.000000
10.350000
9.750000
9.450001
9.450001
10.650001
8.400001
10.050000
9.450001
9.450001
8.700001
9.900001
9.150001
10.950001
10.050000
9.750000
9.900001
10.050000
8.700001
8.700001
8.550000
10.350000
10.050000
9.450001
9.450001
9.450001
9.150001
9.750000
9.150001
9.150001
8.700001
10.050000
9.450001
10.200001
9.750000
9.300000
10.200001
8.550000
8.400001
9.450001
8.400001
10.050000
10.050000
10.050000
9.300000
8.400001
9.750000
8.700001
9.150001
9.000000
9.300000
8.250000
8.550000
7.650000
8.550000
9.900001
7.650000
9.450001
7.950000
8.700001
8.400001
8.550000
8.250000
8.250000
7.950000
7.350000
9.150001
8.250000
9.900001
9.300000
8.400001
9.150001
9.450001
9.300000
9.000000
9.300000
9.750000
9.000000
8.250000
9.300000
9.900001
10.200001
9.750000
9.450001
10.200001
9.900001
9.900001
9.900001
9.900001
10.650001
10.650001
9.450001
10.650001
10.650001
10.050000
10.950001
10.800000
10.200001
10.050000
10.350000
8.550000
11.400001
9.000000
9.900001
10.200001
10.050000
9.150001
9.750000
10.950001
9.150001
9.900001
10.200001
8.550000
8.700001
9.750000
9.900001
10.350000
9.150001
10.200001
9.450001
10.350000
8.700001
8.250000
8.400001
10.200001
10.200001
8.400001
9.900001
8.700001
9.450001
10.650001
8.700001
8.700001
9.000000
7.950000
9.300000
9.300000
9.450001
7.800000
9.150001
8.700001
9.150001
9.150001
9.000000
8.250000
9.750000
8.700001
8.550000
9.150001
9.450001
9.450001
9.150001
9.450001
10.350000
9.450001
9.300000
9.300000
9.750000
10.200001
10.050000
9.900001
10.800000
10.050000
9.150001
10.350000
9.750000
9.900001
10.650001
9.900001
10.950001
10.050000
9.450001
9.150001
9.900001
9.450001
8.700001
9.000000
9.000000
8.400001
9.750000
9.750000
8.550000
9.150001
9.000000
9.450001
9.150001
9.900001
9.750000
10.200001
9.000000
8.700001
9.450001
9.000000
10.650001
9.900001
10.050000
9.450001
9.150001
9.750000
10.200001
9.450001
9.300000
10.200001
8.700001
9.150001
10.050000
8.400001
10.200001
9.000000
10.050000
9.900001
10.350000
10.050000
10.950001
10.800000
11.550000
11.700001
10.650001
10.950001
12.300000
12.300000
12.000000
11.700001
11.700001
12.000000
12.000000
12.300000
11.700001
13.200001
12.450001
11.700001
13.200001
13.050000
12.000000
12.000000
12.600000
11.850000
12.000000
12.300000
10.950001
11.700001
11.700001
11.550000
10.200001
11.550000
11.400001
11.550000
10.950001
10.800000
11.100000
11.700001
9.900001
10.650001
10.200001
9.750000
10.050000
10.650001
8.700001
8.250000
9.150001
8.400001
7.950000
10.200001
9.150001
9.000000
8.550000
9.150001
9.450001
8.700001
9.300000
7.800000
8.550000
7.950000
8.250000
9.150001
8.250000
7.800000
9.150001
8.250000
8.700001
9.000000
8.700001
9.300000
9.450001
9.150001
9.300000
8.700001
9.750000
9.000000
9.150001
10.650001
11.100000
10.950001
10.050000
9.450001
8.700001
9.450001
8.700001
8.250000
9.000000
9.750000
10.800000
9.150001
11.100000
9.900001
9.000000
8.400001
9.750000
10.650001
9.900001
8.400001
9.000000
10.350000
9.000000
10.200001
9.450001
10.050000
9.150001
9.000000
10.350000
9.750000
10.050000
10.350000
8.700001
9.000000
9.150001
10.950001
9.750000
10.350000
10.050000
9.900001
10.200001
9.900001
9.750000
9.900001
9.000000
9.450001
9.450001
9.900001
9.750000
10.200001
8.700001
9.150001
10.050000
9.150001
9.300000
8.700001
9.900001
9.300000
8.400001
8.550000
9.750000
10.200001
9.450001
10.650001
9.300000
9.750000
10.650001
10.200001
10.200001
9.450001
10.200001
9.450001
9.300000
10.800000
10.200001
9.900001
10.200001
10.050000
9.750000
10.650001
10.050000
10.650001
10.650001
9.750000
11.550000
10.650001
10.050000
10.800000
10.800000
10.200001
10.050000
10.350000
10.050000
10.050000
9.450001
10.950001
9.750000
10.050000
10.050000
10.200001
11.100000
10.800000
10.800000
11.400001
11.100000
10.950001
10.200001
9.750000
9.900001
9.750000
10.650001
10.650001
11.700001
10.950001
10.800000
11.400001
11.100000
10.950001
11.850000
11.400001
12.300000
12.600000
12.300000
11.850000
12.300000
11.850000
12.600000
13.050000
14.400001
12.450001
13.200001
13.650001
12.750001
13.500001
13.050000
13.650001
13.350000
14.250001
14.400001
14.700001
14.400001
15.900001
16.050001
15.750001
16.050001
16.650002
16.800001
19.200001
17.700001
17.400002
18.750000
19.200001
17.700001
18.750000
18.150002
17.250000
19.200001
20.100000
18.900002
18.150002
19.500000
20.550001
19.800001
19.950001
19.650002
19.200001
18.900002
19.650002
18.450001
19.650002
18.000000
18.750000
18.000000
17.700001
17.250000
17.400002
15.900001
15.750001
15.000001
14.850000
13.950001
13.650001
13.050000
13.200001
13.500001
14.250001
12.750001
11.400001
12.450001
12.300000
11.400001
12.000000
11.550000
12.600000
11.400001
10.350000
12.600000
11.100000
10.950001
11.400001
10.950001
12.000000
11.550000
10.350000
10.800000
11.550000
11.550000
11.850000
11.100000
13.350000
13.200001
11.850000
12.450001
13.050000
12.000000
13.650001
13.200001
14.100000
14.400001
15.450001
13.500001
13.950001
13.200001
13.950001
13.050000
12.750001
12.600000
13.500001
13.200001
12.450001
11.700001
12.300000
11.700001
12.300000
11.100000
11.850000
13.050000
12.750001
13.200001
12.450001
12.600000
11.550000
13.050000
11.550000
12.750001
14.100000
14.700001
13.350000
13.500001
14.100000
13.650001
13.050000
13.050000
13.200001
12.600000
13.050000
12.750001
13.200001
13.200001
12.300000
13.950001
13.350000
12.600000
13.500001
12.750001
13.650001
12.600000
13.950001
13.650001
13.500001
13.050000
13.950001
13.500001
13.050000
12.600000
14.100000
14.100000
13.650001
14.100000
13.200001
13.050000
14.250001
13.650001
13.650001
12.600000
12.450001
13.050000
15.450001
13.350000
13.200001
14.400001
14.700001
13.500001
13.950001
14.400001
12.450001
13.650001
12.600000
13.050000
13.350000
13.350000
13.200001
12.750001
13.350000
14.400001
13.050000
13.350000
13.200001
14.250001
13.050000
13.950001
14.400001
13.650001
14.100000
13.950001
14.100000
13.350000
12.450001
14.400001
13.950001
13.350000
14.250001
14.250001
14.700001
13.350000
13.500001
13.500001
14.850000
14.850000
13.050000
13.350000
14.250001
13.350000
13.950001
15.150001
14.100000
13.950001
14.100000
13.500001
13.350000
13.650001
13.650001
14.100000
13.950001
13.950001
13.050000
14.100000
14.100000
13.650001
14.100000
13.650001
14.850000
14.250001
13.350000
14.850000
15.000001
14.100000
13.500001
12.600000
13.650001
13.950001
15.600000
13.650001
14.250001
13.950001
14.700001
13.650001
14.400001
14.850000
15.600000
14.250001
14.400001
14.700001
13.500001
14.250001
12.600000
13.350000
13.500001
13.050000
12.600000
12.000000
12.600000
11.850000
9.450001
10.200001
9.750000
10.650001
9.300000
9.150001
10.050000
9.900001
10.200001
10.950001
9.750000
11.400001
11.700001
11.700001
13.050000
14.100000
12.600000
14.100000
13.500001
14.250001
14.250001
15.150001
14.850000
16.800001
16.500000
18.150002
17.100000
18.150002
17.700001
16.050001
16.650002
16.800001
17.550001
17.250000
17.400002
17.550001
15.150001
16.800001
14.400001
13.500001
14.100000
14.100000
14.250001
14.250001
11.550000
11.400001
12.450001
11.700001
11.100000
11.400001
10.950001
11.550000
11.100000
10.350000
12.450001
10.950001
12.600000
11.850000
13.650001
14.100000
14.250001
14.850000
15.750001
15.750001
18.450001
19.200001
18.900002
20.100000
22.500000
22.500000
23.550001
25.350000
25.650002
27.450001
32.250000
31.350000
32.100002
32.100002
32.700001
33.750000
33.750000
33.600002
34.500000
34.350002
34.650002
35.250000
35.850002
34.500000
35.100002
34.950001
35.250000
34.350002
34.950001
33.900002
32.700001
30.600000
31.500002
32.550003
30.450001
30.600000
30.150002
30.150002
28.650002
28.050001
24.000000
24.000000
22.350000
21.600000
20.400002
19.650002
19.800001
19.500000
19.050001
17.250000
15.600000
14.700001
14.250001
13.350000
11.550000
12.450001
11.700001
11.700001
10.950001
9.750000
9.300000
9.900001
10.800000
10.650001
12.300000
10.650001
10.650001
11.400001
11.550000
11.700001
12.750001
13.200001
13.350000
14.700001
14.700001
17.400002
16.800001
17.100000
18.150002
19.500000
22.050001
23.250000
23.850000
26.250002
25.650002
25.800001
27.900002
27.900002
28.500002
29.700001
33.450001
34.500000
34.650002
36.300003
37.050003
36.900002
37.950001
36.750000
39.150002
38.400002
42.450001
41.700001
42.450001
42.450001
43.050003
43.950001
43.200001
44.100002
43.050003
44.400002
43.650002
44.700001
43.350002
44.700001
44.400002
44.250000
44.250000
43.650002
43.500000
44.700001
44.250000
43.650002
43.950001
43.950001
44.100002
43.950001
43.500000
43.500000
43.650002
43.950001
42.600002
43.950001
43.050003
42.750000
43.350002
43.950001
43.200001
44.100002
43.950001
44.400002
44.400002
43.350002
42.300003
41.700001
42.000000
42.600002
41.100002
41.100002
40.650002
39.600002
36.750000
35.250000
33.750000
33.600002
32.100002
31.050001
30.300001
29.700001
27.900002
27.750002
23.100000
22.200001
20.700001
18.450001
19.800001
18.450001
17.700001
16.500000
17.100000
15.750001
10.950001
12.000000
10.350000
10.650001
9.900001
11.400001
10.200001
11.700001
11.700001
12.750001
12.600000
11.400001
12.300000
13.350000
14.100000
15.000001
17.100000
18.450001
19.800001
22.800001
28.950001
30.900002
32.850002
35.550003
36.750000
39.000000
41.700001
42.000000
43.050003
43.950001
44.100002
44.700001
43.650002
44.700001
43.500000
43.950001
42.750000
42.600002
44.250000
42.450001
37.650002
38.700001
37.650002
36.900002
35.100002
33.300003
33.300003
32.250000
31.200001
30.600000
24.900002
24.600000
23.700001
21.600000
22.200001
20.400002
20.100000
18.000000
17.100000
18.000000
13.500001
13.950001
13.500001
12.450001
11.100000
10.800000
11.850000
11.550000
10.800000
10.350000
12.450001
11.850000
12.000000
12.450001
12.300000
13.500001
14.700001
14.850000
16.500000
16.050001
15.150001
16.500000
16.350000
17.100000
17.250000
15.750001
16.650002
15.450001
14.850000
14.100000
12.300000
11.850000
10.650001
11.100000
11.100000
10.050000
10.200001
10.800000
10.350000
9.900001
11.550000
12.000000
11.700001
12.600000
13.050000
13.500001
13.500001
15.150001
14.100000
15.600000
19.050001
20.700001
21.450001
22.500000
23.100000
24.000000
25.500002
25.200001
26.100000
27.150002
30.900002
32.250000
32.550003
33.750000
36.150002
35.100002
36.300003
37.800003
38.400002
39.000000
41.550003
41.550003
42.450001
42.450001
43.050003
42.600002
43.500000
43.050003
43.950001
43.950001
44.100002
44.100002
44.250000
43.350002
43.200001
42.600002
42.300003
41.550003
41.100002
41.250000
38.550003
37.650002
36.750000
36.150002
34.950001
34.200001
33.750000
32.850002
32.100002
30.900002
26.400002
25.800001
24.000000
24.600000
22.800001
22.350000
21.600000
19.950001
19.950001
20.550001
16.650002
14.700001
14.250001
15.150001
12.450001
12.750001
12.300000
11.400001
11.850000
11.100000
10.650001
10.950001
10.650001
9.900001
9.300000
10.350000
9.150001
10.650001
10.650001
10.200001
12.000000
11.400001
11.400001
12.450001
12.600000
11.700001
12.300000
11.700001
12.750001
12.450001
11.400001
11.850000
12.300000
11.100000
11.400001
10.650001
12.000000
11.550000
10.950001
11.550000
10.650001
9.450001
10.200001
10.350000
11.100000
10.350000
10.650001
10.650001
11.100000
9.900001
10.650001
12.000000
11.550000
12.000000
10.950001
11.850000
12.600000
12.450001
11.700001
11.700001
11.850000
11.550000
13.200001
11.700001
12.450001
12.750001
13.350000
12.300000
13.500001
13.350000
14.250001
11.850000
12.600000
13.650001
13.350000
13.650001
13.500001
13.050000
13.950001
15.600000
15.000001
13.500001
13.950001
13.650001
15.450001
14.250001
14.400001
15.150001
13.200001
14.100000
14.250001
13.500001
14.250001
15.150001
14.400001
13.350000
14.100000
14.400001
13.950001
14.400001
14.850000
13.500001
14.700001
15.900001
14.850000
14.400001
15.150001
15.000001
14.400001
15.450001
14.250001
13.950001
15.000001
14.400001
14.400001
14.850000
13.500001
14.700001
14.400001
14.250001
13.350000
13.650001
13.350000
13.500001
13.500001
15.450001
14.700001
15.750001
14.250001
13.050000
13.500001
12.750001
13.200001
13.950001
12.750001
13.350000
13.500001
13.200001
13.350000
13.050000
12.300000
12.450001
13.050000
12.450001
12.600000
12.600000
12.600000
13.050000
12.600000
12.600000
12.750001
12.750001
13.050000
13.650001
12.450001
13.050000
11.550000
12.750001
12.300000
13.050000
12.300000
12.600000
13.050000
12.600000
12.300000
12.450001
12.000000
11.100000
11.100000
11.700001
11.400001
12.000000
12.000000
10.950001
11.100000
9.900001
10.950001
10.350000
10.350000
11.400001
11.400001
11.100000
10.950001
12.300000
10.950001
10.650001
10.950001
11.100000
11.550000
10.350000
11.100000
11.100000
11.550000
10.800000
11.850000
11.700001
10.650001
11.850000
10.200001
10.800000
10.800000
10.950001
11.700001
11.100000
12.300000
12.600000
12.750001
13.500001
12.450001
11.550000
12.300000
13.650001
13.350000
12.750001
12.750001
13.350000
13.200001
14.100000
13.950001
15.600000
14.700001
15.450001
16.050001
14.400001
15.600000
14.100000
15.150001
14.250001
14.400001
15.600000
16.050001
14.400001
15.600000
14.850000
16.050001
15.450001
14.700001
14.850000
15.000001
15.750001
15.000001
15.900001
16.050001
14.100000
15.900001
15.900001
15.450001
15.000001
15.450001
16.500000
14.400001
15.750001
15.000001
15.150001
15.450001
15.450001
16.050001
15.450001
16.050001
15.600000
14.850000
15.150001
14.400001
13.950001
14.700001
14.100000
14.850000
14.100000
14.400001
13.950001
14.250001
13.650001
12.600000
14.250001
13.200001
13.950001
13.950001
13.650001
13.350000
11.850000
13.200001
13.050000
12.000000
10.800000
11.550000
10.800000
11.700001
11.100000
10.350000
10.800000
10.950001
11.400001
11.100000
11.400001
10.650001
10.350000
10.200001
10.800000
11.400001
11.550000
10.950001
11.700001
13.200001
12.300000
12.000000
12.450001
12.450001
12.600000
12.450001
13.350000
13.950001
14.100000
15.750001
16.050001
14.400001
16.500000
16.500000
16.500000
16.350000
15.900001
19.200001
20.550001
19.050001
20.700001
20.400002
21.600000
22.050001
22.950001
22.500000
23.250000
25.350000
24.900002
25.500002
26.100000
25.500002
27.000002
25.650002
27.000002
26.850000
27.300001
27.000002
28.500002
28.650002
28.050001
29.400002
28.650002
27.750002
29.550001
30.600000
28.800001
31.500002
31.050001
31.500002
31.200001
31.950001
30.600000
31.800001
31.950001
32.550003
32.700001
33.300003
33.450001
33.900002
33.450001
34.950001
35.250000
32.250000
35.100002
33.900002
34.650002
34.350002
35.400002
34.350002
34.950001
35.850002
36.750000
35.550003
35.850002
36.900002
36.150002
35.100002
36.000000
35.850002
36.300003
35.100002
36.150002
37.500000
36.300003
35.550003
35.250000
36.150002
36.150002
34.650002
36.150002
36.300003
36.600002
36.300003
36.000000
36.600002
37.650002
35.850002
36.000000
36.300003
36.150002
37.200001
37.050003
36.300003
37.650002
36.900002
37.050003
37.200001
37.500000
37.650002
37.800003
37.200001
37.650002
37.200001
36.600002
36.600002
37.650002
37.200001
37.800003
38.550003
37.500000
36.900002
36.900002
36.900002
37.200001
37.950001
38.550003
37.050003
37.500000
38.250000
37.500000
37.500000
37.950001
37.950001
37.050003
38.400002
37.950001
36.900002
36.150002
36.900002
37.800003
37.200001
37.800003
36.150002
36.750000
36.750000
36.300003
35.400002
36.000000
36.300003
35.400002
35.100002
35.850002
35.850002
35.850002
34.650002
34.650002
34.350002
32.700001
32.850002
32.100002
33.300003
33.450001
33.300003
31.950001
33.450001
32.850002
32.850002
32.550003
31.950001
33.000000
32.250000
32.550003
32.850002
32.100002
32.250000
33.900002
32.550003
33.750000
33.000000
33.750000
33.900002
34.200001
34.350002
34.350002
33.900002
33.600002
35.100002
34.650002
34.200001
34.350002
35.100002
34.500000
35.550003
35.400002
35.100002
35.100002
36.600002
33.750000
36.000000
35.850002
37.500000
36.000000
36.750000
36.300003
37.650002
37.200001
37.500000
37.800003
38.250000
37.800003
37.950001
37.200001
37.050003
38.400002
37.650002
37.800003
38.400002
38.250000
37.950001
38.250000
39.300003
37.500000
38.250000
37.800003
38.550003
38.250000
40.050003
39.300003
39.300003
39.450001
39.300003
39.150002
39.150002
38.700001
39.600002
39.450001
40.350002
40.950001
41.550003
40.050003
41.700001
41.100002
40.200001
40.800003
41.250000
41.250000
41.100002
41.250000
42.300003
42.300003
43.500000
41.700001
41.100002
41.550003
40.650002
40.800003
40.200001
41.250000
40.800003
40.050003
40.650002
39.150002
39.000000
39.000000
38.700001
37.800003
36.750000
34.650002
35.550003
35.100002
34.500000
34.200001
34.500000
32.850002
32.850002
32.100002
28.650002
27.750002
27.450001
26.250002
26.400002
25.650002
24.750002
24.450001
24.150002
22.500000
20.550001
19.950001
19.650002
18.750000
18.300001
16.800001
17.100000
17.100000
16.350000
14.850000
15.900001
16.500000
16.350000
16.350000
16.800001
15.450001
15.000001
16.500000
15.750001
14.850000
16.050001
16.800001
15.600000
15.750001
16.500000
16.350000
15.900001
16.350000
15.450001
15.600000
15.900001
16.650002
16.050001
15.600000
16.350000
16.650002
16.800001
15.600000
15.450001
15.450001
14.400001
14.700001
15.000001
14.250001
15.600000
15.150001
14.850000
15.600000
14.400001
13.500001
16.500000
15.900001
15.150001
15.450001
15.750001
15.450001
15.150001
15.600000
15.600000
14.250001
15.600000
15.450001
15.750001
14.250001
15.600000
15.600000
14.250001
14.700001
14.850000
13.500001
15.450001
14.100000
14.400001
13.500001
15.000001
14.700001
15.750001
14.700001
15.450001
15.150001
15.000001
15.600000
15.000001
14.100000
14.700001
14.850000
13.950001
14.850000
14.700001
15.150001
13.650001
14.400001
15.150001
13.950001
14.400001
15.150001
13.950001
15.450001
14.400001
15.150001
16.050001
14.400001
15.450001
14.250001
14.850000
15.450001
14.400001
15.150001
14.400001
15.000001
14.100000
15.000001
15.000001
14.100000
15.600000
13.350000
14.100000
13.650001
15.000001
15.150001
14.700001
15.000001
15.600000
15.600000
14.850000
15.750001
16.050001
16.350000
15.150001
16.050001
15.750001
15.900001
16.650002
16.350000
17.400002
16.500000
16.350000
16.050001
18.750000
18.150002
16.650002
18.900002
18.750000
19.200001
18.450001
18.000000
18.300001
17.400002
18.000000
17.700001
17.250000
18.150002
18.150002
17.400002
18.000000
17.100000
17.400002
17.700001
16.500000
17.550001
16.800001
16.650002
16.350000
16.500000
16.650002
16.800001
16.800001
17.250000
17.550001
17.550001
16.350000
16.500000
17.700001
15.900001
17.700001
17.100000
17.400002
18.300001
16.500000
16.800001
17.250000
18.000000
17.400002
17.250000
17.100000
17.250000
19.050001
17.700001
18.300001
16.650002
18.000000
18.150002
18.300001
17.700001
18.300001
18.150002
17.250000
18.900002
18.450001
19.200001
18.150002
19.050001
19.050001
20.550001
20.400002
19.050001
19.950001
20.850000
19.500000
20.700001
19.950001
19.800001
19.200001
19.800001
19.200001
19.950001
20.400002
20.850000
19.650002
21.150002
22.050001
23.100000
22.500000
24.450001
23.550001
25.500002
26.550001
24.000000
26.100000
27.150002
30.450001
31.050001
31.200001
30.900002
29.850000
30.900002
31.200001
32.250000
31.500002
31.950001
31.500002
32.100002
29.850000
30.300001
29.850000
30.150002
28.800001
29.850000
29.550001
28.950001
25.800001
25.350000
24.750002
24.450001
23.700001
22.500000
21.750000
21.450001
22.200001
19.950001
18.300001
16.350000
16.650002
14.850000
16.650002
14.850000
15.600000
14.100000
13.650001
13.650001
11.550000
12.600000
11.400001
11.100000
12.450001
10.200001
13.050000
11.550000
12.000000
11.400001
12.000000
10.800000
10.050000
11.700001
11.100000
12.600000
12.300000
12.600000
11.550000
12.000000
11.700001
12.000000
12.450001
12.000000
11.550000
11.700001
13.200001
13.200001
11.850000
13.200001
12.600000
12.750001
13.350000
12.300000
12.300000
12.300000
12.300000
13.200001
13.500001
12.450001
13.200001
13.200001
14.100000
14.400001
15.900001
14.250001
14.400001
16.350000
15.750001
15.450001
16.350000
17.100000
16.800001
17.550001
17.550001
17.100000
17.550001
17.100000
17.100000
18.000000
17.100000
15.750001
17.250000
16.800001
16.800001
16.800001
15.900001
17.100000
17.700001
16.800001
17.100000
18.900002
17.700001
17.700001
17.700001
17.250000
17.250000
17.250000
18.900002
17.700001
18.300001
19.650002
18.900002
19.200001
19.950001
19.050001
19.200001
18.750000
20.100000
18.900002
19.650002
19.800001
19.200001
20.850000
18.450001
17.700001
19.050001
19.050001
18.900002
18.750000
18.000000
18.150002
17.250000
16.650002
17.400002
17.100000
18.000000
17.250000
17.250000
19.050001
20.400002
20.400002
21.150002
21.450001
22.500000
23.250000
24.750002
23.850000
26.550001
25.650002
29.400002
29.550001
30.450001
31.050001
29.550001
31.050001
32.100002
33.300003
32.550003
33.300003
33.000000
33.450001
34.650002
33.300003
33.600002
35.250000
34.350002
34.950001
34.650002
34.200001
33.900002
34.350002
34.650002
33.000000
33.600002
33.300003
33.750000
32.700001
32.550003
33.900002
33.000000
32.100002
31.200001
30.150002
31.350000
30.150002
30.600000
30.900002
30.300001
30.450001
28.500002
27.450001
27.900002
27.900002
27.450001
26.250002
25.500002
25.200001
25.200001
25.650002
24.000000
23.100000
22.350000
21.600000
23.100000
21.300001
20.850000
21.750000
20.550001
21.450001
18.000000
18.450001
18.150002
17.400002
18.000000
17.550001
17.250000
17.400002
15.600000
14.250001
13.200001
11.550000
11.700001
10.200001
9.900001
8.700001
9.750000
8.700001
8.250000
7.500000
3.750000
4.500000
4.950000
3.000000
3.900000
4.200000
3.900000
1.950000
3.000000
2.550000
2.700000
3.300000
1.650000
2.700000
2.100000
2.250000
3.750000
2.250000
3.600000
1.950000
3.000000
4.200000
5.700000
3.750000
3.600000
4.350000
3.450000
4.950000
3.900000
4.350000
5.850000
5.250000
5.700000
5.250000
6.900000
6.300000
5.850000
6.150000
6.300000
6.300000
7.650000
7.950000
7.350000
8.400001
8.250000
9.150001
7.500000
9.450001
9.000000
9.900001
9.000000
9.150001
9.750000
10.350000
8.400001
8.700001
10.350000
9.150001
9.000000
9.750000
9.900001
11.550000
9.900001
9.150001
8.700001
9.750000
10.200001
8.700001
9.750000
9.150001
10.650001
10.200001
11.100000
11.850000
10.800000
11.400001
10.950001
12.450001
12.600000
12.600000
14.100000
15.150001
14.700001
14.700001
16.350000
17.400002
16.350000
18.150002
18.000000
19.200001
22.350000
23.100000
23.700001
23.850000
25.350000
24.900002
24.750002
26.250002
26.550001
28.650002
32.700001
33.450001
33.450001
34.350002
35.850002
36.300003
35.550003
36.000000
38.250000
37.500000
37.500000
39.000000
38.400002
39.900002
39.000000
38.250000
38.400002
38.700001
38.400002
38.700001
38.700001
38.250000
37.650002
36.900002
37.200001
37.800003
37.050003
36.750000
37.800003
36.750000
36.750000
33.900002
33.900002
33.450001
31.200001
32.100002
31.350000
30.900002
30.600000
28.650002
26.250002
24.600000
23.850000
23.700001
23.100000
21.750000
22.800001
21.300001
19.500000
19.050001
15.600000
14.250001
12.450001
13.050000
14.250001
10.200001
10.950001
10.950001
9.900001
9.450001
6.750000
6.150000
6.900000
5.400000
5.700000
6.750000
6.000000
5.700000
6.750000
5.400000
5.400000
6.900000
7.800000
7.350000
8.550000
7.350000
9.300000
10.050000
10.800000
11.850000
13.350000
13.650001
13.950001
14.400001
15.900001
15.900001
15.900001
17.250000
18.150002
17.700001
20.850000
21.300001
22.050001
21.300001
23.850000
22.950001
25.350000
25.200001
25.800001
26.250002
28.650002
29.400002
29.400002
28.950001
28.950001
30.450001
31.200001
31.050001
32.100002
31.050001
31.800001
33.450001
32.700001
34.350002
34.650002
34.200001
36.000000
35.100002
36.150002
34.650002
36.900002
36.150002
37.050003
37.200001
38.250000
36.900002
37.950001
38.700001
38.250000
37.050003
38.550003
37.650002
37.200001
38.250000
39.150002
38.250000
39.600002
37.650002
39.600002
37.800003
39.000000
39.150002
39.600002
40.050003
39.300003
39.450001
39.150002
39.300003
39.450001
39.150002
40.800003
38.250000
40.050003
39.600002
39.450001
37.800003
38.700001
39.150002
38.700001
39.600002
40.350002
38.550003
39.450001
38.400002
38.400002
39.300003
39.450001
39.150002
38.550003
39.900002
39.900002
37.200001
38.550003
40.050003
39.150002
39.000000
37.650002
39.600002
38.700001
39.450001
39.600002
40.200001
39.450001
39.300003
39.900002
39.150002
40.350002
41.100002
39.150002
38.400002
40.650002
40.800003
39.900002
40.200001
40.650002
40.050003
40.800003
40.200001
40.650002
41.250000
41.550003
42.600002
40.950001
40.200001
41.550003
42.300003
42.300003
41.250000
41.250000
41.700001
42.000000
40.800003
41.550003
42.300003
41.700001
42.000000
42.600002
42.750000
42.600002
42.000000
41.850002
41.550003
41.700001
42.600002
43.050003
42.750000
41.700001
42.450001
42.000000
43.200001
42.450001
42.300003
42.000000
43.050003
41.700001
42.300003
41.100002
42.300003
41.100002
42.750000
41.550003
41.250000
42.000000
41.550003
42.300003
42.450001
41.700001
42.000000
41.700001
40.950001
40.950001
41.250000
40.650002
39.900002
40.050003
38.550003
39.450001
37.650002
38.550003
36.900002
33.750000
33.600002
32.100002
33.000000
30.600000
29.700001
29.250002
28.800001
27.300001
27.000002
22.500000
22.200001
19.950001
19.950001
18.150002
17.400002
17.550001
15.600000
16.350000
14.700001
12.300000
12.750001
10.350000
10.650001
9.300000
9.000000
10.650001
9.450001
9.300000
10.650001
8.550000
9.000000
9.750000
10.050000
9.750000
10.200001
11.100000
12.000000
12.300000
12.450001
15.750001
16.800001
17.100000
16.800001
17.250000
19.200001
19.800001
20.550001
20.550001
22.950001
27.150002
28.800001
28.950001
28.650002
30.900002
32.100002
32.100002
33.300003
33.600002
34.950001
39.450001
40.200001
40.350002
42.000000
42.000000
41.700001
42.450001
42.000000
43.500000
43.500000
45.750000
44.400002
44.250000
44.850002
44.850002
45.900002
45.600002
44.400002
44.250000
44.250000
41.700001
40.200001
40.350002
39.900002
40.200001
37.650002
37.800003
36.300003
36.600002
33.750000
29.550001
28.950001
27.450001
27.150002
25.500002
25.350000
25.200001
23.100000
22.500000
21.150002
17.400002
15.750001
14.400001
14.100000
14.700001
13.950001
12.600000
11.850000
13.350000
10.800000
10.050000
9.750000
8.400001
9.150001
8.400001
9.300000
10.350000
10.050000
9.300000
10.950001
12.450001
11.850000
12.300000
13.650001
14.100000
14.100000
16.500000
17.250000
16.050001
17.550001
21.600000
24.000000
25.500002
24.900002
27.000002
26.550001
28.200001
27.900002
29.850000
30.450001
37.050003
36.750000
38.250000
37.650002
39.300003
39.000000
41.250000
41.250000
41.700001
42.450001
43.650002
45.600002
45.300003
44.850002
46.650002
45.300003
45.600002
45.150002
45.300003
45.150002
42.450001
41.700001
42.300003
41.850002
40.800003
40.200001
38.700001
37.800003
37.800003
36.000000
31.800001
31.050001
28.950001
27.450001
27.150002
26.400002
26.550001
24.750002
24.000000
22.350000
16.800001
16.800001
15.900001
14.250001
13.950001
14.100000
14.100000
12.450001
11.550000
11.850000
9.750000
9.450001
9.150001
10.050000
8.400001
9.000000
9.000000
9.900001
9.300000
10.050000
12.750001
10.800000
13.200001
14.100000
15.000001
15.000001
16.050001
16.500000
17.100000
18.000000
23.550001
22.950001
23.850000
25.350000
27.450001
26.850000
28.500002
28.950001
29.400002
31.200001
33.900002
33.750000
34.200001
35.100002
35.400002
35.250000
35.250000
34.650002
35.100002
36.150002
33.600002
34.950001
33.750000
33.450001
34.200001
32.850002
31.950001
31.950001
30.150002
29.250002
23.850000
24.450001
22.500000
22.500000
20.100000
20.700001
19.800001
18.150002
17.400002
16.800001
13.200001
12.300000
11.100000
11.700001
10.650001
9.300000
9.450001
9.300000
8.700001
8.700001
8.700001
9.000000
6.600000
6.750000
6.750000
6.900000
7.500000
9.000000
8.400001
7.650000
12.000000
11.550000
12.000000
12.450001
14.100000
14.700001
14.100000
14.100000
15.900001
15.900001
20.550001
21.600000
22.350000
23.100000
24.600000
24.750002
25.650002
27.150002
26.850000
28.500002
31.350000
32.250000
33.300003
32.850002
34.950001
35.400002
35.250000
36.750000
36.750000
38.400002
39.300003
42.600002
41.700001
41.850002
43.050003
42.300003
43.200001
42.600002
43.350002
43.050003
44.100002
44.250000
44.250000
43.350002
44.250000
43.350002
43.050003
43.050003
43.200001
43.500000
40.950001
38.700001
39.150002
38.700001
39.150002
36.900002
37.500000
36.300003
35.250000
33.600002
30.900002
29.400002
28.950001
27.300001
26.100000
25.650002
24.150002
24.150002
22.350000
21.750000
18.000000
17.400002
16.350000
13.650001
14.250001
13.500001
13.050000
11.850000
11.550000
11.100000
9.750000
8.700001
8.550000
8.250000
6.750000
7.650000
6.300000
6.600000
8.550000
9.000000
9.750000
9.150001
7.950000
10.950001
11.100000
11.550000
11.850000
12.450001
13.500001
13.500001
18.000000
17.550001
19.200001
19.950001
19.950001
20.550001
21.750000
22.800001
23.550001
24.450001
27.750002
28.800001
30.300001
29.700001
30.150002
29.850000
33.000000
32.550003
32.250000
34.500000
34.200001
35.250000
36.150002
36.600002
36.000000
37.050003
36.900002
37.500000
37.650002
36.600002
37.800003
38.700001
38.700001
39.150002
38.700001
38.700001
39.000000
38.700001
39.150002
39.900002
39.900002
39.450001
40.350002
40.800003
39.450001
41.850002
41.250000
41.100002
40.800003
40.650002
41.550003
42.300003
41.700001
41.100002
42.600002
41.100002
41.250000
43.050003
42.300003
42.600002
42.300003
42.750000
42.450001
43.200001
43.950001
43.200001
42.300003
41.700001
41.550003
43.050003
43.350002
42.450001
42.450001
42.750000
41.700001
42.000000
41.550003
41.550003
42.750000
42.750000
41.550003
42.300003
41.850002
42.750000
41.850002
42.000000
42.600002
42.450001
42.750000
42.450001
42.000000
41.700001
40.950001
42.600002
42.000000
41.700001
40.800003
41.700001
42.000000
40.350002
41.850002
40.800003
41.850002
40.200001
41.700001
40.950001
41.700001
41.700001
40.800003
40.800003
41.850002
41.550003
41.100002
42.300003
41.550003
39.900002
41.700001
42.000000
42.300003
42.300003
42.000000
42.000000
41.550003
41.100002
41.100002
40.800003
40.650002
41.550003
41.250000
40.200001
42.000000
41.250000
40.050003
41.850002
40.950001
40.800003
40.800003
43.200001
40.950001
41.850002
40.950001
40.200001
41.100002
40.800003
41.100002
41.850002
40.350002
41.850002
40.650002
40.950001
41.700001
40.050003
40.800003
41.250000
40.650002
40.200001
41.100002
40.350002
40.950001
41.100002
40.350002
39.900002
39.300003
39.600002
38.400002
39.150002
39.300003
39.600002
39.900002
40.650002
39.000000
38.700001
39.450001
39.150002
38.700001
39.600002
40.050003
39.300003
40.650002
39.900002
38.400002
37.950001
39.450001
38.400002
39.900002
40.050003
39.300003
40.650002
39.900002
38.700001
39.900002
40.050003
40.200001
39.000000
40.200001
38.400002
39.300003
38.550003
39.600002
38.400002
38.250000
37.950001
37.950001
38.700001
37.950001
37.050003
37.200001
39.900002
38.400002
38.550003
38.250000
38.250000
38.400002
39.000000
37.950001
39.150002
39.000000
39.300003
37.950001
37.500000
37.650002
37.800003
38.550003
38.400002
38.550003
37.050003
36.750000
37.500000
37.200001
37.200001
37.050003
36.900002
36.300003
35.850002
35.850002
37.200001
36.300003
36.900002
37.050003
35.550003
36.600002
36.900002
36.000000
36.300003
36.150002
37.800003
34.950001
36.750000
36.300003
36.900002
35.100002
35.400002
35.100002
35.400002
35.250000
36.000000
33.900002
34.350002
34.500000
35.250000
34.350002
35.250000
34.650002
35.250000
34.200001
34.650002
36.000000
36.150002
34.500000
34.650002
35.550003
35.100002
34.650002
35.250000
35.100002
35.250000
33.300003
34.500000
34.200001
33.450001
35.250000
34.950001
35.100002
34.950001
33.300003
35.250000
34.350002
35.250000
34.950001
34.350002
35.250000
36.750000
34.650002
34.200001
34.950001
33.300003
34.350002
34.350002
33.750000
34.650002
35.850002
33.450001
34.200001
33.750000
33.750000
34.350002
35.100002
33.750000
34.200001
35.550003
33.450001
34.200001
34.500000
34.500000
35.100002
35.850002
34.950001
34.950001
33.450001
33.600002
35.100002
34.650002
34.350002
34.350002
34.200001
36.000000
34.500000
35.400002
35.100002
34.500000
36.000000
36.750000
34.500000
37.200001
35.850002
35.400002
34.350002
35.400002
36.000000
35.250000
35.850002
35.850002
35.250000
36.750000
36.000000
36.600002
35.250000
36.000000
35.250000
36.750000
35.550003
36.150002
35.850002
36.300003
35.400002
35.850002
36.000000
36.150002
36.000000
35.400002
36.300003
36.300003
37.050003
36.150002
36.900002
36.000000
35.250000
36.150002
36.150002
36.600002
36.900002
35.400002
36.300003
36.750000
36.300003
36.000000
37.500000
36.900002
36.750000
36.150002
36.600002
36.150002
36.000000
35.850002
37.200001
36.600002
36.600002
36.300003
36.750000
36.300003
36.150002
35.400002
36.300003
37.650002
37.650002
36.900002
35.550003
35.850002
36.000000
35.400002
36.600002
37.200001
36.150002
36.750000
35.850002
35.250000
36.750000
36.300003
35.850002
36.150002
35.400002
35.850002
37.050003
36.750000
36.000000
36.900002
36.600002
37.200001
37.200001
37.050003
37.200001
36.600002
36.600002
36.900002
37.050003
36.000000
35.550003
35.850002
36.150002
37.050003
36.600002
36.150002
36.300003
35.850002
37.500000
35.400002
37.200001
36.600002
37.800003
36.900002
36.750000
37.050003
37.500000
35.400002
35.250000
37.950001
36.000000
38.250000
37.200001
36.300003
36.600002
38.250000
37.200001
36.900002
37.050003
36.750000
36.600002
37.200001
36.750000
37.050003
36.900002
36.150002
36.600002
36.300003
36.300003
36.150002
37.500000
36.900002
36.300003
36.150002
36.000000
36.600002
36.150002
34.500000
35.400002
35.400002
35.550003
34.650002
35.400002
34.650002
32.100002
35.100002
33.750000
34.200001
33.000000
33.750000
33.000000
31.950001
32.550003
33.450001
33.300003
32.700001
33.900002
32.550003
33.000000
33.750000
33.750000
33.300003
32.850002
32.100002
31.500002
31.950001
31.800001
31.800001
32.100002
31.950001
31.950001
31.800001
32.700001
31.350000
32.250000
32.250000
30.450001
31.200001
30.600000
31.350000
30.450001
31.950001
31.050001
31.350000
31.500002
31.350000
31.800001
31.950001
30.900002
31.950001
31.950001
32.550003
31.800001
32.550003
32.550003
31.800001
32.850002
33.000000
32.550003
32.850002
32.850002
32.700001
33.450001
33.900002
36.150002
35.250000
34.950001
34.200001
34.500000
36.150002
35.250000
36.600002
34.500000
36.150002
36.000000
37.200001
37.050003
37.650002
37.650002
36.900002
36.300003
37.800003
37.050003
37.500000
38.400002
38.400002
38.250000
38.400002
38.250000
38.250000
38.400002
40.050003
39.300003
38.700001
38.550003
39.450001
39.900002
39.300003
39.300003
39.000000
40.350002
40.800003
39.600002
40.950001
40.800003
39.900002
41.850002
40.350002
41.250000
40.200001
41.550003
42.000000
41.550003
41.100002
40.950001
41.250000
40.650002
41.850002
42.300003
40.950001
41.550003
40.950001
42.000000
41.550003
41.700001
41.850002
42.450001
40.950001
41.100002
40.950001
40.800003
41.550003
41.250000
43.050003
42.000000
41.850002
41.850002
42.300003
42.300003
42.300003
41.850002
41.250000
42.000000
41.700001
42.600002
41.550003
41.250000
42.450001
41.700001
42.300003
42.000000
41.250000
41.850002
41.250000
42.600002
41.700001
41.700001
43.050003
42.300003
41.850002
41.550003
42.300003
43.200001
42.600002
42.300003
41.100002
43.200001
43.650002
43.050003
42.750000
43.050003
43.050003
43.350002
42.000000
42.450001
43.950001
42.750000
42.600002
41.250000
43.350002
43.500000
42.750000
43.500000
43.350002
42.750000
43.500000
42.300003
44.100002
43.200001
42.300003
43.500000
43.200001
43.200001
43.200001
42.450001
42.000000
41.850002
42.450001
43.500000
44.100002
43.050003
42.300003
43.050003
41.550003
42.000000
42.750000
42.300003
43.200001
43.950001
43.350002
42.600002
43.350002
42.750000
43.650002
44.400002
45.600002
43.500000
43.350002
43.350002
44.250000
43.500000
42.450001
43.650002
43.950001
43.500000
43.350002
43.350002
42.000000
44.100002
42.750000
41.850002
43.200001
42.750000
42.750000
43.050003
44.850002
43.050003
43.050003
42.750000
43.200001
43.950001
42.600002
43.650002
43.050003
43.500000
42.450001
43.500000
43.500000
42.450001
43.500000
43.350002
44.250000
43.950001
44.250000
44.250000
43.500000
43.050003
43.050003
43.050003
42.450001
44.100002
44.400002
44.100002
44.400002
42.300003
42.750000
42.600002
42.000000
43.050003
43.050003
40.950001
41.250000
40.800003
40.950001
39.300003
40.200001
39.000000
38.700001
38.400002
38.550003
38.550003
38.250000
39.450001
37.800003
35.550003
35.550003
35.550003
35.850002
35.550003
34.950001
35.550003
35.400002
34.650002
34.950001
34.650002
34.500000
33.900002
33.450001
32.700001
33.450001
32.850002
32.700001
34.500000
33.600002
32.850002
33.000000
32.700001
32.100002
31.950001
32.100002
32.100002
31.950001
32.850002
31.800001
31.500002
31.950001
32.700001
31.500002
31.200001
30.900002
31.500002
30.300001
30.450001
30.300001
30.900002
32.550003
29.850000
30.450001
30.450001
31.200001
31.350000
31.500002
31.500002
32.250000
31.500002
32.250000
31.950001
31.350000
31.800001
31.950001
31.350000
32.850002
33.450001
32.850002
32.850002
31.950001
32.250000
32.700001
33.600002
33.000000
33.750000
33.600002
34.350002
34.500000
33.900002
34.350002
35.550003
35.250000
36.300003
36.300003
35.250000
35.850002
36.000000
35.550003
37.200001
37.500000
39.300003
39.600002
38.400002
37.200001
38.700001
37.800003
38.250000
39.000000
39.600002
39.450001
39.150002
39.000000
39.000000
40.050003
40.050003
39.600002
40.350002
40.650002
41.100002
40.200001
39.600002
40.050003
40.800003
41.850002
42.300003
40.950001
41.700001
42.000000
42.300003
42.450001
42.600002
42.300003
42.750000
41.850002
42.000000
41.700001
40.950001
41.850002
42.450001
41.250000
41.850002
42.450001
41.850002
41.850002
43.200001
43.350002
42.450001
42.000000
42.000000
42.000000
42.000000
41.700001
40.800003
40.950001
40.950001
40.350002
40.950001
40.650002
40.950001
40.200001
40.800003
39.300003
39.000000
40.650002
39.600002
39.600002
40.800003
39.450001
39.600002
38.250000
39.900002
37.650002
37.800003
38.400002
38.400002
39.300003
39.150002
39.600002
36.750000
38.700001
36.000000
37.800003
37.500000
37.500000
36.600002
36.900002
37.650002
36.900002
36.150002
36.750000
36.150002
36.000000
35.850002
35.550003
37.200001
35.850002
36.000000
35.550003
36.000000
36.150002
34.650002
36.600002
36.900002
35.250000
35.550003
35.400002
35.550003
36.300003
36.600002
36.300003
36.150002
36.150002
36.900002
36.150002
36.300003
37.950001
36.750000
36.000000
36.750000
38.250000
36.900002
37.050003
36.900002
37.800003
36.300003
36.750000
36.900002
38.250000
37.800003
38.400002
37.500000
38.250000
38.700001
39.900002
38.250000
39.450001
38.550003
39.150002
39.300003
39.450001
39.600002
39.150002
40.200001
39.900002
40.350002
40.200001
40.200001
40.950001
40.050003
39.900002
40.800003
40.350002
39.300003
41.700001
41.250000
42.000000
40.950001
40.650002
42.300003
41.850002
40.350002
41.550003
42.600002
41.100002
42.600002
42.600002
41.250000
42.300003
41.850002
43.050003
43.050003
41.700001
42.450001
41.550003
42.750000
42.000000
42.600002
42.000000
43.050003
41.850002
42.450001
41.850002
43.500000
43.350002
43.350002
44.250000
42.450001
42.750000
42.600002
43.200001
43.500000
42.750000
43.200001
43.200001
44.100002
42.750000
44.250000
43.650002
43.350002
44.400002
44.100002
42.300003
43.950001
44.850002
43.950001
43.050003
44.400002
43.650002
44.250000
44.400002
44.700001
43.500000
44.400002
43.650002
43.950001
43.950001
43.650002
43.950001
45.000000
44.400002
44.400002
44.250000
43.950001
44.850002
45.000000
44.400002
44.700001
45.300003
44.100002
44.700001
44.250000
44.400002
44.250000
44.850002
44.400002
44.250000
43.350002
45.000000
44.850002
43.500000
43.950001
43.650002
44.250000
42.450001
44.850002
43.650002
44.850002
43.950001
44.250000
43.500000
43.050003
43.500000
43.950001
44.250000
44.100002
43.200001
42.750000
43.950001
43.950001
43.350002
43.500000
43.200001
43.200001
42.300003
42.750000
42.000000
42.450001
42.600002
43.050003
41.850002
41.250000
41.700001
40.800003
41.100002
41.550003
41.250000
40.050003
40.800003
40.800003
42.600002
41.100002
41.550003
41.100002
41.700001
42.300003
43.050003
42.600002
42.450001
42.750000
42.600002
41.550003
42.450001
41.850002
42.000000
41.700001
43.500000
43.950001
42.750000
43.500000
42.750000
43.050003
42.600002
43.200001
44.700001
42.300003
41.850002
43.350002
40.650002
41.850002
42.000000
43.500000
42.450001
42.600002
42.600002
43.200001
42.750000
41.850002
43.350002
44.400002
43.200001
43.200001
42.600002
42.450001
43.350002
42.600002
42.450001
43.350002
43.200001
43.050003
42.300003
43.500000
43.050003
44.250000
43.200001
43.950001
43.950001
43.950001
43.050003
43.050003
43.950001
42.300003
43.950001
43.950001
43.050003
44.700001
44.100002
43.200001
44.250000
45.000000
43.200001
43.950001
44.100002
44.400002
43.200001
43.650002
42.750000
44.400002
44.100002
43.350002
44.400002
44.100002
43.950001
43.050003
45.000000
43.950001
44.100002
43.200001
44.100002
43.950001
44.400002
43.950001
43.350002
43.650002
44.250000
44.700001
43.200001
42.300003
43.500000
43.350002
43.500000
43.950001
44.100002
44.400002
43.650002
44.700001
45.150002
44.250000
43.650002
45.000000
44.250000
44.100002
44.700001
45.000000
45.600002
44.700001
43.650002
43.950001
43.650002
44.700001
44.400002
44.250000
45.750000
44.250000
46.500000
44.850002
45.000000
45.150002
45.150002
45.150002
45.300003
45.300003
46.350002
45.300003
46.350002
46.050003
45.300003
45.750000
45.600002
47.400002
48.300003
46.800003
47.700001
47.400002
48.000000
48.300003
49.350002
47.700001
49.350002
51.300003
49.950001
51.450001
51.600002
52.200001
53.100002
52.500004
51.450001
52.500004
51.000004
55.500004
55.500004
55.650002
55.050003
56.100002
56.250004
57.000004
55.050003
57.300003
57.000004
59.850002
58.800003
59.100002
59.100002
59.100002
59.850002
60.750004
60.300003
60.450001
61.350002
61.950001
61.500004
61.800003
60.450001
62.100002
62.100002
62.100002
62.700001
62.700001
62.700001
62.700001
60.450001
61.800003
62.100002
62.550003
62.100002
61.950001
61.800003
63.000004
61.200001
60.450001
61.200001
61.350002
61.500004
62.250004
61.050003
61.050003
61.050003
60.600002
61.500004
62.550003
61.050003
61.050003
61.800003
62.100002
60.450001
61.500004
62.100002
61.200001
60.300003
62.700001
61.950001
62.700001
61.500004
62.850002
61.350002
61.950001
62.250004
62.100002
62.700001
63.150002
62.700001
62.850002
61.950001
62.850002
63.750004
62.700001
62.550003
62.850002
63.600002
61.350002
62.100002
61.200001
61.500004
61.950001
61.350002
61.800003
61.050003
61.950001
60.750004
59.700001
60.450001
59.550003
58.800003
58.050003
59.850002
59.400002
58.050003
58.200001
58.050003
56.100002
56.850002
56.100002
56.550003
54.900002
56.100002
55.500004
55.650002
55.650002
54.600002
53.400002
53.100002
52.800003
53.850002
54.600002
52.050003
51.600002
52.350002
52.800003
52.950001
51.750004
51.300003
50.850002
52.050003
50.850002
50.400002
51.300003
50.550003
50.400002
49.800003
50.100002
48.300003
48.150002
48.300003
48.900002
48.750004
48.300003
49.050003
48.000000
47.550003
47.250000
47.700001
48.000000
47.700001
47.100002
46.650002
47.250000
46.500000
46.650002
46.650002
47.700001
47.100002
46.050003
45.900002
46.350002
46.350002
46.350002
46.350002
44.700001
45.750000
46.650002
45.750000
45.000000
44.850002
45.150002
44.250000
44.250000
45.600002
45.600002
44.850002
45.000000
44.700001
45.300003
45.000000
45.300003
45.300003
44.700001
44.250000
45.000000
45.900002
45.900002
45.600002
44.250000
45.300003
45.150002
45.000000
45.750000
45.000000
44.250000
44.700001
45.000000
44.850002
44.400002
44.250000
43.950001
44.100002
45.150002
44.250000
45.000000
45.150002
42.750000
43.350002
43.200001
41.850002
42.300003
42.000000
41.700001
41.550003
41.850002
40.050003
38.550003
39.150002
37.800003
38.400002
38.550003
37.650002
37.050003
35.400002
35.850002
34.200001
31.350000
31.800001
31.500002
30.600000
31.050001
30.450001
28.950001
29.550001
28.200001
27.000002
24.600000
24.450001
24.000000
23.850000
22.800001
22.200001
21.750000
23.250000
21.150002
20.700001
19.500000
18.300001
19.050001
19.200001
18.750000
17.550001
17.550001
17.100000
18.000000
17.550001
16.500000
15.750001
15.450001
15.750001
15.750001
15.900001
16.650002
14.100000
16.050001
14.400001
14.850000
14.400001
14.250001
14.400001
14.850000
14.850000
14.100000
13.500001
12.600000
14.250001
13.950001
14.400001
14.100000
13.200001
14.700001
14.850000
13.200001
13.050000
13.350000
13.050000
13.650001
15.000001
13.500001
14.100000
13.350000
13.200001
13.350000
13.050000
15.000001
13.650001
15.450001
15.150001
14.100000
14.700001
14.250001
14.100000
14.850000
14.700001
14.250001
15.150001
15.750001
13.650001
15.600000
14.700001
16.350000
14.400001
14.700001
14.700001
15.000001
15.600000
15.000001
15.450001
14.850000
15.150001
15.150001
15.900001
15.450001
16.500000
15.150001
16.800001
15.750001
14.400001
15.150001
14.850000
15.750001
15.000001
15.450001
15.750001
14.100000
14.400001
15.150001
13.650001
12.750001
14.100000
13.650001
14.250001
14.250001
14.400001
13.200001
13.500001
13.200001
13.200001
13.950001
13.950001
13.950001
13.950001
14.250001
14.100000
14.400001
14.400001
13.350000
15.450001
14.400001
14.250001
14.100000
13.500001
13.500001
11.550000
13.950001
13.050000
12.450001
12.750001
11.700001
12.600000
12.600000
11.700001
12.000000
12.300000
11.850000
11.850000
10.950001
10.050000
10.950001
10.050000
10.650001
9.900001
10.950001
10.650001
9.450001
8.550000
10.200001
10.650001
10.350000
10.200001
9.900001
9.750000
9.900001
10.950001
10.350000
10.350000
10.650001
10.800000
10.800000
10.800000
11.550000
11.100000
10.650001
11.100000
11.850000
11.550000
10.050000
11.100000
9.900001
10.050000
10.950001
10.650001
9.750000
9.900001
9.900001
9.750000
10.200001
9.300000
10.350000
10.950001
10.200001
9.150001
9.900001
9.000000
9.900001
10.800000
9.150001
9.000000
9.150001
9.450001
9.450001
9.900001
9.450001
10.200001
10.350000
10.050000
10.200001
11.550000
10.950001
9.900001
10.800000
10.200001
11.100000
10.050000
11.550000
11.100000
10.950001
11.700001
12.450001
11.550000
12.600000
11.850000
12.450001
12.300000
11.700001
11.700001
12.000000
13.050000
13.350000
12.450001
13.050000
12.750001
13.500001
11.850000
12.300000
12.750001
12.750001
13.200001
14.700001
14.100000
13.350000
13.500001
13.650001
13.650001
15.000001
13.050000
13.350000
14.400001
13.950001
13.950001
12.600000
13.350000
13.200001
12.750001
13.200001
13.050000
12.450001
13.200001
13.650001
12.450001
12.600000
12.450001
12.000000
13.050000
13.200001
13.200001
13.200001
11.700001
13.050000
11.850000
12.600000
12.450001
12.600000
12.000000
13.200001
12.000000
11.550000
12.000000
11.400001
13.050000
11.850000
10.800000
10.200001
10.050000
10.950001
11.850000
9.450001
11.550000
10.950001
10.950001
10.800000
10.800000
10.800000
11.100000
10.050000
10.350000
10.350000
10.350000
10.950001
11.700001
10.350000
10.050000
11.100000
9.150001
10.050000
9.300000
10.050000
9.900001
8.550000
9.450001
9.000000
10.050000
10.200001
9.000000
9.750000
9.900001
10.050000
9.450001
9.900001
9.000000
9.450001
9.750000
9.300000
9.150001
9.900001
9.300000
10.050000
9.900001
10.050000
9.900001
9.300000
10.050000
9.300000
9.150001
10.050000
9.150001
9.000000
9.750000
9.450001
9.300000
10.200001
10.950001
11.550000
9.450001
11.100000
10.200001
12.750001
13.950001
14.100000
14.850000
15.600000
14.850000
16.500000
16.650002
17.100000
17.100000
20.850000
21.450001
21.450001
22.950001
24.150002
25.350000
25.200001
25.350000
25.200001
26.550001
29.250002
31.050001
30.150002
31.500002
32.250000
33.300003
35.100002
34.200001
34.350002
36.150002
37.950001
38.400002
39.600002
39.000000
40.350002
40.350002
40.050003
40.050003
42.600002
40.800003
44.100002
44.100002
43.350002
44.700001
44.700001
45.000000
45.300003
44.850002
42.750000
44.400002
44.700001
44.400002
45.600002
44.250000
46.050003
43.950001
44.100002
43.950001
45.150002
43.650002
42.750000
42.300003
42.300003
41.250000
42.000000
42.600002
42.450001
40.200001
41.550003
41.550003
40.350002
39.150002
38.250000
39.150002
38.700001
39.000000
38.250000
38.550003
37.800003
39.000000
35.850002
36.750000
37.050003
35.550003
35.550003
35.400002
35.550003
35.550003
35.100002
35.400002
34.500000
33.600002
32.700001
33.000000
32.550003
31.950001
31.950001
33.300003
31.500002
31.350000
31.950001
31.950001
31.350000
32.550003
31.350000
31.800001
32.250000
32.100002
31.950001
31.350000
32.550003
30.900002
32.700001
31.950001
32.700001
32.250000
33.600002
30.900002
32.700001
32.250000
32.550003
32.100002
33.000000
32.850002
31.950001
32.550003
32.100002
32.700001
31.950001
31.950001
32.250000
31.200001
31.200001
31.200001
32.100002
31.350000
31.200001
31.200001
31.500002
30.600000
30.600000
30.450001
30.300001
30.600000
30.300001
30.150002
30.150002
31.050001
29.700001
29.400002
29.550001
29.250002
28.650002
30.450001
28.800001
28.800001
28.500002
27.300001
28.050001
28.650002
28.050001
29.250002
27.300001
29.250002
27.900002
27.300001
26.550001
27.000002
28.050001
27.000002
26.250002
25.200001
24.000000
24.150002
23.100000
24.000000
22.500000
23.100000
22.050001
22.350000
19.650002
18.900002
17.700001
20.700001
19.050001
18.300001
17.700001
15.750001
16.500000
15.450001
14.400001
13.650001
12.750001
13.050000
12.300000
11.550000
12.450001
11.400001
13.200001
12.600000
10.050000
11.100000
12.000000
10.050000
10.950001
10.950001
12.000000
11.100000
10.800000
12.000000
11.550000
11.550000
11.700001
13.650001
13.500001
14.100000
13.350000
14.850000
14.250001
13.950001
16.350000
16.650002
16.050001
17.700001
18.300001
19.050001
19.200001
20.550001
20.400002
21.600000
23.250000
24.750002
24.900002
26.100000
25.200001
27.300001
27.900002
27.450001
27.900002
30.600000
32.100002
33.750000
33.750000
34.950001
34.350002
36.150002
36.900002
37.050003
37.050003
37.800003
39.000000
38.250000
40.050003
38.250000
39.300003
39.150002
39.300003
40.200001
40.350002
39.000000
41.550003
40.800003
41.700001
40.650002
41.100002
40.350002
39.300003
41.100002
39.600002
41.700001
41.250000
40.800003
41.700001
39.450001
40.650002
41.850002
40.950001
40.800003
40.650002
39.900002
40.350002
40.350002
41.100002
40.650002
40.650002
41.550003
40.350002
39.900002
40.650002
40.050003
40.050003
42.000000
41.250000
40.050003
41.100002
40.650002
41.250000
40.650002
41.550003
41.550003
40.950001
41.250000
40.800003
41.100002
40.350002
40.350002
41.100002
40.350002
41.250000
41.700001
40.800003
41.550003
40.050003
40.950001
40.650002
41.700001
40.950001
41.250000
41.250000
41.250000
40.200001
40.800003
41.250000
41.550003
42.000000
40.800003
40.800003
40.950001
41.550003
41.250000
41.550003
40.800003
40.800003
39.450001
40.800003
39.300003
42.450001
40.350002
41.250000
40.350002
39.450001
41.250000
40.950001
39.450001
38.550003
41.550003
40.050003
39.900002
40.050003
40.200001
40.050003
39.150002
39.300003
40.200001
39.600002
38.550003
40.050003
39.600002
39.000000
39.900002
38.250000
39.600002
39.150002
37.650002
38.250000
39.300003
37.800003
38.250000
36.900002
37.800003
37.800003
37.650002
36.600002
37.200001
38.400002
36.750000
36.900002
35.850002
37.500000
36.300003
35.100002
35.250000
34.950001
35.100002
36.150002
34.500000
34.500000
34.350002
33.600002
33.900002
33.450001
32.850002
33.000000
32.850002
33.450001
33.450001
32.550003
32.550003
31.050001
32.550003
31.050001
31.350000
32.100002
31.500002
31.350000
31.800001
31.050001
29.850000
31.050001
30.450001
30.450001
30.900002
31.500002
31.500002
31.800001
30.900002
31.050001
30.450001
31.200001
31.950001
31.500002
32.850002
33.600002
34.650002
33.600002
34.500000
34.200001
35.400002
35.550003
35.400002
36.900002
36.900002
37.050003
36.750000
37.200001
37.050003
37.950001
37.500000
38.550003
37.500000
37.650002
37.050003
37.200001
35.850002
36.750000
37.050003
36.750000
37.200001
36.600002
35.850002
36.150002
34.350002
35.400002
33.750000
35.850002
34.350002
35.100002
35.250000
35.550003
34.950001
35.400002
35.250000
34.350002
35.100002
34.350002
35.550003
34.500000
33.600002
36.000000
34.350002
34.500000
34.200001
34.200001
34.200001
34.200001
36.600002
34.200001
34.350002
33.750000
35.100002
33.750000
34.500000
34.350002
33.600002
34.650002
34.200001
34.350002
33.600002
34.200001
35.100002
36.000000
33.900002
34.500000
33.600002
35.100002
35.250000
34.200001
34.950001
33.450001
33.900002
34.650002
34.950001
34.650002
34.950001
35.850002
36.000000
35.850002
34.200001
35.550003
34.950001
35.250000
35.850002
35.100002
34.950001
34.500000
35.100002
35.400002
36.750000
36.150002
35.250000
36.000000
36.900002
36.150002
37.200001
35.850002
37.650002
37.500000
36.600002
37.950001
36.900002
36.900002
36.750000
39.000000
37.650002
37.500000
37.500000
39.150002
38.550003
39.450001
40.350002
40.650002
42.300003
41.100002
41.550003
41.100002
40.650002
42.000000
41.250000
41.550003
42.000000
42.300003
42.450001
43.200001
42.750000
42.750000
42.450001
42.450001
42.750000
43.050003
42.450001
40.650002
40.650002
42.600002
42.600002
41.850002
42.450001
41.850002
40.350002
42.300003
40.650002
39.300003
39.900002
38.400002
39.300003
39.600002
38.700001
39.000000
37.800003
38.250000
37.950001
36.750000
35.550003
35.550003
35.850002
36.300003
36.150002
35.550003
35.550003
35.250000
35.100002
33.900002
34.350002
33.750000
34.950001
34.950001
34.650002
34.650002
34.500000
35.100002
33.750000
35.400002
34.650002
35.250000
34.350002
35.850002
35.400002
34.500000
36.150002
33.600002
35.250000
36.300003
33.750000
33.900002
35.250000
35.400002
35.250000
35.550003
36.000000
35.100002
35.250000
35.100002
34.950001
37.050003
37.050003
36.600002
36.900002
35.850002
36.300003
37.050003
36.300003
36.000000
35.550003
37.650002
36.000000
36.600002
36.750000
37.050003
36.750000
36.150002
35.550003
35.850002
36.000000
37.650002
36.000000
36.900002
37.800003
35.550003
36.900002
36.600002
36.300003
36.600002
36.750000
36.900002
36.600002
39.000000
38.250000
37.950001
36.900002
38.550003
37.500000
38.700001
38.400002
37.950001
37.500000
38.400002
37.950001
37.650002
37.500000
38.400002
38.400002
38.250000
39.300003
38.250000
37.200001
37.800003
37.200001
38.700001
37.650002
38.700001
39.300003
39.300003
38.700001
39.600002
38.250000
38.250000
40.200001
39.000000
39.150002
39.150002
39.900002
38.400002
39.600002
38.700001
39.150002
38.550003
40.050003
39.300003
39.300003
39.600002
40.200001
39.450001
39.000000
39.000000
39.300003
39.600002
39.900002
39.450001
39.900002
39.900002
39.600002
39.150002
39.600002
39.600002
40.050003
41.100002
40.050003
39.900002
39.900002
39.000000
40.800003
39.900002
40.350002
40.800003
41.250000
40.800003
40.200001
40.950001
40.800003
40.350002
41.100002
40.800003
40.950001
41.100002
40.200001
40.800003
40.800003
40.200001
41.100002
41.850002
41.100002
40.800003
42.000000
41.100002
41.850002
42.300003
41.250000
40.950001
42.300003
41.550003
40.950001
41.550003
41.100002
40.950001
40.650002
40.950001
41.850002
40.800003
40.950001
40.800003
41.250000
40.800003
41.550003
40.650002
40.800003
41.250000
39.600002
40.650002
40.800003
40.800003
41.850002
41.100002
42.000000
40.650002
40.800003
40.800003
40.650002
40.950001
41.250000
41.250000
40.800003
41.850002
41.100002
40.200001
40.950001
40.050003
41.100002
41.250000
41.250000
40.650002
40.200001
41.700001
41.250000
40.800003
40.800003
42.300003
41.100002
41.250000
41.250000
39.600002
41.100002
40.950001
41.100002
42.000000
42.450001
41.700001
40.200001
40.950001
41.550003
40.200001
40.650002
41.100002
41.700001
41.850002
41.250000
40.200001
41.700001
40.950001
41.100002
41.850002
40.050003
41.700001
41.100002
41.850002
41.550003
40.650002
41.850002
40.350002
40.950001
41.100002
40.650002
40.950001
40.350002
40.200001
41.250000
42.000000
40.800003
40.800003
40.050003
41.550003
40.650002
40.350002
40.350002
40.350002
41.250000
40.650002
41.850002
41.100002
40.200001
40.800003
41.100002
41.100002
40.350002
40.350002
40.800003
40.950001
41.100002
40.800003
40.650002
40.200001
40.650002
41.250000
40.800003
41.250000
41.850002
42.000000
41.850002
41.700001
41.850002
41.100002
42.450001
41.100002
41.250000
41.550003
42.000000
41.550003
41.700001
40.350002
42.000000
40.650002
40.950001
42.300003
41.850002
42.600002
41.700001
41.700001
42.000000
40.950001
41.550003
42.300003
40.950001
41.850002
43.350002
41.550003
41.550003
42.000000
42.750000
42.600002
42.450001
43.200001
42.750000
42.000000
41.250000
41.250000
41.550003
41.850002
41.100002
42.750000
41.100002
41.100002
41.550003
42.450001
41.250000
41.850002
40.950001
41.250000
40.950001
42.300003
41.700001
41.250000
40.950001
41.250000
41.100002
41.550003
40.650002
41.100002
42.000000
40.950001
42.450001
40.800003
41.100002
41.850002
40.800003
40.800003
41.550003
41.250000
40.950001
41.850002
41.250000
41.100002
41.700001
40.350002
41.700001
41.700001
42.300003
39.900002
40.800003
40.050003
40.950001
41.250000
41.100002
42.000000
42.000000
41.100002
41.850002
40.350002
41.550003
40.800003
41.550003
40.650002
41.550003
42.000000
40.050003
40.050003
40.350002
41.250000
40.950001
41.100002
41.250000
40.650002
40.200001
40.800003
42.000000
41.250000
41.100002
40.950001
40.800003
41.700001
40.950001
41.550003
41.100002
40.650002
41.850002
41.250000
42.450001
41.550003
40.650002
41.100002
41.250000
40.650002
40.950001
41.550003
42.000000
41.250000
41.250000
40.800003
40.800003
41.700001
41.700001
41.250000
41.700001
40.050003
41.700001
41.550003
41.100002
41.250000
41.700001
42.300003
42.000000
41.100002
40.650002
40.950001
42.000000
40.950001
41.250000
41.850002
41.100002
41.700001
41.550003
40.950001
42.300003
41.550003
40.350002
42.000000
43.050003
42.000000
43.950001
41.850002
42.000000
41.550003
42.300003
42.600002
43.200001
41.700001
42.750000
42.600002
43.500000
43.050003
43.500000
44.250000
44.700001
44.400002
45.150002
43.950001
44.100002
42.600002
43.650002
44.400002
43.650002
43.950001
43.350002
43.050003
43.650002
43.200001
43.050003
44.100002
42.000000
42.750000
41.700001
41.700001
40.950001
39.450001
39.150002
40.200001
39.450001
37.650002
37.200001
36.300003
36.900002
37.650002
34.950001
36.000000
34.650002
36.150002
35.550003
34.650002
36.300003
34.950001
34.950001
35.100002
34.200001
36.600002
36.000000
35.250000
36.300003
36.600002
36.900002
36.900002
36.300003
37.500000
38.550003
39.450001
40.800003
40.950001
40.050003
41.250000
40.650002
39.300003
40.200001
40.800003
41.100002
43.200001
42.000000
41.850002
43.050003
42.450001
42.750000
42.600002
42.000000
43.200001
42.300003
43.050003
42.750000
42.450001
41.850002
42.450001
43.350002
44.400002
43.050003
42.600002
43.350002
43.200001
42.750000
42.300003
43.350002
42.600002
42.300003
43.050003
41.250000
40.950001
42.750000
40.800003
41.700001
42.300003
42.300003
41.100002
41.250000
41.700001
40.800003
41.100002
39.900002
39.900002
41.100002
40.050003
39.900002
41.550003
41.700001
40.950001
40.650002
39.900002
40.200001
40.350002
39.300003
39.450001
41.850002
40.200001
40.350002
39.900002
39.600002
41.100002
41.550003
40.950001
41.700001
40.950001
41.250000
40.950001
41.100002
40.800003
41.550003
41.550003
41.250000
41.850002
42.300003
42.450001
42.000000
41.550003
42.000000
40.950001
41.250000
41.700001
42.600002
41.850002
41.250000
42.750000
43.200001
41.550003
41.100002
41.700001
41.850002
41.850002
41.850002
41.700001
41.550003
41.700001
42.450001
41.100002
40.800003
41.250000
41.850002
42.000000
41.850002
41.250000
42.000000
41.250000
41.250000
41.700001
40.800003
40.800003
42.000000
41.100002
42.450001
41.250000
42.000000
40.950001
40.950001
41.250000
41.550003
40.950001
41.100002
42.300003
41.100002
41.250000
41.550003
40.950001
42.000000
40.350002
40.800003
40.800003
41.550003
41.850002
41.550003
42.750000
40.950001
40.950001
41.550003
40.800003
41.850002
42.000000
40.800003
40.950001
40.950001
42.750000
42.600002
42.750000
41.700001
42.300003
42.300003
43.350002
42.450001
41.250000
42.300003
41.100002
41.700001
43.050003
41.100002
42.450001
40.950001
42.300003
41.700001
41.100002
40.200001
41.250000
41.700001
41.100002
42.000000
40.950001
42.000000
42.600002
41.100002
43.350002
41.700001
41.550003
40.950001
40.950001
41.550003
42.000000
41.250000
40.950001
41.100002
40.950001
42.000000
42.450001
41.700001
41.250000
41.100002
40.950001
40.800003
41.850002
41.100002
40.800003
41.850002
40.800003
41.100002
41.700001
42.000000
40.950001
40.950001
40.950001
42.600002
42.300003
42.000000
42.300003
40.950001
41.250000
41.850002
41.700001
42.000000
41.700001
42.000000
41.700001
40.950001
41.700001
41.700001
42.300003
41.550003
41.700001
42.300003
41.850002
41.850002
41.700001
40.050003
41.550003
42.600002
41.850002
40.650002
41.100002
42.000000
41.250000
41.250000
40.950001
42.450001
42.000000
41.100002
42.450001
41.700001
42.450001
41.850002
40.950001
41.550003
41.100002
41.850002
40.950001
42.000000
42.000000
42.000000
43.050003
40.950001
41.850002
41.850002
41.550003
41.850002
41.700001
42.600002
42.300003
41.550003
40.800003
41.550003
41.550003
42.000000
42.000000
41.700001
41.850002
41.250000
42.450001
40.200001
41.550003
42.750000
42.750000
42.450001
41.550003
40.350002
42.300003
42.000000
42.600002
41.850002
42.450001
40.950001
41.700001
42.600002
41.250000
41.100002
42.750000
41.850002
42.300003
42.300003
41.100002
41.550003
41.250000
41.700001
42.000000
40.800003
42.300003
41.100002
41.850002
41.700001
41.700001
41.550003
42.000000
40.950001
41.850002
41.850002
41.850002
41.700001
41.250000
42.450001
41.550003
41.550003
41.700001
41.700001
43.050003
42.300003
42.000000
42.600002
42.450001
43.050003
41.250000
43.050003
42.300003
43.500000
42.300003
43.050003
43.200001
41.700001
42.600002
42.600002
43.200001
42.450001
42.750000
41.850002
43.050003
42.750000
42.000000
41.100002
43.050003
43.500000
43.350002
42.000000
43.050003
42.600002
42.600002
42.450001
42.750000
43.200001
43.050003
41.850002
43.050003
41.850002
42.750000
41.250000
42.000000
42.450001
41.550003
41.250000
42.000000
42.300003
43.200001
42.600002
42.300003
42.750000
42.000000
43.050003
42.300003
42.450001
42.300003
41.700001
41.700001
41.250000
41.700001
42.000000
43.050003
42.000000
41.850002
41.550003
42.600002
43.650002
41.550003
42.600002
42.600002
42.000000
41.850002
42.600002
42.750000
42.000000
42.750000
43.050003
42.000000
42.450001
42.450001
41.850002
42.600002
42.750000
41.850002
41.700001
42.000000
41.850002
42.000000
41.550003
41.700001
42.450001
43.200001
42.450001
42.600002
41.850002
43.350002
42.000000
42.450001
43.350002
43.050003
42.300003
42.600002
42.000000
42.750000
42.000000
42.450001
42.450001
42.450001
42.600002
41.850002
41.700001
41.700001
41.700001
42.600002
42.000000
43.200001
42.300003
42.300003
43.050003
41.250000
41.850002
42.000000
43.050003
41.250000
42.300003
42.600002
42.450001
42.600002
43.200001
42.750000
41.550003
43.350002
42.450001
41.550003
41.100002
42.750000
43.050003
42.450001
43.200001
42.450001
43.650002
43.200001
43.950001
43.200001
42.450001
43.500000
42.600002
42.600002
42.750000
42.300003
42.750000
42.600002
42.300003
43.050003
41.550003
43.050003
42.450001
43.200001
43.650002
43.500000
42.600002
42.300003
41.100002
42.600002
44.400002
42.000000
42.450001
42.450001
42.300003
43.950001
42.600002
43.500000
42.600002
41.550003
42.600002
42.600002
42.600002
41.850002
42.000000
41.850002
41.250000
42.450001
41.850002
41.250000
42.000000
41.100002
41.550003
41.250000
41.550003
42.000000
41.700001
40.350002
41.250000
40.050003
40.650002
40.200001
40.350002
41.250000
39.600002
39.600002
38.400002
39.000000
38.550003
37.950001
37.050003
38.250000
37.500000
37.650002
37.650002
36.750000
37.950001
37.050003
36.900002
35.850002
35.100002
36.750000
35.850002
33.900002
35.100002
34.500000
34.200001
34.500000
34.500000
33.000000
32.700001
32.700001
33.000000
32.700001
31.950001
31.950001
32.250000
31.500002
32.100002
31.050001
30.450001
30.600000
29.700001
31.950001
31.050001
30.900002
30.150002
29.850000
31.050001
29.550001
30.600000
29.850000
29.700001
30.300001
30.150002
28.950001
29.250002
29.850000
28.050001
29.550001
28.650002
28.650002
29.250002
28.500002
28.950001
28.650002
29.250002
28.800001
28.050001
29.550001
28.050001
28.200001
27.750002
28.500002
27.900002
28.800001
28.050001
29.250002
29.250002
28.650002
28.800001
28.800001
28.050001
29.250002
27.750002
27.900002
29.250002
28.800001
29.250002
28.800001
29.250002
29.250002
29.250002
29.550001
28.650002
27.450001
27.900002
29.400002
29.550001
28.800001
28.800001
29.250002
29.400002
29.250002
28.950001
30.150002
30.300001
30.900002
30.150002
30.150002
29.700001
30.450001
29.700001
29.550001
29.250002
29.550001
29.700001
29.550001
30.450001
30.300001
30.300001
29.850000
31.500002
29.400002
32.250000
31.200001
30.150002
30.600000
30.900002
30.450001
30.600000
30.300001
30.450001
30.600000
30.900002
31.200001
31.200001
30.450001
31.050001
30.600000
30.450001
30.900002
32.100002
31.200001
30.450001
31.500002
31.350000
30.900002
31.950001
31.950001
32.250000
31.800001
31.200001
31.200001
30.150002
32.100002
31.800001
31.350000
32.700001
33.450001
32.850002
31.800001
31.950001
32.250000
33.600002
32.700001
32.700001
32.550003
32.100002
33.900002
33.300003
33.750000
33.300003
33.300003
32.850002
33.450001
32.850002
33.300003
32.250000
33.300003
32.850002
32.700001
32.250000
32.700001
32.550003
33.300003
33.000000
32.250000
33.450001
33.600002
33.600002
33.600002
33.750000
33.750000
33.450001
33.000000
32.850002
33.900002
33.000000
33.300003
33.900002
33.000000
33.000000
33.000000
33.450001
33.600002
33.750000
33.600002
32.700001
33.450001
34.350002
33.750000
33.300003
33.600002
33.600002
32.850002
34.650002
33.900002
33.900002
33.750000
33.600002
34.350002
34.200001
35.100002
33.900002
34.500000
34.950001
35.550003
33.900002
34.650002
34.950001
35.100002
34.500000
33.750000
34.500000
35.400002
34.650002
35.400002
36.000000
35.400002
35.100002
34.650002
34.650002
36.000000
35.250000
34.950001
35.250000
36.150002
36.750000
37.050003
38.250000
38.400002
36.300003
37.650002
39.000000
38.550003
37.500000
37.500000
38.250000
38.400002
37.650002
37.950001
37.800003
38.700001
38.400002
39.150002
39.150002
38.250000
38.700001
38.550003
39.900002
38.700001
38.700001
37.650002
38.700001
37.800003
38.250000
38.400002
39.000000
38.700001
38.400002
39.000000
39.150002
37.650002
36.750000
37.800003
37.800003
37.200001
37.950001
37.650002
37.950001
37.200001
37.650002
37.050003
37.950001
37.800003
37.500000
38.250000
37.200001
36.900002
36.900002
37.650002
36.000000
38.250000
36.600002
36.900002
36.750000
37.050003
36.900002
37.050003
37.650002
37.800003
36.000000
37.800003
36.300003
37.800003
36.900002
37.050003
37.050003
37.800003
37.650002
36.000000
36.600002
37.200001
36.600002
35.850002
34.950001
35.850002
36.300003
34.200001
34.650002
34.650002
33.900002
33.900002
33.600002
33.000000
33.450001
31.950001
33.300003
29.850000
29.850000
29.700001
29.400002
28.200001
28.800001
27.750002
27.900002
28.050001
27.750002
25.350000
24.900002
25.500002
24.900002
25.200001
24.450001
24.450001
23.700001
22.350000
21.750000
20.100000
20.850000
19.650002
19.950001
20.400002
21.450001
20.100000
19.050001
19.650002
18.450001
18.300001
19.500000
18.450001
17.250000
18.300001
18.300001
17.700001
18.150002
18.450001
17.400002
18.150002
18.000000
16.650002
17.400002
17.250000
18.450001
16.650002
16.650002
15.900001
16.050001
15.900001
17.100000
17.700001
16.800001
17.700001
16.650002
16.800001
17.700001
15.750001
15.450001
16.500000
18.000000
16.350000
17.100000
17.100000
16.800001
16.650002
17.100000
17.400002
17.550001
18.000000
18.300001
18.300001
17.550001
17.700001
18.300001
18.450001
18.750000
18.000000
18.450001
20.400002
19.200001
20.100000
18.900002
20.550001
21.300001
19.650002
19.800001
19.950001
21.450001
21.750000
22.800001
22.050001
23.100000
22.350000
23.850000
22.800001
23.550001
22.950001
24.000000
24.900002
25.350000
25.350000
26.550001
26.250002
26.250002
27.750002
27.300001
27.300001
27.300001
29.400002
29.250002
30.300001
30.300001
29.400002
30.600000
30.450001
31.500002
31.200001
31.950001
33.600002
34.200001
35.100002
34.200001
34.500000
34.650002
36.600002
36.150002
35.850002
35.250000
37.650002
37.650002
38.250000
37.500000
39.000000
38.700001
37.950001
39.300003
39.000000
39.450001
40.200001
40.200001
40.800003
41.850002
40.050003
40.950001
40.650002
39.900002
40.350002
41.700001
40.200001
41.700001
41.850002
42.300003
42.300003
41.850002
40.800003
42.450001
42.450001
43.200001
43.200001
43.200001
41.850002
43.200001
44.100002
42.000000
42.600002
43.200001
41.850002
43.350002
43.350002
43.650002
44.250000
42.750000
43.950001
44.100002
43.350002
43.500000
43.500000
43.650002
42.450001
43.650002
43.950001
44.250000
43.200001
43.650002
43.950001
45.000000
43.650002
43.200001
43.650002
44.250000
42.450001
44.850002
43.350002
43.050003
43.650002
44.250000
44.400002
42.600002
43.050003
44.250000
42.600002
43.500000
44.100002
44.700001
43.350002
43.050003
45.600002
44.100002
43.950001
45.000000
45.600002
43.950001
43.650002
43.650002
43.500000
43.500000
44.100002
44.250000
44.700001
44.400002
45.000000
43.500000
43.650002
42.450001
43.950001
44.250000
45.150002
45.000000
44.250000
43.950001
43.650002
44.700001
44.700001
43.350002
44.850002
44.250000
44.850002
44.250000
45.150002
44.700001
44.700001
44.100002
44.250000
44.250000
45.000000
44.700001
42.600002
