1.427481
1.809160
2.740458
0.770992
0.366412
-2.847328
2.206107
0.732824
1.908397
0.954198
0.748092
0.793893
1.893130
0.389313
-2.328244
0.541985
2.091603
-0.862595
2.061069
3.893130
0.748092
-0.007634
-0.030534
2.458015
0.038168
-1.091603
1.549618
0.290076
1.259542
-0.129771
-0.374046
2.152672
-0.068702
3.030534
0.167939
-0.083969
0.656489
0.099237
1.030534
0.343511
0.015267
-0.152672
-0.122137
1.641221
-0.221374
0.396947
0.778626
3.053435
1.129771
1.404580
-2.618321
1.366412
2.435115
2.954198
3.305344
-0.954198
-1.801527
0.099237
-0.221374
-1.015267
2.740458
1.793893
-0.656489
2.152672
0.442748
0.419847
1.320611
-1.824427
0.496183
2.145038
0.015267
-1.175573
0.564885
0.832061
2.854962
2.564885
0.045802
-2.099237
-1.832061
-2.320611
1.664122
2.290076
1.236641
-1.641221
2.389313
2.305344
-2.679389
-1.152672
-1.183206
-1.389313
1.618321
-2.167939
-0.427481
-2.854962
0.183206
3.274809
-1.488550
2.198473
-1.587786
1.526718
-0.732824
0.916031
0.534351
0.114504
2.190840
-1.038168
1.297710
-1.206107
-0.167939
1.580153
-3.167939
0.824427
-1.740458
0.106870
3.687023
-4.213740
-0.847328
-1.465649
0.305344
0.221374
0.526718
1.679389
-2.099237
-0.167939
0.091603
-2.106870
-2.053435
-0.412214
3.412214
0.564885
-0.908397
-0.496183
3.717557
2.648855
-1.290076
-1.610687
-0.030534
-0.198473
1.908397
-1.259542
-0.045802
-3.312977
1.740458
-0.725191
2.290076
0.374046
1.824427
2.870229
1.404580
3.709924
2.511450
1.351145
2.435115
3.870229
1.519084
1.251908
0.992366
-1.648855
1.198473
-2.511450
-1.900763
-1.580153
-0.671756
1.572519
-2.396947
-1.343511
-0.496183
0.961832
0.435115
-1.625954
-2.122137
-3.992366
2.526718
2.473282
1.290076
-0.496183
2.526718
1.801527
2.381679
-0.030534
1.480916
1.091603
0.335878
0.061069
0.480916
0.595420
-0.854962
3.267176
7.160306
1.969466
1.916031
1.297710
3.603053
2.786260
1.671756
1.190840
1.358779
0.450382
3.854962
1.648855
1.458015
-0.687023
2.251908
4.755725
2.923664
1.961832
-0.068702
-1.671756
-1.061069
4.488550
3.190840
1.938931
-5.198473
-2.297710
-2.832061
2.625954
0.122137
-3.801527
-0.503817
-2.908397
-1.503817
1.007634
-0.328244
-0.877863
-3.083969
-0.229008
-0.732824
-0.572519
0.862595
-3.000000
-0.152672
1.435115
-1.664122
-3.366412
-1.297710
1.114504
1.152672
-0.442748
-1.106870
-0.320611
0.259542
0.114504
-3.206107
-1.610687
-0.885496
0.099237
1.251908
-0.946565
-0.106870
-0.847328
-0.244275
0.473282
5.122138
1.641221
2.366412
-0.045802
0.076336
-3.549618
0.496183
1.290076
0.923664
-5.702290
0.030534
-1.038168
2.687023
2.610687
2.000000
-0.396947
-0.793893
-0.068702
-1.496183
-1.893130
2.022901
2.763359
-1.381679
0.083969
-2.152672
-3.083969
2.206107
3.045802
0.809160
-1.236641
-4.511450
1.267176
1.748092
3.106870
3.656489
-2.198473
-1.900763
1.099237
-1.068702
2.977099
2.290076
-0.557252
-1.236641
1.175573
-0.229008
-1.221374
-0.053435
0.389313
-0.786260
-1.595420
0.282443
-3.541985
1.534351
1.580153
2.847328
-1.793893
-0.442748
1.694656
-0.709924
2.961832
-0.778626
3.618321
-0.030534
2.786260
0.358779
-0.267176
3.007634
0.290076
0.068702
-0.664122
-0.725191
1.664122
0.038168
2.106870
-3.709924
0.038168
3.816794
1.526718
0.618321
3.877863
-1.007634
2.748092
1.274809
1.175573
1.435115
0.137405
-2.366412
1.190840
-0.099237
0.160305
-0.183206
1.465649
-2.931298
-1.809160
0.603053
-0.610687
1.931298
2.137405
0.824427
-0.877863
-0.473282
1.206107
-2.122137
0.351145
1.045802
3.732824
-0.541985
-0.221374
-1.106870
2.969466
0.595420
1.595420
-0.328244
-0.442748
3.244275
-3.083969
4.603054
0.519084
1.465649
-3.091603
1.977099
1.694656
2.381679
4.725191
-1.351145
2.748092
1.236641
2.320611
2.702290
0.870229
1.893130
-2.320611
1.778626
0.068702
0.442748
4.083970
-1.000000
2.656489
-2.664122
-4.732824
1.015267
0.671756
-0.519084
-1.511450
0.816794
-1.908397
-1.488550
1.335878
1.885496
-0.251908
0.076336
1.221374
3.541985
0.480916
0.564885
-3.099237
0.885496
1.977099
0.587786
-0.877863
1.381679
-3.702290
-0.076336
0.190840
0.801527
1.694656
0.870229
1.549618
-0.511450
1.580153
0.160305
-0.267176
0.503817
4.190840
3.206107
0.290076
2.748092
0.374046
-0.381679
-2.259542
0.648855
2.122137
0.809160
3.534351
-0.931298
1.648855
-0.854962
-1.862595
0.358779
-1.030534
1.923664
2.320611
5.305344
-1.038168
1.190840
-1.580153
-3.389313
-1.229008
-2.282443
2.099237
-2.496183
0.236641
-3.541985
1.832061
-1.114504
3.351145
0.618321
3.007634
-0.007634
1.290076
1.435115
2.526718
2.175573
1.557252
-1.022901
-0.473282
-0.984733
2.152672
1.221374
4.122138
0.832061
4.007634
-0.396947
-0.114504
-2.259542
-1.633588
0.717557
1.290076
0.137405
1.244275
2.282443
0.618321
2.946565
-0.320611
2.229008
2.022901
-0.267176
-0.954198
-0.290076
-3.580153
-2.473282
2.488550
5.328244
0.977099
1.709924
-0.633588
2.381679
2.007634
2.977099
0.534351
2.099237
-0.374046
-0.099237
1.977099
0.351145
3.519084
4.801527
-3.633588
0.167939
-0.877863
3.099237
-0.770992
-2.961832
3.664122
-3.587786
-5.603054
0.183206
0.320611
-1.480916
1.160305
-5.229008
4.412214
-3.435115
-2.312977
1.801527
-0.083969
-2.297710
2.473282
-1.496183
-2.045802
-1.854962
2.442748
1.450382
-0.526718
0.396947
-0.396947
0.022901
1.656489
-1.137405
0.458015
-0.099237
-1.755725
1.755725
0.954198
-2.740458
-1.564885
0.984733
-6.106870
-1.030534
3.633588
1.351145
-3.145038
1.839695
3.229008
0.343511
1.435115
0.000000
0.770992
0.305344
-1.633588
-1.610687
-0.381679
-2.526718
-1.167939
3.587786
2.290076
1.007634
-2.251908
-4.694656
2.374046
-3.114504
-4.045802
0.832061
-3.732824
-3.007634
0.725191
-0.679389
-4.038168
-0.366412
-6.106870
-5.465649
-3.793893
-3.694656
-6.442748
-6.106870
-2.068702
-4.389313
-6.198473
-4.458015
-5.175572
-8.038168
-3.816794
-5.145038
-4.442748
-7.396946
-8.366412
-5.381680
-5.740458
-5.587786
-3.786260
-2.641221
-4.877862
-5.389313
-1.908397
-1.083969
-2.282443
-0.786260
-2.251908
-0.679389
-2.519084
0.541985
-1.068702
-2.099237
-3.938931
-2.351145
-2.992366
-2.160305
0.312977
0.061069
-1.167939
-0.534351
-4.374046
1.503817
-2.251908
-0.473282
0.992366
0.778626
0.717557
-1.259542
-2.068702
-0.580153
-2.534351
0.213740
-2.458015
-2.435115
-0.595420
-3.335878
0.404580
-4.167939
0.267176
-5.335878
1.312977
0.251908
1.977099
-0.938931
-0.251908
-0.946565
-0.450382
0.610687
-3.618321
1.824427
-0.885496
-1.022901
0.770992
-0.068702
-2.519084
-2.061069
-2.763359
1.007634
-2.404580
-0.847328
2.160305
-3.091603
-3.358779
-1.625954
-4.923664
-2.748092
-2.923664
-5.160306
-2.335878
-4.511450
-5.083970
-1.083969
-2.427481
-8.580153
0.603053
-6.931298
-1.824427
-5.305344
-3.877863
-3.328244
-4.938931
0.633588
-7.099236
-2.404580
-3.442748
-2.129771
-3.954198
-7.282443
-1.152672
-5.351145
-7.290076
-2.496183
-4.404580
-1.389313
-2.351145
0.519084
-3.503817
-2.465649
-1.557252
-3.671756
-1.564885
0.091603
2.320611
-1.473282
-1.931298
0.213740
-2.045802
0.251908
0.656489
-1.129771
2.053435
-0.351145
0.977099
0.290076
2.603053
-0.793893
-0.190840
0.946565
-1.099237
-0.557252
3.717557
-0.870229
1.435115
1.122137
1.175573
1.274809
1.580153
-1.190840
3.687023
-0.908397
1.167939
4.839694
-0.068702
1.244275
4.427481
-0.312977
-0.412214
1.839695
-0.213740
0.183206
0.946565
2.687023
2.015267
-2.152672
-0.664122
2.549618
-2.687023
0.732824
1.618321
-2.396947
-0.351145
1.862595
1.549618
-1.076336
-0.877863
-0.282443
0.572519
-4.793893
-2.267176
-1.969466
-2.564885
4.297710
1.381679
-2.435115
-1.511450
-1.580153
-2.618321
4.839694
1.709924
4.389313
4.427481
0.824427
-4.473282
0.290076
-0.877863
3.000000
4.458015
-1.877863
1.641221
2.206107
1.213740
3.648855
6.374046
-1.076336
7.229008
0.908397
3.854962
-2.435115
1.603053
0.053435
3.290076
1.007634
0.229008
4.595420
2.824427
1.923664
2.862595
-0.740458
7.274809
4.198473
7.687023
6.076336
8.068703
1.526718
4.206107
2.213740
1.305344
4.358778
5.015267
10.900764
7.206107
2.717557
1.190840
2.312977
5.183206
2.320611
6.801527
-1.396947
5.381680
1.877863
-2.099237
3.282443
5.725191
7.412214
2.427481
3.312977
1.381679
0.717557
2.412214
-1.595420
4.610687
-0.198473
5.870229
-1.557252
0.412214
5.076336
2.916031
5.564886
2.511450
0.801527
2.664122
2.748092
4.534351
2.137405
5.793893
-0.030534
4.740458
4.595420
4.625954
5.030534
-0.099237
-0.496183
3.549618
9.351145
2.938931
4.061069
4.671756
1.358779
0.702290
3.053435
4.335878
2.893130
-0.595420
-1.328244
-1.007634
-0.030534
4.022901
6.480916
3.702290
5.503817
2.305344
0.511450
-0.687023
-0.580153
1.511450
-3.564885
0.977099
-0.412214
0.091603
2.076336
0.816794
3.412214
4.099236
4.961832
1.343511
-0.137405
-0.381679
-3.656489
-1.076336
0.274809
3.435115
2.480916
3.679389
2.633588
0.770992
-1.946565
-4.267176
0.236641
-3.122137
-1.007634
5.137404
2.213740
1.977099
1.312977
-3.587786
1.732824
-1.946565
1.404580
4.007634
-1.603053
2.832061
-2.633588
-3.458015
3.198473
-1.015267
2.335878
2.167939
-2.862595
1.404580
-4.541985
2.648855
-2.366412
-1.816794
2.961832
1.076336
0.541985
2.114504
-2.916031
2.770992
0.015267
5.229008
0.351145
-1.526718
3.175573
-0.534351
1.015267
3.549618
-1.183206
3.717557
1.488550
2.091603
0.709924
1.007634
5.343512
-2.442748
-0.351145
3.427481
-1.854962
0.923664
0.221374
-6.297710
-1.358779
0.740458
4.748092
-0.526718
1.061069
5.312977
5.641222
-0.137405
2.465649
5.335878
1.297710
1.923664
2.702290
2.442748
-1.725191
-3.702290
-1.801527
2.167939
-1.732824
-4.328244
-0.809160
0.068702
0.854962
-3.274809
-3.641221
-1.755725
1.587786
-1.847328
-7.389313
2.877863
-3.618321
3.893130
-3.061069
-1.679389
1.366412
2.160305
-1.053435
-3.763359
0.519084
-2.236641
-3.442748
-7.389313
0.061069
1.343511
-3.862595
-3.458015
-0.786260
-6.625954
2.656489
-6.167939
-2.022901
-1.198473
0.038168
-6.687023
-2.725191
-0.450382
-3.305344
0.832061
-1.511450
0.030534
-3.160305
0.175573
-1.572519
-5.175572
-1.656489
-4.610687
2.511450
-5.656488
0.992366
-4.908397
-1.000000
-1.381679
-5.160306
-1.839695
-5.526718
-2.068702
-5.290076
-0.244275
-5.977099
0.030534
-5.809160
-3.824427
0.541985
-6.511450
-1.824427
-0.267176
-3.717557
0.839695
-5.236641
0.900763
-7.343512
-0.618321
-3.022901
-1.480916
-4.549618
0.450382
-2.450382
-1.610687
-5.564886
2.381679
-4.152672
2.267176
-3.335878
-2.183206
-3.648855
3.083969
-3.328244
2.221374
-2.282443
-2.656489
-0.526718
2.511450
-2.793893
4.091603
-1.328244
1.954198
0.603053
-4.893130
4.740458
-3.618321
1.694656
-0.564885
-0.725191
-5.320611
3.221374
0.244275
3.328244
-0.297710
1.351145
-0.519084
-1.923664
0.465649
-4.450382
0.931298
0.068702
0.015267
0.984733
-2.396947
0.900763
1.954198
0.717557
3.587786
-0.938931
4.007634
-1.549618
2.557252
-0.053435
1.450382
1.763359
-2.763359
2.984733
-0.160305
-2.969466
0.053435
2.740458
1.167939
6.282443
-2.312977
7.396946
-0.809160
-1.389313
-1.274809
-1.618321
3.847328
-2.519084
0.885496
3.305344
-3.312977
2.801527
-2.519084
5.167939
0.343511
3.488550
0.786260
-1.335878
2.503817
-1.541985
3.213740
0.351145
-2.435115
2.290076
2.923664
-2.022901
-3.618321
5.526718
2.099237
-0.389313
4.000000
1.442748
-4.435114
1.129771
-1.908397
-3.374046
-1.442748
3.053435
2.587786
-2.862595
-0.503817
4.183206
-1.015267
-3.885496
-4.083970
1.412214
2.625954
1.274809
-1.091603
-0.152672
5.244275
3.274809
-5.992366
7.045802
-2.381679
0.633588
1.755725
-2.946565
2.832061
0.129771
1.450382
6.694656
-1.984733
3.305344
2.770992
-4.221374
3.419847
2.938931
0.221374
0.053435
-2.969466
3.595420
2.526718
1.099237
-2.213740
1.167939
-2.809160
4.526718
2.175573
1.847328
-3.396947
-0.755725
-1.221374
0.809160
-4.916030
4.625954
-2.656489
6.412214
-2.877863
1.916031
-2.725191
2.458015
-3.061069
2.503817
-0.381679
3.312977
-0.610687
0.870229
-1.335878
2.206107
1.801527
-0.267176
1.625954
-3.496183
3.267176
-0.740458
2.992366
3.770992
-4.488550
4.610687
-1.389313
2.656489
0.519084
-2.900763
6.618320
-2.114504
4.343512
1.633588
-3.267176
3.412214
-0.190840
3.213740
-2.458015
-2.732824
4.099236
-2.969466
6.053435
0.854962
-1.122137
-0.175573
-1.106870
1.572519
0.221374
4.961832
1.946565
-1.541985
5.152672
-0.549618
3.229008
-1.679389
0.732824
-2.076336
0.526718
-3.671756
-5.343512
2.694656
-4.442748
6.885496
-2.656489
6.778626
-1.404580
0.809160
2.381679
-2.526718
1.175573
-1.671756
-0.282443
6.633588
-0.061069
1.099237
2.694656
-5.015267
2.335878
-0.114504
1.908397
2.076336
-6.877862
0.954198
-1.083969
2.473282
-0.503817
2.122137
-3.335878
-0.351145
4.755725
0.343511
1.473282
5.732824
-2.007634
4.152672
0.832061
-1.931298
4.977099
-0.977099
3.335878
-2.274809
0.374046
7.770992
0.000000
-2.297710
4.755725
4.969466
1.061069
-2.465649
1.946565
0.862595
1.122137
-3.824427
-0.251908
7.961832
2.763359
-0.679389
0.465649
-2.000000
2.877863
-3.580153
-3.541985
4.488550
2.740458
4.709924
-2.778626
-1.061069
1.351145
4.793893
0.251908
-1.183206
3.580153
-2.396947
1.114504
5.038168
-1.908397
0.503817
3.778626
-1.290076
-1.145038
5.396946
1.076336
-1.778626
3.618321
2.129771
0.648855
2.847328
0.923664
1.786260
-1.465649
5.648855
-1.106870
-1.312977
2.977099
-1.137405
2.603053
2.740458
-2.274809
1.480916
-1.931298
5.671756
0.015267
-0.114504
1.198473
-2.694656
-1.259542
1.916031
2.114504
4.114504
0.244275
-1.076336
-1.809160
0.198473
-0.251908
3.152672
-0.145038
-2.083969
-0.809160
0.954198
-1.160305
-3.427481
6.129771
0.885496
-1.503817
5.465649
2.954198
-1.396947
-0.832061
6.213740
-0.893130
5.007634
-3.580153
-3.038168
6.580153
2.129771
-2.282443
1.847328
-0.694656
-2.839695
3.435115
0.061069
-1.389313
3.312977
-2.129771
-2.595420
4.053435
-0.854962
-2.496183
4.450382
-0.244275
-1.786260
3.419847
2.809160
-1.213740
0.366412
5.351145
-1.580153
-0.534351
1.641221
3.969466
3.450382
-2.396947
-2.389313
4.450382
1.114504
-3.564885
0.709924
3.030534
-4.251908
-1.557252
5.534351
3.687023
-5.396946
0.488550
3.839695
0.396947
-2.435115
-2.213740
-0.786260
-0.015267
-3.809160
-0.618321
5.770992
0.717557
-5.961832
4.366412
4.938931
-1.366412
1.320611
-0.160305
2.267176
-1.221374
-0.167939
-0.129771
0.076336
-1.045802
1.916031
0.366412
-0.282443
-0.022901
-2.984733
2.396947
-0.488550
3.175573
1.511450
-2.694656
0.763359
-3.946565
3.389313
0.137405
1.809160
-0.175573
-1.015267
4.015267
2.427481
3.381679
-1.450382
-1.427481
5.603054
0.816794
2.992366
0.244275
1.549618
-1.282443
2.458015
-2.045802
-0.267176
1.519084
-1.129771
3.244275
0.480916
2.099237
4.442748
-3.603053
4.145038
3.358779
-0.435115
-0.725191
4.320611
6.603054
4.709924
-3.045802
-0.122137
1.152672
-0.022901
0.564885
-1.251908
-5.412214
1.259542
0.534351
1.908397
0.206107
-3.709924
-1.534351
4.282443
-1.007634
1.114504
2.412214
-0.022901
2.366412
-3.465649
0.450382
2.236641
1.129771
3.167939
-1.587786
2.641221
-2.946565
4.022901
1.961832
0.885496
2.778626
3.030534
2.839695
-2.244275
1.984733
3.183206
-1.160305
0.633588
4.916030
0.992366
-1.206107
-0.969466
-2.190840
3.587786
6.343512
-1.770992
-1.122137
-6.015267
4.541985
1.946565
-0.076336
-5.000000
-3.496183
1.854962
2.351145
7.526718
4.099236
0.229008
2.274809
3.366412
0.732824
0.259542
-3.022901
-0.992366
-3.381679
-2.236641
3.770992
3.328244
-1.755725
0.229008
-0.061069
3.625954
0.793893
1.694656
-1.335878
1.801527
6.809160
2.152672
-0.786260
2.076336
1.137405
-0.946565
2.480916
0.305344
1.045802
1.396947
-3.374046
3.778626
-1.755725
-0.244275
0.030534
-3.893130
3.160305
-3.335878
0.740458
-0.801527
-3.297710
5.358778
-0.297710
-0.297710
2.625954
-2.587786
1.671756
1.954198
-0.526718
5.923664
0.244275
4.671756
-1.259542
1.854962
1.816794
-1.610687
3.625954
-1.366412
2.312977
-2.244275
3.603053
-0.610687
1.679389
1.412214
-0.343511
2.511450
2.152672
-0.541985
1.175573
-2.755725
3.763359
4.366412
0.389313
-3.938931
5.305344
2.778626
-1.557252
-1.122137
3.488550
-1.664122
-3.702290
-2.221374
-0.374046
-1.396947
5.030534
2.274809
-2.664122
-0.717557
-0.625954
2.236641
1.511450
-1.648855
-0.473282
-1.030534
-3.251908
1.877863
4.366412
0.229008
-1.244275
-0.755725
1.717557
4.648855
0.801527
-0.213740
-0.618321
-0.229008
1.068702
3.916031
3.061069
1.236641
-3.557252
2.045802
-0.282443
3.442748
-3.022901
-1.671756
5.091603
-1.450382
-1.435115
-1.297710
0.183206
-2.328244
0.404580
-1.992366
3.526718
-0.832061
-1.816794
0.824427
-0.587786
-0.610687
2.564885
-1.595420
-2.259542
-3.709924
1.809160
-0.687023
-1.083969
0.290076
-0.824427
0.977099
3.687023
-1.717557
2.129771
1.793893
-1.007634
0.190840
4.267176
-4.351145
3.450382
-3.038168
3.274809
0.297710
3.412214
-3.206107
-0.145038
1.572519
-0.328244
-3.198473
-1.030534
1.045802
4.152672
-0.229008
-1.038168
-1.244275
0.106870
3.412214
-0.648855
1.847328
2.213740
2.015267
-3.038168
-1.290076
2.152672
-1.328244
-3.511450
-1.748092
3.450382
1.549618
0.748092
0.213740
0.748092
3.083969
-2.351145
1.351145
3.076336
-1.236641
-2.916031
5.587786
0.511450
-1.244275
2.549618
2.694656
-4.458015
1.137405
4.305344
-2.198473
-2.312977
5.374046
2.229008
-4.427481
-1.854962
-0.893130
3.374046
-0.687023
-2.557252
1.389313
1.954198
2.770992
0.557252
-1.625954
-2.244275
7.320611
-1.198473
0.786260
5.656488
0.839695
-1.282443
-0.083969
3.282443
3.175573
-1.328244
-0.641221
2.183206
1.465649
-2.977099
-2.549618
1.633588
2.045802
-2.610687
-1.206107
6.412214
1.419847
0.465649
-2.091603
-1.061069
1.412214
2.137405
-2.015267
-2.648855
1.816794
2.877863
-0.198473
1.129771
0.633588
0.259542
3.687023
-1.916031
-0.450382
0.473282
2.938931
2.687023
-0.503817
1.656489
-2.160305
-1.816794
-1.244275
3.122137
3.549618
-0.572519
-2.297710
-0.824427
0.687023
3.114504
-2.885496
-1.488550
7.763359
-1.801527
-0.610687
2.259542
-3.015267
4.732824
1.427481
4.206107
-2.106870
-2.458015
4.259542
-1.343511
-1.061069
1.267176
-1.801527
-1.320611
3.404580
-2.755725
1.091603
1.748092
-3.496183
0.793893
-0.152672
-3.061069
5.801527
-3.656489
-0.534351
6.664122
1.610687
-2.290076
1.938931
-2.526718
4.404580
0.412214
3.557252
4.419847
-1.519084
-2.793893
-1.404580
3.763359
-4.007634
-1.061069
1.351145
-2.366412
0.938931
-1.755725
1.145038
0.267176
3.312977
-0.167939
-4.183206
3.557252
4.374046
-0.122137
-1.351145
-2.664122
1.900763
2.297710
4.038168
-0.435115
1.335878
3.809160
-0.488550
0.816794
-1.183206
-1.213740
2.748092
3.152672
-1.572519
2.114504
2.755725
-1.931298
5.389313
-1.725191
2.870229
-2.541985
4.061069
0.839695
-0.152672
0.396947
0.503817
1.503817
-0.564885
1.351145
1.702290
3.549618
-1.480916
-2.564885
1.450382
-0.259542
0.732824
0.305344
-1.511450
6.633588
0.770992
3.282443
-2.099237
-4.770992
4.236641
-2.541985
1.648855
1.267176
-2.412214
3.129771
3.687023
-2.923664
4.625954
-1.343511
1.137405
4.564886
-2.190840
1.923664
0.450382
-0.351145
4.748092
-2.488550
2.755725
0.465649
-0.053435
0.480916
2.015267
-3.778626
4.992366
-0.206107
-2.488550
-3.190840
-2.244275
7.137404
-2.671756
0.198473
-1.374046
1.923664
0.717557
-1.541985
3.801527
-2.854962
3.877863
-4.221374
-2.229008
-0.816794
4.732824
0.809160
4.267176
-0.221374
1.244275
-2.549618
0.595420
-2.297710
3.335878
-0.763359
3.541985
2.145038
2.106870
2.106870
1.427481
4.175572
3.061069
1.709924
2.793893
0.045802
2.053435
3.000000
-0.335878
2.717557
-2.213740
2.274809
-0.511450
1.106870
1.259542
-1.404580
-2.267176
5.358778
-2.351145
0.786260
3.992366
-1.137405
4.648855
-2.801527
-2.557252
5.015267
-1.541985
2.435115
-2.396947
-4.099236
4.870229
-0.809160
-1.938931
-0.183206
-2.053435
3.916031
0.526718
1.664122
-3.870229
0.412214
3.022901
0.946565
3.396947
-3.282443
3.717557
1.244275
0.366412
1.213740
-3.763359
1.938931
-0.587786
-1.106870
4.137404
0.274809
-3.610687
5.572519
1.335878
-2.625954
4.893130
2.007634
3.625954
-0.625954
1.587786
-1.068702
2.763359
-1.503817
-0.435115
4.282443
-2.190840
0.847328
3.068702
0.091603
-1.465649
1.595420
-1.473282
1.519084
2.061069
-4.694656
2.824427
-0.213740
-1.534351
1.740458
3.259542
-1.320611
-0.610687
1.923664
5.717557
-0.541985
1.732824
1.282443
-0.366412
-1.335878
1.854962
-0.419847
-1.580153
4.580153
-1.854962
-4.374046
2.893130
3.564885
-1.381679
-2.114504
3.854962
5.610687
3.389313
-4.396946
1.190840
4.374046
0.213740
-0.427481
4.297710
1.114504
-1.007634
2.832061
4.465649
-1.312977
-1.251908
7.862596
-0.328244
-0.778626
-0.335878
3.267176
-1.419847
0.061069
-0.625954
-0.961832
2.740458
1.839695
0.732824
-3.099237
0.351145
6.007634
3.480916
-1.870229
-2.007634
1.473282
5.740458
0.091603
-2.366412
-3.404580
-2.022901
-0.030534
5.297710
-2.022901
1.091603
-4.816794
-1.435115
0.129771
-1.809160
-0.587786
-3.137405
5.404580
1.000000
-1.534351
3.396947
0.015267
-1.916031
3.511450
1.778626
4.763359
1.145038
-5.045802
-1.633588
-4.954198
0.427481
2.854962
2.190840
2.061069
-0.206107
-1.809160
-1.190840
-1.610687
2.664122
3.351145
4.236641
3.106870
-1.290076
-2.114504
2.099237
-0.038168
3.251908
3.022901
-1.358779
0.717557
-1.122137
-2.832061
-3.488550
0.946565
0.045802
2.122137
1.557252
-4.877862
-0.656489
-0.267176
-1.755725
4.206107
-1.114504
-0.847328
-1.045802
-3.152672
3.679389
-2.671756
3.954198
4.374046
-2.488550
3.343511
-0.320611
0.656489
0.916031
-0.694656
-0.267176
-2.885496
1.519084
2.389313
-4.412214
1.656489
-0.961832
5.610687
-1.671756
3.312977
-1.206107
0.671756
-0.221374
0.160305
-3.763359
2.351145
-2.351145
-0.251908
1.038168
3.824427
-2.396947
1.022901
5.297710
-1.297710
4.251908
-0.526718
1.648855
-1.847328
4.114504
-1.893130
2.847328
-1.938931
3.770992
-2.870229
4.801527
-1.007634
-1.419847
-1.725191
0.519084
0.038168
0.648855
3.786260
-2.519084
-3.229008
2.038168
-2.908397
4.305344
-2.190840
4.312977
-1.717557
3.778626
-3.534351
3.396947
-2.496183
0.213740
1.816794
-2.389313
1.038168
-1.412214
5.702290
-2.801527
-0.175573
-2.229008
-2.511450
1.832061
1.503817
-1.923664
0.251908
0.984733
-0.977099
1.419847
-1.786260
-3.015267
0.244275
0.038168
-4.343512
4.343512
-0.343511
1.549618
-0.290076
-4.091603
3.931298
1.366412
-2.282443
4.160306
-0.641221
0.343511
1.618321
0.297710
1.534351
4.381680
1.938931
2.633588
1.282443
-2.549618
2.877863
-1.977099
0.022901
0.549618
-3.244275
-1.809160
2.282443
-1.343511
0.106870
2.679389
-2.870229
1.938931
0.038168
-0.503817
4.053435
-3.312977
-0.061069
5.083970
-0.870229
3.198473
2.480916
-0.435115
1.755725
2.442748
-1.183206
0.496183
3.389313
-3.961832
1.068702
-1.381679
2.732824
-1.603053
3.282443
-2.061069
3.145038
0.099237
0.389313
-2.839695
2.969466
1.748092
1.770992
-2.061069
5.900764
-3.328244
2.297710
-3.015267
2.236641
-1.595420
4.778626
0.160305
1.435115
-2.412214
3.297710
-1.129771
1.977099
-0.259542
-0.160305
-0.465649
3.587786
-1.664122
4.129771
0.267176
2.083969
-0.480916
0.236641
-3.656489
0.114504
0.389313
3.251908
-2.862595
3.297710
0.381679
-6.305344
0.290076
-2.427481
-1.198473
2.206107
-2.847328
1.595420
-1.748092
-4.244275
0.832061
-1.465649
2.633588
-2.656489
-1.221374
3.625954
-3.061069
-3.480916
-0.145038
-0.259542
-0.687023
1.656489
0.320611
-3.717557
5.519084
1.961832
-3.244275
2.480916
0.770992
-1.549618
3.221374
-1.030534
-0.656489
1.152672
0.641221
3.198473
-3.213740
-2.641221
1.160305
2.938931
-0.541985
3.160305
-1.351145
4.641222
1.610687
1.702290
-2.045802
-1.015267
-3.435115
4.732824
-0.580153
5.122138
0.832061
2.129771
-3.053435
1.541985
-2.671756
1.000000
-1.618321
5.374046
-0.770992
4.694656
-1.618321
-0.992366
5.839694
-3.381679
4.778626
-3.282443
-0.312977
1.633588
0.618321
2.099237
-1.381679
0.488550
1.114504
-0.450382
4.229008
-1.442748
1.099237
-2.129771
-1.862595
3.465649
-3.160305
0.641221
3.412214
-1.534351
6.763359
-0.343511
-0.091603
0.198473
1.694656
3.870229
0.709924
-0.496183
2.465649
5.877862
-2.068702
-1.923664
0.450382
2.274809
3.549618
-1.229008
0.610687
0.603053
4.427481
-1.389313
-0.732824
0.435115
-1.282443
-0.145038
1.358779
-0.496183
-1.770992
3.343511
1.763359
-4.038168
3.534351
0.938931
3.816794
-0.664122
5.312977
0.893130
-4.534351
-0.893130
6.465649
2.755725
-1.633588
0.404580
3.977099
0.732824
-5.038168
0.786260
4.076336
-3.893130
-1.236641
2.564885
-0.946565
-1.503817
6.038168
-0.656489
1.389313
0.496183
0.419847
1.931298
0.786260
3.297710
-2.106870
2.648855
-2.908397
0.496183
-1.717557
2.259542
-0.526718
5.610687
-0.633588
2.793893
-3.183206
2.061069
-1.709924
7.641222
-2.931298
5.748092
-0.610687
3.946565
-5.893130
0.137405
-0.641221
2.053435
-2.740458
2.625954
-1.816794
4.061069
-1.213740
0.274809
0.885496
1.793893
3.824427
0.854962
4.053435
-1.053435
0.496183
-2.496183
3.488550
-0.160305
2.931298
-2.442748
-2.664122
0.763359
-2.541985
5.061069
-2.625954
6.534351
-2.465649
1.732824
-2.442748
2.763359
-2.503817
2.564885
2.267176
-2.099237
0.625954
-3.099237
3.618321
1.404580
2.755725
-0.038168
-3.824427
3.709924
-1.946565
-1.885496
2.236641
-3.717557
0.618321
2.221374
-2.358779
2.778626
2.442748
-2.152672
3.076336
0.229008
2.648855
3.664122
-1.526718
-0.007634
4.832061
-3.038168
4.938931
0.732824
-3.137405
3.343511
2.076336
0.297710
-4.687023
4.167939
-1.305344
4.061069
4.007634
3.198473
2.595420
0.618321
1.175573
2.916031
-0.267176
1.145038
1.526718
0.992366
-1.732824
0.106870
2.816794
0.374046
-0.587786
5.358778
0.709924
1.702290
0.061069
4.435114
-4.793893
1.931298
-4.061069
-2.832061
0.679389
-0.763359
-0.587786
-1.931298
-0.083969
-3.564885
2.221374
-5.206107
-2.244275
-5.870229
-8.480916
-5.229008
-5.396946
-9.877863
-10.045801
-6.633588
-6.396946
-5.351145
-9.839695
-7.946565
-7.007634
-6.526718
-9.916031
-11.229008
-5.824428
-8.877863
-7.755725
-7.374046
-10.351145
-7.587786
-3.740458
-8.572519
-5.053435
-6.145038
-5.045802
-0.923664
-7.618320
-4.000000
-2.648855
-2.496183
-1.374046
-0.801527
0.526718
4.687023
1.053435
-1.702290
1.954198
5.832061
6.679389
4.778626
10.641221
7.389313
9.931297
8.328244
9.076336
8.519084
11.618320
10.175572
9.061069
9.916031
11.198473
11.106871
14.923664
6.763359
10.297709
13.923664
9.068703
10.236641
12.839695
9.259542
9.671756
12.687023
8.335877
9.450381
13.938931
9.061069
10.366412
14.030535
16.427481
9.328244
9.358779
13.816793
14.557252
8.572519
10.221375
10.305344
13.312977
8.648855
6.786260
3.984733
3.534351
5.229008
6.183206
7.183206
5.854962
3.427481
3.740458
3.030534
-1.625954
2.725191
1.610687
-2.015267
-0.885496
-0.083969
0.519084
-3.274809
-1.381679
-2.969466
-1.839695
-5.267176
-8.290076
-4.427481
-6.099236
-8.076336
-5.083970
-3.893130
-4.938931
-7.656488
-6.648855
-12.045801
-11.603053
-8.702291
-11.923664
-12.519084
-8.061069
-8.549619
-12.427481
-8.564885
-6.473282
-9.145039
-5.984733
-11.244275
-8.572519
-8.564885
-11.229008
-11.587787
-12.740458
-10.977099
-8.511451
-11.083969
-9.160305
-9.206107
-9.312977
-9.282443
-10.671756
-10.916031
-10.854961
-10.633588
-9.099236
-11.679389
-7.458015
-10.694656
-9.458015
-10.549619
-10.977099
-9.900764
-12.389313
-8.480916
-13.977099
-9.404580
-13.984733
-14.946565
-12.671756
-10.641221
-6.396946
-6.633588
-7.251908
-11.458015
-10.198473
-12.633588
-7.977099
-11.190840
-10.740458
-9.656488
-10.564885
-8.984733
-10.770992
-10.465649
-6.465649
-7.236641
-7.427481
-8.328244
-12.458015
-9.633588
-4.236641
-4.366412
-5.244275
-6.053435
-4.908397
-3.450382
0.229008
-3.671756
-3.679389
-4.442748
0.381679
0.206107
-3.992366
0.053435
1.305344
-1.427481
-2.465649
1.931298
-0.068702
1.320611
1.435115
2.358779
2.328244
5.442748
3.709924
0.541985
4.145038
5.091603
5.045802
7.053435
9.839695
5.549618
10.221375
10.618320
10.809160
9.938931
16.572519
10.221375
14.221375
11.267176
12.183207
8.923664
16.496183
12.183207
11.992367
12.083969
18.198473
12.358779
14.038168
12.259542
10.450381
9.709924
14.473283
11.740458
12.954199
13.045801
16.297710
12.969465
16.687023
11.274809
10.595420
14.885496
17.259542
18.030535
14.816793
12.648855
10.206107
11.877863
12.122137
11.251908
13.206107
14.801527
12.725191
15.618320
20.236641
11.183207
11.190840
13.259542
9.648855
17.824427
13.137404
15.007633
12.282443
14.557252
12.793893
16.625954
14.984733
13.496183
12.328244
16.381680
11.732824
13.374045
9.786260
14.465649
14.412213
13.885496
15.076336
11.778625
12.709924
11.389313
15.320611
13.809160
12.572519
14.877863
15.145039
16.916031
15.541985
12.236641
15.961832
14.396947
15.198473
18.992367
16.137405
14.870229
12.969465
14.824428
11.297709
14.244275
14.061069
16.328245
14.007633
14.580153
14.786260
9.969465
10.854961
16.732824
11.961832
14.076336
11.954199
10.656488
13.236641
12.251908
12.557252
11.419847
11.916031
14.450381
11.381680
13.343512
11.366412
7.801527
9.595420
5.015267
4.954198
0.648855
1.755725
-3.145038
-3.694656
-2.435115
-3.312977
-3.557252
-3.893130
-6.175572
-5.595420
-7.992366
-11.938931
-8.778625
-13.824428
-12.992367
-12.236641
-12.496183
-7.755725
-13.725191
-9.480916
-10.022901
-11.503817
-12.083969
-9.374045
-10.900764
-12.740458
-10.595420
-9.145039
-12.000000
-9.725191
-12.748092
-9.984733
-11.679389
-11.961832
-11.862596
-12.076336
-10.229008
-12.679389
-8.496183
-9.312977
-8.114504
-9.358779
-10.473283
-12.595420
-10.595420
-14.938931
-11.832061
-10.526717
-9.335877
-10.732824
-11.877863
-11.603053
-10.916031
-8.923664
-11.221375
-8.259542
-10.984733
-8.580153
-12.900764
-14.755725
-12.633588
-11.213740
-12.213740
-7.290076
-10.450381
-11.534351
-9.221375
-10.450381
-11.633588
-9.595420
-8.038168
-11.183207
-12.320611
-8.320611
-10.786260
-11.106871
-6.580153
-8.549619
-14.893129
-11.312977
-8.137404
-14.488549
-10.664123
-10.206107
-11.000000
-10.832061
-9.625955
-10.053435
-12.381680
-13.053435
-10.557252
-11.274809
-12.748092
-12.007633
-12.671756
-10.137404
-10.061069
-10.801527
-14.137404
-9.160305
-9.221375
-10.740458
-13.007633
-12.511451
-8.221375
-8.435115
-10.732824
-6.625954
-6.580153
-9.664123
-5.114504
-2.137405
-1.274809
-1.305344
-3.938931
-1.610687
1.175573
0.793893
2.328244
0.244275
3.832061
6.458015
4.511450
4.526718
4.526718
3.992366
4.106870
6.549618
4.068702
2.816794
3.412214
6.190840
3.442748
2.633588
5.633588
5.633588
2.671756
6.175572
2.801527
7.503817
8.297709
8.076336
6.725191
5.396946
4.167939
3.587786
3.885496
2.877863
4.587786
2.251908
2.656489
2.541985
2.770992
4.564886
1.961832
5.748092
3.114504
1.297710
3.366412
4.076336
1.671756
-1.213740
4.442748
-0.442748
1.007634
3.274809
0.671756
1.969466
0.923664
2.816794
0.190840
2.931298
2.916031
0.488550
1.396947
1.053435
1.450382
3.114504
0.954198
1.618321
0.541985
1.778626
0.603053
2.694656
0.862595
1.091603
1.076336
2.290076
2.931298
1.809160
0.916031
0.282443
-0.732824
-1.206107
1.969466
-1.984733
0.809160
2.618321
-0.152672
-0.595420
0.412214
1.091603
-2.458015
-2.053435
-1.282443
-1.694656
-1.335878
-1.610687
-1.190840
0.351145
0.916031
1.114504
2.190840
-0.687023
1.572519
2.221374
1.320611
0.854962
0.450382
1.259542
0.709924
-2.435115
0.916031
-1.496183
0.221374
0.190840
-0.572519
-2.839695
-2.290076
-2.114504
2.167939
0.809160
1.366412
0.564885
0.679389
-0.160305
-2.007634
-0.473282
-1.839695
-0.396947
-2.770992
-1.671756
-2.320611
-0.969466
-0.679389
1.450382
-0.648855
-0.557252
0.740458
-2.580153
0.122137
1.167939
-2.992366
1.511450
-1.839695
2.343511
-1.870229
-4.419847
-1.938931
-2.458015
-2.374046
-2.740458
0.916031
0.183206
1.259542
0.580153
0.129771
1.763359
1.709924
-2.259542
-1.977099
1.717557
1.358779
-0.145038
0.954198
-2.488550
-2.000000
2.106870
1.717557
-4.488550
-1.870229
4.175572
-3.190840
-1.129771
2.618321
0.419847
-0.175573
0.236641
3.198473
0.412214
3.122137
1.587786
3.908397
4.206107
1.740458
1.847328
-0.274809
2.244275
-2.770992
3.954198
2.381679
3.877863
0.335878
6.511450
4.832061
7.992366
1.267176
0.374046
2.725191
4.244275
-2.549618
0.679389
-1.267176
-2.007634
-0.664122
0.625954
-0.381679
-1.801527
-2.809160
-0.908397
-1.580153
-0.832061
2.358779
-1.847328
-0.312977
-0.625954
-0.564885
1.366412
0.465649
-2.335878
0.977099
0.137405
3.870229
-1.129771
1.175573
-1.992366
0.625954
-1.061069
2.152672
-0.061069
-4.541985
-0.473282
-3.061069
-3.061069
-1.564885
-5.137404
-2.183206
-1.312977
0.496183
-0.748092
0.106870
0.259542
3.206107
-1.374046
2.580153
-0.083969
2.961832
2.862595
-0.877863
2.267176
3.587786
-2.038168
0.641221
-1.480916
0.374046
-4.145038
3.083969
-0.610687
1.709924
0.755725
-3.030534
-7.564886
-6.389313
-3.587786
-3.297710
-0.122137
-2.229008
-5.129771
-5.312977
-8.068703
-9.290076
-1.290076
-2.793893
-4.099236
-4.145038
-4.137404
-3.671756
-2.801527
-6.015267
-5.496183
-2.572519
-3.778626
-2.648855
-4.022901
-5.213740
-8.007633
-3.458015
-6.198473
-2.419847
-4.419847
-10.893129
-5.801527
-1.427481
-5.488550
-5.053435
-6.885496
-8.496183
-2.320611
-5.229008
-6.931298
-6.641222
-8.267176
-3.832061
-10.366412
-0.816794
-7.938931
-6.061069
-3.496183
-3.564885
-5.488550
-3.916031
-4.083970
-0.816794
-3.603053
-2.511450
-6.305344
-2.549618
-3.427481
-5.748092
-0.221374
-1.045802
-3.603053
-0.908397
-0.648855
0.335878
-1.977099
-2.396947
-3.114504
-4.908397
1.977099
-2.137405
-3.801527
1.053435
-5.236641
-1.687023
-4.137404
-2.435115
-2.977099
-1.335878
-4.152672
-0.396947
-0.916031
-5.000000
1.984733
-6.351145
1.870229
-1.687023
-2.694656
-1.091603
-5.687023
-0.221374
-5.213740
0.244275
-4.977099
0.083969
-4.625954
-0.251908
-3.656489
-0.274809
0.603053
-3.122137
-3.099237
0.450382
0.145038
-1.427481
1.938931
-1.312977
1.419847
-1.335878
0.343511
3.877863
-2.557252
2.061069
-0.160305
-1.648855
-1.473282
0.816794
-1.389313
0.923664
-3.709924
-2.152672
0.877863
-6.358778
-2.824427
-3.427481
-2.580153
3.312977
0.106870
-1.984733
-2.419847
-4.610687
0.511450
-0.274809
-4.213740
0.977099
1.832061
3.534351
-2.229008
0.160305
0.190840
-0.954198
4.389313
1.984733
-0.580153
2.167939
3.977099
-3.824427
2.725191
-0.793893
-2.145038
2.488550
-0.297710
0.977099
1.648855
-0.190840
-0.679389
-0.870229
-0.435115
3.015267
2.015267
2.473282
-0.877863
0.748092
4.778626
3.770992
0.045802
2.160305
3.427481
2.274809
3.977099
2.160305
1.229008
4.480916
2.435115
1.206107
5.022901
4.206107
1.908397
6.061069
1.603053
4.587786
2.984733
1.778626
-1.427481
1.824427
5.198473
0.526718
2.389313
3.160305
3.534351
0.267176
2.702290
1.328244
-0.122137
1.381679
1.091603
1.603053
4.450382
1.244275
1.847328
5.091603
7.954198
-4.564886
0.923664
-0.358779
-3.740458
2.641221
-2.870229
4.137404
-1.664122
-3.343511
-0.778626
-2.526718
0.862595
-1.763359
0.656489
-3.664122
0.267176
-0.213740
-0.015267
0.603053
-4.389313
-3.206107
0.610687
0.595420
-5.335878
-0.916031
-6.030534
-0.351145
-4.854962
-5.763359
-4.488550
-2.442748
-3.824427
-4.709924
0.717557
-1.809160
-0.748092
-2.717557
0.458015
-0.442748
-4.351145
1.053435
-5.572519
4.244275
-2.129771
3.221374
-0.938931
0.786260
-0.839695
-4.938931
-0.893130
0.480916
0.740458
-3.625954
-2.595420
0.694656
-9.137404
-0.297710
-5.007634
-5.106870
-5.557252
-5.183206
-1.229008
-8.221375
-1.458015
-3.954198
-6.229008
-6.511450
-10.488549
-9.091603
-3.488550
-10.725191
-7.435114
-7.290076
-3.717557
-8.519084
-6.671756
-6.618320
-11.549619
-8.038168
-4.068702
-11.625955
-8.656488
-8.221375
-8.343512
-8.381680
-8.709924
-10.160305
-10.511451
-6.893130
-12.114504
-6.290076
-10.106871
-4.335878
-9.824428
-11.763359
-4.458015
-12.748092
-6.908397
-10.381680
-5.946565
-10.916031
-7.244275
-8.992367
-8.709924
-6.793893
-13.564885
-5.625954
-9.297709
-3.984733
-7.587786
-6.183206
-5.984733
-7.946565
1.526718
-6.282443
-3.648855
-3.763359
-0.740458
-1.221374
-0.435115
-0.183206
-2.267176
-2.770992
-1.091603
-2.282443
-4.961832
-1.671756
-4.358778
-1.389313
6.053435
-0.961832
2.786260
-1.091603
2.351145
-0.916031
2.564885
3.603053
-4.183206
-0.900763
-3.847328
3.022901
-1.236641
-2.320611
0.526718
1.099237
-3.526718
2.244275
-1.877863
-2.748092
1.488550
-1.801527
-4.977099
1.213740
3.160305
-0.251908
-0.198473
4.496183
-2.137405
4.076336
2.496183
-1.511450
-1.961832
6.137404
2.763359
-3.068702
1.656489
3.847328
-2.702290
-3.534351
1.984733
0.549618
-3.274809
2.839695
-2.862595
6.870229
-1.053435
-3.213740
3.931298
-0.320611
-2.511450
2.198473
-1.213740
6.564886
-1.900763
0.335878
5.183206
-2.893130
4.114504
-0.030534
0.236641
-2.015267
-2.549618
3.587786
-1.770992
1.053435
-1.641221
0.603053
2.099237
5.305344
0.007634
3.717557
-2.106870
4.083970
1.541985
2.541985
2.488550
-0.824427
4.465649
4.244275
-0.625954
1.015267
2.091603
-1.854962
1.595420
-2.587786
2.251908
0.083969
3.206107
-1.549618
-0.847328
1.664122
-0.030534
1.129771
5.061069
0.984733
5.778626
1.877863
7.076336
-2.106870
-0.648855
-5.725191
0.969466
1.526718
3.061069
7.366412
1.274809
1.992366
-3.015267
3.511450
-3.167939
5.832061
2.404580
-2.587786
-0.045802
0.412214
5.160306
1.305344
-0.534351
4.679389
1.435115
2.122137
1.641221
-1.648855
3.389313
3.099237
-2.099237
0.656489
2.572519
2.419847
3.740458
-0.885496
-4.229008
-1.351145
3.717557
0.282443
1.099237
-5.297710
0.076336
1.969466
3.137405
1.740458
-2.938931
-0.335878
5.702290
-0.770992
3.931298
1.870229
-2.076336
1.603053
3.923664
3.206107
3.229008
1.702290
-0.702290
-0.206107
0.473282
-0.671756
5.007634
-3.312977
3.030534
2.778626
-3.572519
-0.038168
-3.015267
-0.854962
2.045802
-2.374046
4.099236
-1.022901
0.847328
-0.389313
-4.015267
-2.816794
-1.877863
-3.938931
-1.458015
-0.793893
4.748092
3.030534
4.549618
4.580153
-1.648855
2.396947
1.305344
-2.954198
-1.702290
3.824427
2.221374
7.022901
4.320611
1.030534
2.343511
2.770992
5.381680
8.473283
4.106870
1.587786
9.755725
7.984733
8.305344
12.564885
10.229008
6.442748
5.824428
4.625954
4.381680
7.099236
4.534351
2.763359
3.305344
7.832061
4.503817
3.045802
8.427481
5.541985
2.221374
-4.618320
-1.282443
-1.488550
-3.000000
-4.358778
-3.358779
-1.320611
-2.129771
-7.786260
-5.526718
-6.519084
-7.236641
-10.335877
-6.099236
-3.473282
-9.671756
-5.854962
-7.145038
-8.374045
-9.206107
-8.061069
-10.053435
-10.091603
-9.992367
-4.488550
-5.961832
-9.618320
-10.274809
-6.435114
-1.343511
-4.526718
-6.587786
-6.633588
-2.244275
-2.389313
-3.412214
-2.755725
-0.061069
-1.473282
-1.969466
-1.511450
-0.190840
5.419847
3.435115
1.442748
4.954198
2.290076
7.061069
2.511450
5.129771
2.519084
4.549618
-2.381679
-2.442748
-0.251908
2.099237
1.740458
0.541985
0.412214
1.786260
3.671756
1.076336
3.923664
4.893130
2.885496
2.167939
0.053435
-0.938931
1.580153
4.274809
4.206107
8.770992
7.236641
3.213740
1.587786
1.832061
4.351145
6.496183
8.748092
7.129771
6.267176
3.488550
1.000000
-0.068702
0.702290
4.763359
5.404580
0.213740
-3.251908
-3.236641
1.938931
2.458015
3.748092
-1.045802
-3.236641
-0.572519
0.763359
2.076336
3.870229
4.145038
-0.839695
-0.679389
-2.076336
3.175573
4.022901
1.480916
-1.496183
-2.832061
-0.030534
4.595420
6.748092
2.832061
1.595420
3.496183
2.366412
-2.167939
-2.328244
-0.778626
2.366412
4.106870
0.221374
-2.496183
2.297710
3.038168
-0.824427
-2.122137
2.641221
3.557252
1.335878
0.931298
4.839694
1.763359
-0.725191
-0.427481
4.755725
4.908397
5.236641
1.351145
4.183206
6.190840
1.885496
2.916031
10.465649
6.793893
5.137404
10.374045
13.007633
4.496183
7.969466
9.816793
13.717557
9.549619
8.091603
8.328244
9.748092
2.305344
1.389313
2.633588
6.648855
2.267176
2.763359
5.175572
0.656489
3.366412
1.465649
-0.045802
0.832061
5.053435
-1.022901
-0.679389
2.580153
3.419847
-3.068702
0.778626
2.526718
-0.900763
-1.816794
3.801527
2.496183
-5.206107
-3.938931
-1.793893
2.717557
2.656489
-2.503817
-4.229008
0.053435
-3.755725
-4.847328
-3.587786
-4.473282
-4.900764
-3.480916
-3.717557
-0.847328
-3.847328
-1.427481
0.473282
2.664122
-0.015267
-5.343512
-5.870229
0.145038
-0.213740
-1.778626
-4.229008
-2.648855
-0.755725
2.786260
-3.816794
-4.381680
-1.900763
-4.862596
-0.770992
-3.832061
-5.488550
-4.160306
-1.610687
0.290076
-3.824427
-4.931298
-1.603053
-6.633588
-1.954198
-4.198473
-6.847328
-3.961832
-2.954198
-3.061069
-9.312977
-1.213740
-4.160306
-8.328244
0.366412
-1.740458
-8.076336
-0.587786
-2.404580
-4.786260
-4.847328
-0.534351
-7.801527
-2.732824
1.885496
-0.900763
-4.145038
-3.221374
-2.694656
-1.916031
3.244275
-1.267176
-1.717557
1.732824
-0.923664
-0.694656
-8.389313
-4.564886
-6.832061
-3.580153
-1.083969
-0.480916
-2.847328
-3.793893
-0.099237
-0.450382
-2.824427
-5.648855
-3.312977
-5.213740
-3.167939
-2.679389
-3.305344
-5.488550
-0.419847
-5.351145
-2.198473
0.549618
0.763359
-2.290076
-2.312977
-2.557252
-3.992366
0.549618
-2.778626
-3.870229
-1.587786
-1.000000
-1.381679
-0.648855
2.503817
7.274809
5.816794
1.160305
-1.099237
5.824428
7.679389
12.793893
7.091603
4.099236
4.664122
8.557252
4.076336
4.580153
5.671756
12.274809
12.190840
10.519084
9.778625
8.541985
7.885496
4.633588
5.290076
8.610687
7.755725
5.122138
8.732824
9.335877
10.732824
9.793893
6.259542
7.351145
11.572519
7.893130
8.442748
13.419847
12.732824
12.557252
9.381680
7.839694
8.603053
7.343512
5.709924
6.374046
7.984733
7.702290
8.091603
7.175572
6.908397
1.732824
5.770992
7.916030
2.122137
-0.152672
2.694656
6.015267
1.793893
1.763359
5.885496
0.702290
0.114504
1.358779
4.099236
-0.236641
-4.450382
-1.442748
1.977099
-4.038168
-1.778626
-1.122137
-2.587786
-3.732824
-2.106870
-4.610687
-2.427481
-7.534351
-9.229008
-7.229008
-5.343512
-7.274809
-8.328244
-7.183206
-5.022901
-3.679389
-5.374046
-6.335878
-0.732824
-6.236641
-8.106871
-5.770992
-4.893130
-3.503817
-6.580153
-9.618320
-11.000000
-9.763359
-9.656488
-11.404580
-10.801527
-8.282443
-10.419847
-11.664123
-9.061069
-17.358778
-8.977099
-8.893129
-10.091603
-5.244275
-8.274809
-6.633588
-6.091603
-16.694656
-3.549618
-10.648855
-7.335878
-9.564885
-8.923664
-12.633588
-4.396946
-15.954199
-4.091603
-10.984733
-6.389313
-3.450382
-11.870229
-1.511450
-8.984733
-8.854961
-5.885496
-8.213740
-7.877862
-6.740458
-9.419847
-8.809160
-10.236641
-6.175572
-8.847328
-5.442748
-5.885496
-8.366412
-8.862596
-5.687023
-5.793893
-4.694656
-5.030534
-3.519084
-5.198473
-3.702290
-8.099236
0.816794
-4.351145
-4.526718
-4.221374
-2.916031
-2.022901
1.778626
-2.809160
-3.297710
-1.328244
-2.427481
-0.396947
-5.167939
-3.213740
-4.198473
-3.687023
-1.404580
-2.748092
-0.618321
-4.312977
-3.648855
-1.755725
-3.045802
0.832061
-2.969466
0.877863
0.961832
0.167939
0.305344
0.053435
0.885496
0.816794
0.526718
0.656489
5.450382
1.396947
-1.343511
2.473282
-1.450382
2.038168
-2.824427
-1.374046
-1.083969
0.381679
1.221374
1.625954
2.114504
2.702290
1.610687
-2.709924
0.152672
1.603053
0.450382
1.992366
-0.610687
-1.900763
4.519084
-4.229008
6.755725
-3.251908
-0.900763
1.793893
-3.038168
0.969466
-1.580153
3.083969
-0.381679
-0.290076
3.526718
-1.603053
-2.488550
-1.679389
2.183206
-3.572519
0.374046
-3.603053
4.931298
-5.160306
2.786260
3.251908
-0.389313
-4.022901
-3.251908
3.908397
2.343511
-1.870229
-1.503817
2.183206
-1.618321
-1.145038
-1.641221
1.625954
0.541985
1.305344
0.320611
0.419847
-0.442748
-1.809160
2.801527
-0.862595
2.305344
0.450382
-2.847328
-0.816794
-2.679389
4.007634
0.244275
-4.534351
1.938931
-0.717557
2.137405
2.824427
-5.809160
-0.694656
3.091603
0.374046
-0.786260
2.122137
5.190840
-2.801527
-3.587786
3.580153
4.885496
-3.404580
1.847328
-1.557252
4.145038
-0.145038
5.114504
0.992366
0.152672
1.320611
-0.801527
-0.702290
0.641221
-2.435115
-1.083969
2.427481
0.320611
1.648855
1.931298
4.938931
2.862595
6.198473
8.816793
3.610687
1.160305
6.732824
7.267176
8.511451
7.229008
4.167939
3.572519
5.206107
6.267176
8.534351
7.671756
9.770992
9.145039
8.435115
8.076336
9.106871
6.175572
9.679389
10.465649
11.083969
11.610687
12.427481
15.801527
10.145039
10.793893
7.961832
11.099236
15.488549
13.877863
9.145039
10.778625
11.664123
16.335878
9.297709
7.885496
8.847328
10.305344
7.045802
8.366412
9.900764
11.267176
10.740458
10.641221
12.305344
10.564885
14.549619
6.984733
14.480916
13.000000
10.435115
14.106871
9.725191
14.068703
9.427481
7.900764
12.244275
17.167938
7.740458
8.564885
15.526717
12.175572
12.748092
10.847328
15.992367
10.519084
10.610687
14.801527
12.000000
19.221375
9.969465
15.427481
12.641221
10.977099
10.045801
16.870230
11.526717
7.938931
13.549619
9.412213
12.595420
10.595420
11.618320
13.343512
11.083969
20.175573
8.061069
19.641222
10.908397
13.007633
12.312977
11.480916
18.221375
1.022901
18.725191
7.900764
14.740458
10.717557
16.549618
14.351145
10.366412
12.320611
9.480916
18.290077
4.206107
15.954199
10.473283
8.282443
15.870229
13.038168
10.938931
12.167939
12.916031
10.030535
10.251908
12.389313
14.068703
8.290076
13.022901
9.755725
13.763359
12.687023
11.351145
11.816793
7.900764
16.007633
7.748092
13.580153
11.755725
11.977099
13.251908
11.389313
11.854961
11.000000
16.671755
14.068703
16.618320
7.916030
12.847328
11.793893
14.396947
11.213740
14.648855
11.885496
11.366412
11.167939
8.755725
12.816793
13.885496
13.580153
16.893129
9.549619
12.603053
12.022901
11.519084
14.229008
12.458015
15.381680
11.755725
11.732824
12.877863
11.152672
11.656488
11.847328
15.000000
16.877863
7.549618
14.740458
9.091603
12.458015
15.091603
13.076336
10.763359
15.328244
12.404580
14.557252
9.114504
15.618320
12.847328
16.877863
13.007633
12.816793
9.129771
11.625955
11.984733
14.725191
11.091603
17.167938
13.587787
11.847328
11.557252
9.625955
14.106871
13.923664
13.038168
12.679389
12.595420
14.557252
12.778625
9.984733
13.877863
11.931297
10.160305
8.335877
11.175572
11.572519
8.442748
11.007633
15.770992
14.870229
13.473283
15.984733
12.801527
12.511451
15.099236
15.458015
12.648855
11.587787
14.770992
10.824428
14.206107
13.656488
16.320610
14.419847
12.786260
15.038168
7.236641
10.274809
8.870229
2.114504
7.412214
7.236641
7.236641
2.427481
5.732824
7.053435
6.076336
4.076336
0.557252
-1.503817
-1.748092
0.770992
-3.854962
-3.977099
-3.916031
-4.053435
-7.778626
-7.030534
-7.664122
-9.000000
-7.824428
-9.183207
-11.175572
-12.618320
-9.358779
-7.541985
-9.893129
-11.595420
-9.137404
-6.984733
-9.992367
-11.931297
-10.610687
-13.633588
-9.580153
-11.198473
-7.175572
-10.809160
-9.595420
-11.190840
-10.106871
-9.954199
-9.221375
-9.099236
-12.847328
-11.274809
-8.801527
-8.694656
-11.206107
-8.152672
-8.664123
-11.511451
-11.442748
-8.328244
-8.229008
-9.045801
-8.809160
-12.015267
-11.145039
-16.229008
-13.213740
-11.015267
-9.274809
-10.282443
-12.213740
-11.381680
-7.381680
-8.587787
-12.320611
-9.030535
-9.702291
-7.725191
-10.106871
-8.625955
-9.114504
-12.732824
-11.099236
-8.511451
-9.061069
-8.633588
-10.732824
-10.137404
-10.702291
-10.374045
-8.603053
-10.503817
-11.748092
-11.190840
-10.679389
-13.778625
-10.954199
-7.190840
-7.801527
-6.618320
-6.778626
-7.427481
-8.893129
-8.229008
-9.557252
-4.312977
-6.465649
-10.122137
-8.343512
-6.129771
-10.236641
-10.671756
-8.587787
-8.961832
-10.381680
-9.427481
-10.458015
-13.351145
-14.748092
-7.862596
-12.465649
-10.961832
-7.061069
-11.152672
-10.427481
-7.725191
-8.687023
-9.862596
-10.045801
-10.549619
-9.175572
-11.480916
-8.923664
-8.480916
-8.732824
-14.358779
-10.587787
-11.160305
-10.404580
-12.824428
-11.099236
-14.305344
-10.015267
-11.748092
-13.404580
-10.305344
-10.381680
-10.106871
-9.969465
-11.854961
-12.503817
-14.053435
-8.625955
-11.740458
-9.664123
-14.862596
-12.106871
-9.801527
-15.229008
-8.022901
-8.137404
-15.015267
-9.022901
-7.534351
-12.564885
-9.320611
-8.580153
-6.137404
-2.664122
-6.267176
-3.977099
-9.007633
-8.404580
-2.320611
-8.190840
-3.175573
-4.106870
-5.480916
1.656489
-8.816793
-2.305344
-6.320611
-1.198473
-1.061069
-2.847328
-6.809160
0.404580
1.687023
-4.732824
-3.557252
0.030534
-3.580153
-2.664122
-3.206107
1.267176
-4.213740
-3.870229
-2.465649
-0.832061
-2.396947
-0.374046
-3.167939
3.068702
-5.885496
2.267176
-2.221374
4.305344
-4.694656
-1.809160
2.687023
-4.305344
-0.702290
1.526718
0.160305
-0.305344
-2.618321
-0.862595
-1.213740
3.022901
-1.282443
-3.022901
-1.351145
-1.641221
-2.022901
0.053435
1.687023
4.183206
8.496183
1.534351
4.015267
2.503817
2.618321
-0.954198
1.145038
-2.916031
-2.564885
0.931298
6.488550
1.595420
-1.305344
-0.290076
-1.236641
3.007634
-0.221374
0.129771
-3.465649
1.167939
3.992366
3.145038
2.396947
-0.580153
0.709924
4.961832
-0.526718
0.541985
2.725191
-1.213740
-3.396947
5.267176
-0.580153
-3.351145
2.083969
2.366412
-0.251908
2.000000
-2.648855
0.832061
-1.022901
2.931298
1.854962
-3.770992
-1.404580
0.954198
3.129771
3.175573
-2.160305
3.984733
4.702290
-1.053435
0.183206
0.931298
3.717557
3.236641
0.702290
-0.274809
-0.496183
0.893130
1.183206
0.335878
-0.862595
3.427481
-0.305344
1.030534
1.297710
-3.076336
3.000000
-1.977099
0.473282
-0.725191
-1.175573
2.549618
1.740458
1.580153
0.702290
2.992366
-0.320611
3.061069
3.625954
1.374046
2.557252
1.870229
2.916031
3.396947
0.893130
1.671756
-1.687023
3.442748
-0.893130
4.496183
-1.045802
2.190840
0.946565
2.862595
3.671756
2.175573
1.786260
0.557252
0.580153
-0.458015
3.465649
1.595420
-1.068702
2.374046
-0.412214
-0.839695
1.335878
0.503817
-1.969466
-2.236641
-0.847328
-2.480916
0.916031
1.343511
-0.122137
3.885496
0.297710
-0.832061
0.167939
2.885496
4.076336
0.748092
2.358779
1.656489
2.412214
0.404580
3.656489
1.541985
3.137405
-2.030534
1.175573
-0.885496
-1.175573
1.381679
-3.068702
3.137405
-1.488550
1.122137
0.519084
-1.671756
-2.183206
-1.961832
-3.160305
-0.427481
-0.282443
-0.320611
0.343511
-0.679389
0.969466
1.534351
1.847328
1.633588
4.702290
-1.694656
3.809160
0.641221
0.984733
4.854962
1.877863
0.206107
1.633588
3.572519
0.015267
1.541985
3.137405
0.893130
0.549618
2.091603
0.312977
0.038168
-1.374046
3.496183
0.381679
2.358779
3.114504
2.603053
3.709924
0.977099
0.984733
3.274809
0.450382
1.664122
2.770992
-2.587786
1.450382
-0.618321
3.832061
1.862595
0.824427
-0.496183
-1.152672
1.343511
-0.816794
0.290076
-1.740458
-0.091603
-0.404580
1.854962
-0.702290
0.122137
0.702290
2.427481
2.022901
3.725191
1.732824
-0.137405
2.725191
2.656489
0.633588
0.877863
-0.503817
4.038168
0.282443
-1.587786
0.206107
-1.931298
3.770992
2.984733
-0.541985
0.213740
-2.885496
0.465649
3.320611
1.297710
-1.152672
1.618321
2.396947
3.786260
0.969466
-2.396947
4.465649
1.725191
2.664122
0.145038
0.687023
-2.007634
3.885496
0.603053
2.160305
-0.473282
1.557252
-1.412214
0.801527
1.770992
-0.030534
-0.984733
0.511450
0.229008
2.221374
0.870229
-0.984733
0.595420
1.236641
-1.068702
-0.160305
-2.488550
0.320611
0.717557
2.519084
-2.129771
4.236641
0.763359
1.404580
-1.977099
2.541985
-1.244275
0.488550
-3.305344
0.618321
-0.290076
-0.992366
-1.053435
0.427481
4.832061
1.412214
0.564885
-0.244275
5.114504
1.480916
-0.030534
-0.725191
-1.320611
-4.603054
4.549618
-2.648855
4.923664
-4.274809
3.648855
-0.099237
-2.198473
4.419847
-1.534351
1.992366
-0.748092
0.045802
2.671756
-2.068702
3.862595
-3.022901
3.748092
1.839695
1.473282
3.450382
0.633588
-3.946565
4.137404
2.312977
1.885496
-1.908397
3.954198
-3.412214
1.374046
2.099237
-0.572519
4.732824
-3.305344
1.175573
-3.786260
4.709924
-4.022901
3.106870
-1.534351
1.984733
2.396947
-1.496183
3.099237
3.740458
-5.572519
1.801527
-5.587786
2.664122
-4.312977
4.274809
-4.129771
-0.251908
-4.167939
-0.190840
-3.022901
-0.213740
-4.412214
-3.496183
-0.511450
-1.122137
-3.656489
3.190840
-4.450382
-2.274809
-1.801527
-6.229008
5.908397
2.946565
2.022901
-2.412214
-2.305344
-4.793893
-2.694656
3.541985
2.450382
3.038168
-4.480916
-0.526718
-2.496183
-1.145038
0.763359
-0.458015
0.328244
1.908397
-4.832061
-0.068702
0.671756
-3.137405
-2.091603
0.587786
-1.091603
-2.648855
-0.274809
-1.732824
3.465649
-0.778626
-2.801527
0.931298
-5.816794
-6.580153
-1.000000
1.419847
-0.496183
-0.793893
-1.145038
4.404580
-0.015267
-2.122137
-0.908397
-1.671756
6.290076
0.389313
1.748092
2.702290
0.129771
-0.335878
-1.312977
2.251908
-0.595420
2.106870
4.740458
4.832061
1.351145
0.290076
1.671756
2.511450
2.740458
3.725191
6.274809
1.809160
2.259542
4.274809
2.916031
3.374046
1.221374
5.625954
0.221374
6.694656
-1.053435
5.259542
2.519084
-0.145038
5.702290
8.137404
5.312977
3.190840
-0.206107
1.740458
0.839695
2.671756
1.389313
2.099237
2.595420
-2.961832
-0.503817
2.175573
4.412214
-1.206107
5.259542
0.320611
5.343512
0.099237
1.687023
1.297710
-2.595420
-4.320611
0.106870
-1.244275
-1.312977
1.175573
-0.801527
1.610687
0.167939
-2.511450
1.496183
-3.717557
-1.183206
-4.137404
-2.328244
-0.801527
-3.572519
-1.961832
-2.267176
-3.488550
0.404580
-2.503817
-1.946565
-2.122137
-6.015267
-3.396947
-0.229008
-6.328244
2.244275
-2.328244
-2.099237
-0.770992
0.885496
-1.748092
-1.946565
-1.549618
1.290076
-6.847328
2.465649
-6.916030
0.267176
-2.267176
-1.786260
-4.244275
3.030534
-0.549618
-2.251908
-1.458015
-2.984733
-1.923664
-6.793893
6.167939
-1.038168
-10.519084
1.564885
1.679389
-8.786260
2.908397
-5.618320
-3.305344
1.816794
-0.068702
-2.900763
-2.503817
-1.473282
2.068702
-2.419847
-5.343512
5.167939
-2.969466
-4.992366
0.984733
6.458015
-2.351145
-1.572519
-1.213740
2.664122
2.793893
3.465649
-3.786260
-1.167939
2.175573
3.251908
2.458015
2.030534
1.374046
-0.045802
1.305344
-0.312977
4.129771
2.496183
-1.450382
-3.877863
0.534351
1.625954
-1.870229
-4.244275
5.106870
1.213740
1.328244
-0.488550
0.824427
1.954198
-3.374046
-0.305344
5.885496
0.656489
0.358779
-0.099237
3.251908
4.839694
8.458015
1.793893
-3.091603
5.022901
5.175572
-2.809160
1.358779
4.022901
3.251908
3.267176
-4.885496
1.076336
5.000000
0.885496
-1.557252
2.557252
0.351145
-0.496183
-1.618321
-2.816794
-2.099237
-3.557252
-2.435115
-3.641221
-0.320611
-3.282443
-3.320611
-3.862595
-3.816794
-0.763359
-1.496183
0.389313
0.427481
-2.229008
0.977099
4.076336
6.877862
4.114504
-2.442748
5.320611
-3.045802
4.236641
-0.145038
-1.969466
4.862596
2.061069
4.923664
-3.496183
3.213740
-3.946565
1.786260
-4.572519
2.671756
0.320611
-1.473282
0.961832
-6.251908
4.664122
2.282443
0.358779
3.198473
2.564885
0.099237
-2.389313
4.778626
-1.564885
-0.618321
0.832061
4.045802
0.977099
-1.320611
-1.977099
3.809160
-0.083969
0.099237
2.679389
3.824427
1.267176
0.862595
3.618321
1.000000
-1.282443
-1.694656
1.503817
-0.534351
-2.007634
-2.625954
4.312977
3.900763
-2.343511
-0.083969
-0.824427
4.175572
-4.519084
-0.061069
-1.435115
-0.099237
4.450382
1.244275
-0.809160
4.977099
1.618321
3.977099
0.351145
4.152672
1.038168
-1.374046
1.801527
6.335878
-0.893130
2.916031
6.244275
3.099237
6.610687
2.335878
5.412214
9.480916
2.198473
5.519084
4.114504
5.251908
1.526718
8.694656
7.053435
2.885496
6.358778
6.175572
2.610687
5.351145
7.244275
2.786260
4.908397
1.946565
2.290076
5.068702
0.824427
4.549618
3.541985
6.541985
0.671756
7.076336
-1.251908
4.671756
4.625954
0.007634
0.885496
4.839694
0.206107
-2.335878
1.251908
2.038168
-1.740458
4.580153
-2.190840
2.900763
-1.931298
3.511450
2.053435
1.244275
-0.259542
3.534351
-4.106870
6.419847
-1.251908
3.427481
-4.763359
0.129771
0.061069
0.992366
-2.106870
2.007634
-1.870229
1.488550
-5.412214
1.763359
-2.190840
3.297710
-1.427481
0.404580
-2.198473
1.587786
-0.595420
1.045802
-1.877863
1.343511
-4.374046
2.725191
-4.770992
-3.488550
-4.870229
2.442748
-7.419847
3.801527
-2.793893
-5.374046
1.038168
-6.900764
2.351145
-3.251908
-4.862596
-0.702290
-8.038168
-1.099237
-2.297710
-1.618321
-5.648855
-0.572519
-1.770992
-2.984733
2.564885
-2.900763
0.320611
-1.992366
0.870229
-3.877863
-2.412214
-1.389313
-8.625955
1.442748
-2.778626
0.916031
-5.259542
-0.671756
-2.931298
-1.190840
1.824427
-2.702290
-2.893130
-0.549618
0.755725
0.175573
-5.748092
-4.923664
-3.190840
-1.282443
-0.702290
-1.045802
-2.122137
-6.480916
1.320611
-2.595420
0.236641
-1.839695
-2.137405
3.458015
-0.213740
0.763359
-0.335878
-0.282443
1.534351
1.572519
-5.725191
1.160305
-0.893130
-0.526718
3.076336
1.404580
0.587786
3.175573
3.954198
6.580153
3.061069
5.106870
-2.534351
7.450382
-0.549618
4.732824
1.885496
1.045802
7.190840
-0.748092
6.923664
0.450382
3.068702
0.282443
7.763359
1.603053
4.259542
1.671756
3.358779
4.053435
1.312977
3.625954
0.900763
1.694656
3.206107
1.198473
5.793893
8.435115
1.847328
0.770992
3.068702
2.328244
0.610687
3.519084
3.076336
2.870229
-0.389313
1.709924
-0.770992
-0.030534
1.519084
0.900763
-0.603053
2.106870
-3.786260
-0.122137
1.381679
0.068702
0.114504
2.145038
0.732824
-2.847328
1.312977
-1.465649
-0.534351
0.236641
1.366412
-0.083969
-2.526718
-0.236641
1.648855
-0.679389
2.526718
-0.572519
0.473282
-1.190840
2.534351
-1.938931
-0.488550
-0.511450
2.473282
-6.045802
-2.832061
1.603053
-2.931298
0.022901
-2.435115
1.068702
-3.312977
-4.068702
-4.381680
-1.625954
-0.824427
-0.450382
-0.045802
-0.068702
-0.465649
-1.366412
0.244275
-1.587786
-2.083969
-3.572519
1.496183
1.885496
-1.893130
3.847328
-4.694656
-0.503817
-0.595420
-0.770992
1.366412
-5.236641
5.267176
-4.618320
4.755725
-1.167939
-2.900763
-4.282443
-4.030534
4.587786
2.221374
-0.954198
-3.450382
1.885496
-1.358779
-1.580153
-1.816794
-0.755725
0.114504
-4.770992
1.236641
-6.847328
0.503817
-2.297710
-0.412214
-0.106870
-7.404580
1.129771
2.099237
-6.916030
0.595420
1.480916
-4.076336
4.030534
1.793893
-4.190840
-1.748092
5.183206
-1.748092
0.923664
-4.053435
-0.450382
-4.832061
4.503817
-3.557252
1.358779
-1.053435
1.923664
0.541985
0.068702
0.450382
-3.229008
-0.549618
-4.038168
-0.038168
1.106870
-5.625954
-0.396947
-1.473282
1.381679
-1.900763
-3.473282
3.694656
1.076336
-6.679389
-1.351145
2.374046
-1.396947
0.236641
0.083969
-0.366412
3.114504
1.748092
0.480916
-6.007634
2.145038
0.740458
-3.786260
-4.862596
-1.198473
-2.587786
-0.801527
-3.595420
-3.664122
-1.389313
3.183206
2.244275
-2.778626
4.106870
-2.229008
-4.244275
-1.473282
-1.595420
0.251908
-0.129771
-4.679389
-0.259542
3.549618
-4.251908
1.702290
-3.030534
0.893130
-5.290076
-2.458015
-3.748092
1.213740
-0.969466
-0.748092
-1.488550
-5.450382
-6.335878
0.656489
-0.038168
-0.435115
-1.763359
-2.778626
-4.099236
-0.396947
-1.664122
0.633588
-1.961832
-3.755725
-0.030534
2.938931
0.862595
-3.770992
-0.206107
1.381679
0.549618
1.007634
0.251908
2.526718
0.732824
0.206107
-0.824427
5.221374
0.618321
2.625954
3.137405
1.603053
5.458015
-2.671756
3.480916
-3.748092
2.389313
-0.374046
0.358779
4.137404
-5.946565
-0.091603
0.274809
2.068702
-0.198473
2.442748
5.015267
-1.007634
3.946565
2.114504
1.984733
4.366412
0.648855
4.854962
-0.320611
-1.358779
-1.236641
0.152672
4.297710
2.190840
-0.412214
4.442748
-0.015267
-0.900763
5.389313
2.809160
0.900763
3.564885
-0.351145
6.404580
3.137405
6.763359
-2.549618
1.824427
3.335878
-3.351145
1.320611
0.305344
4.175572
5.992366
-2.854962
3.557252
-2.290076
-1.190840
2.076336
0.923664
2.099237
-5.015267
2.045802
2.076336
0.969466
-1.259542
-0.664122
0.007634
2.251908
-0.854962
-0.282443
1.206107
1.625954
1.106870
1.664122
3.519084
3.740458
-0.366412
-6.427481
-1.244275
4.412214
2.832061
1.717557
4.282443
2.908397
3.435115
-1.007634
-0.641221
0.984733
-0.580153
-1.053435
-1.435115
-2.503817
2.221374
1.282443
1.419847
-1.557252
1.343511
7.931298
0.725191
4.992366
4.908397
-0.763359
-1.007634
3.709924
2.519084
-0.702290
5.488550
-0.610687
2.664122
-3.167939
3.671756
-2.786260
-1.931298
2.709924
2.160305
-1.870229
0.015267
-1.610687
3.862595
-3.557252
3.900763
0.145038
2.877863
-2.816794
4.633588
-0.862595
2.763359
0.946565
7.290076
-1.366412
4.954198
1.259542
2.748092
3.290076
4.015267
4.351145
4.427481
2.648855
5.847328
0.595420
5.671756
3.328244
7.648855
-0.175573
6.793893
3.137405
2.312977
3.778626
6.206107
2.725191
8.679389
2.870229
5.946565
6.778626
2.893130
4.839694
0.923664
4.312977
0.954198
4.534351
5.671756
5.038168
3.419847
0.709924
-0.763359
3.641221
1.648855
4.832061
-0.213740
2.465649
-1.015267
3.175573
3.618321
-1.786260
5.885496
0.183206
4.465649
-1.648855
6.610687
-1.648855
-3.465649
-1.503817
2.328244
-2.000000
3.763359
-3.427481
2.038168
-3.786260
-1.465649
3.931298
-3.557252
4.343512
-2.633588
1.114504
1.847328
2.938931
-3.374046
4.221374
-2.320611
1.412214
1.335878
0.641221
-1.610687
-4.068702
4.160306
1.076336
-0.732824
0.343511
-3.267176
0.015267
-2.916031
-1.206107
-2.389313
1.259542
-1.198473
-3.259542
0.625954
-6.221374
1.236641
-5.641222
-3.030534
-2.412214
0.526718
-1.877863
0.251908
-4.641222
0.679389
0.343511
-0.167939
0.045802
-0.725191
2.404580
-1.961832
2.213740
1.946565
-2.465649
-0.656489
3.122137
-1.992366
-0.549618
1.053435
1.305344
-0.748092
-1.671756
-1.541985
-1.877863
0.610687
-2.938931
2.328244
2.480916
-0.564885
1.381679
2.969466
3.198473
1.610687
-0.977099
4.618320
1.480916
-0.419847
1.725191
2.793893
0.458015
-1.374046
0.526718
-1.137405
0.541985
0.709924
2.778626
4.190840
2.832061
0.870229
-3.160305
2.152672
1.274809
0.007634
0.236641
0.656489
-0.374046
-0.679389
5.541985
-4.793893
2.549618
0.587786
-1.366412
3.381679
1.770992
-3.259542
-1.244275
0.938931
2.229008
3.290076
0.458015
-2.419847
2.625954
3.564885
2.938931
-0.961832
-0.977099
1.404580
2.534351
1.648855
-0.427481
-0.900763
0.931298
1.290076
-0.587786
0.061069
-1.206107
0.274809
3.587786
1.732824
-1.488550
3.183206
-0.465649
-6.129771
0.015267
-0.862595
-0.419847
2.702290
-1.595420
1.954198
-1.061069
1.206107
-6.404580
5.725191
2.351145
-2.641221
2.824427
-3.007634
-2.916031
1.526718
1.763359
6.793893
0.511450
2.946565
-1.404580
-0.564885
-0.809160
2.633588
1.068702
1.160305
3.748092
9.801527
1.625954
1.488550
8.053435
-2.175573
1.496183
6.801527
6.847328
2.648855
0.541985
1.358779
0.427481
6.564886
5.786260
10.297709
12.412213
6.725191
9.229008
6.824428
3.274809
2.885496
8.129771
5.900764
3.312977
5.969466
9.648855
11.137404
12.015267
6.068702
7.786260
5.664122
11.534351
3.312977
10.358779
5.977099
8.748092
5.061069
7.198473
10.435115
3.564885
6.282443
8.213740
6.145038
5.694656
7.183206
6.671756
3.801527
4.274809
7.931298
8.618320
4.587786
5.068702
2.763359
5.893130
3.656489
4.946565
1.160305
8.450381
1.259542
1.450382
1.091603
5.557252
2.030534
0.931298
0.312977
-0.732824
4.687023
0.717557
3.519084
-0.183206
0.549618
-0.221374
-0.526718
1.702290
-0.450382
1.328244
0.229008
2.389313
3.320611
-0.908397
1.572519
2.083969
3.282443
0.778626
2.938931
-0.687023
-1.312977
-0.068702
-1.190840
-2.175573
-1.442748
0.931298
-3.564885
2.564885
-3.664122
6.152672
-7.305344
0.984733
-0.954198
-1.633588
-4.725191
3.221374
-6.000000
3.633588
-3.389313
-1.625954
2.175573
-2.274809
1.839695
-3.839695
1.740458
-5.770992
1.648855
-2.473282
-1.885496
-0.038168
-0.351145
-4.305344
1.885496
-0.458015
-2.587786
2.679389
0.656489
-0.206107
-0.572519
0.847328
2.038168
-2.633588
2.129771
-0.282443
0.038168
1.641221
0.465649
1.129771
-0.045802
1.801527
4.534351
0.969466
-3.198473
3.916031
-1.061069
2.106870
-2.396947
0.740458
-5.404580
3.511450
-0.038168
-3.343511
-1.183206
-3.129771
0.526718
2.083969
-1.763359
2.786260
-5.022901
1.305344
-1.038168
2.206107
1.816794
1.648855
-0.175573
-0.862595
1.687023
4.000000
3.580153
0.511450
0.572519
-0.160305
0.885496
3.038168
3.229008
6.641222
0.000000
3.893130
0.442748
0.442748
1.923664
4.351145
1.992366
3.450382
1.244275
1.954198
0.175573
4.664122
1.656489
5.450382
2.442748
4.580153
1.465649
1.809160
1.374046
-0.343511
3.931298
0.549618
4.343512
-0.763359
1.320611
-0.114504
0.465649
-1.045802
-0.038168
1.671756
1.106870
-0.541985
2.961832
-2.526718
4.748092
-0.007634
6.343512
-0.923664
4.152672
8.038168
0.442748
7.045802
4.251908
3.778626
6.824428
-0.381679
9.595420
4.954198
8.618320
-0.068702
6.244275
3.763359
4.694656
3.038168
5.679389
5.221374
4.053435
5.374046
3.358779
4.877862
-0.519084
3.885496
-1.916031
0.465649
2.725191
4.572519
5.503817
-2.389313
5.236641
8.221375
2.312977
4.610687
0.633588
2.748092
4.358778
2.053435
4.877862
3.328244
-1.312977
5.167939
2.572519
6.419847
4.702290
5.534351
0.435115
0.022901
3.412214
-0.687023
5.702290
3.412214
3.083969
4.725191
1.099237
2.488550
5.206107
3.122137
1.351145
1.961832
4.984733
4.236641
2.374046
0.328244
0.198473
-1.419847
0.251908
-1.908397
-2.786260
-0.526718
0.984733
-1.129771
1.832061
-0.183206
2.572519
3.755725
-0.114504
1.137405
1.038168
0.152672
0.763359
2.648855
-0.053435
0.854962
1.572519
-2.488550
-4.137404
-1.465649
2.793893
1.923664
-1.641221
-4.015267
-3.381679
0.977099
2.007634
2.946565
-0.328244
-2.534351
-1.549618
-1.992366
-4.633588
0.740458
0.656489
0.694656
-2.251908
-1.763359
-1.488550
1.389313
-0.847328
-3.641221
-5.068702
-3.847328
-2.450382
3.061069
0.587786
-3.557252
-1.809160
-1.595420
-1.267176
-4.786260
-0.175573
-0.274809
-0.709924
-4.854962
-0.167939
0.977099
1.076336
-2.557252
-4.977099
-0.480916
-6.664122
-5.427481
-1.083969
-2.206107
-0.786260
-1.625954
-2.641221
1.938931
2.992366
0.854962
-0.068702
3.702290
0.656489
-2.465649
0.984733
2.488550
0.396947
0.068702
-0.862595
0.595420
-0.312977
-0.213740
1.534351
-1.259542
1.251908
-2.213740
-0.114504
-2.167939
-3.687023
3.778626
1.244275
-1.534351
-3.312977
-3.625954
1.389313
-2.206107
-4.374046
-10.977099
-1.351145
0.106870
-1.519084
-13.038168
-5.305344
-2.839695
0.435115
-3.068702
-7.458015
-8.274809
-8.564885
-7.748092
-4.847328
-5.419847
-7.656488
-10.106871
-11.519084
-7.305344
-1.229008
-3.992366
-6.404580
-8.412213
-9.923664
-11.389313
-9.625955
-7.190840
-6.519084
-4.198473
-7.381680
-5.343512
-6.152672
-8.503817
-7.358778
-4.007634
-3.961832
-6.549618
-6.259542
-6.213740
-10.816793
-9.068703
-7.564886
-12.435115
-4.145038
-9.503817
-10.793893
-2.610687
-9.541985
-9.938931
-6.259542
-11.717557
-5.229008
-6.687023
-6.396946
-6.442748
-8.381680
-8.374045
-6.267176
-6.412214
-3.702290
-4.297710
-7.229008
-0.687023
-6.320611
-2.625954
-5.442748
-5.206107
2.656489
-3.954198
-4.954198
-1.267176
0.679389
-3.656489
-2.916031
-3.480916
-2.816794
-1.091603
-2.114504
-2.198473
-1.541985
1.519084
-2.442748
-2.099237
-3.076336
-0.465649
-8.129771
-3.503817
-3.580153
-4.900764
-1.297710
-2.030534
-2.206107
1.862595
-2.358779
-1.221374
-2.824427
-1.389313
-3.580153
0.038168
0.587786
-3.335878
-0.748092
-1.122137
-2.969466
-1.618321
0.519084
2.038168
0.496183
2.977099
0.267176
-0.206107
0.404580
3.099237
2.366412
-1.969466
-0.458015
5.610687
2.740458
-1.343511
4.236641
0.389313
-5.007634
2.816794
-4.465649
1.374046
0.541985
-0.076336
2.603053
-3.641221
0.259542
-1.099237
2.709924
-1.442748
-1.106870
-4.656488
0.534351
-1.129771
4.893130
-5.137404
-2.061069
-0.839695
-1.480916
-2.595420
-1.503817
-2.908397
-2.267176
1.664122
-2.793893
0.061069
-8.465649
-0.625954
-2.053435
-1.717557
-1.259542
-3.091603
1.122137
2.007634
-0.145038
4.030534
-0.992366
-1.748092
2.572519
2.389313
-2.984733
-0.648855
-0.022901
0.572519
-5.343512
-5.000000
-1.480916
-1.106870
-9.374045
-5.206107
3.793893
-5.427481
-3.954198
-0.496183
-10.748092
1.450382
-11.824428
-7.045802
-3.259542
-12.488549
-1.458015
-7.076336
-11.167939
-10.267176
-3.931298
-1.961832
-1.274809
-5.167939
-3.129771
-6.511450
-5.900764
-1.946565
-6.442748
-8.389313
-7.664122
-0.984733
-9.343512
-9.389313
-6.633588
-3.946565
-13.938931
-7.908397
-3.549618
-5.045802
-13.694656
-7.709924
-7.916030
-3.656489
-6.015267
-9.381680
-5.221374
-8.297709
-10.687023
-6.763359
-7.473282
-8.847328
-9.755725
-9.007633
-4.938931
-6.961832
-6.480916
-3.305344
-14.068703
-10.488549
-2.236641
-5.473282
-11.778625
-11.969465
-11.206107
-10.740458
-7.969466
-10.389313
-4.290076
-6.038168
-7.099236
-7.381680
-9.374045
-11.114504
-8.442748
-7.801527
-9.465649
-9.824428
-6.244275
-3.763359
-4.221374
-9.122137
-3.328244
-3.442748
-4.755725
-6.473282
0.320611
-6.106870
-3.053435
-9.251908
-0.335878
-4.572519
-1.541985
0.076336
-1.908397
0.381679
-0.251908
0.633588
4.541985
1.526718
2.770992
-2.374046
2.824427
0.274809
1.190840
1.847328
-1.381679
-0.320611
-2.816794
-0.587786
-0.374046
1.114504
1.687023
0.732824
0.366412
-1.229008
0.984733
0.488550
1.160305
0.641221
1.000000
1.396947
1.961832
3.648855
0.419847
-1.129771
0.091603
0.862595
0.045802
1.122137
2.335878
1.725191
1.366412
3.870229
-0.076336
-0.091603
-5.549618
1.694656
1.412214
-1.312977
-3.175573
3.404580
3.114504
-3.519084
3.816794
1.969466
6.221374
-2.687023
5.465649
-6.847328
5.709924
-0.923664
1.312977
-2.519084
-0.801527
5.282443
4.809160
-2.656489
-0.679389
1.404580
-3.648855
4.786260
-2.396947
5.717557
-1.312977
3.259542
-2.167939
5.190840
-1.244275
-0.167939
2.931298
-0.755725
0.366412
-2.106870
-1.267176
-2.175573
0.351145
-1.770992
-1.931298
1.206107
0.503817
2.595420
-1.068702
4.145038
-2.076336
2.236641
3.763359
1.091603
2.030534
5.053435
-0.312977
6.022901
-1.183206
1.206107
3.335878
1.007634
2.549618
4.450382
5.839694
-2.076336
6.244275
1.641221
4.427481
4.160306
1.259542
4.358778
-1.908397
5.511450
-0.618321
3.213740
2.687023
-0.236641
7.832061
1.427481
3.152672
4.541985
6.786260
-0.564885
1.832061
4.038168
-2.251908
3.061069
-1.809160
5.679389
0.595420
1.374046
2.862595
2.793893
4.198473
1.816794
0.870229
1.190840
0.083969
1.022901
-0.290076
3.167939
1.824427
0.519084
2.580153
2.030534
1.282443
-0.419847
-3.137405
-1.274809
1.946565
-0.854962
-2.206107
-2.244275
-3.015267
-3.641221
-4.282443
0.320611
-1.961832
-1.564885
0.190840
-1.572519
-2.305344
-0.526718
-6.694656
-7.366412
-7.083970
-6.625954
-2.870229
-6.778626
-3.229008
-5.267176
-5.335878
-2.824427
-10.870229
-7.793893
-4.877862
-6.664122
-6.534351
-6.198473
-5.946565
-6.419847
-5.755725
-6.427481
-9.129771
-8.564885
-8.885496
-5.694656
-6.290076
-5.480916
-5.015267
-6.305344
-8.587787
-4.190840
-6.160306
-6.160306
-4.587786
-3.389313
-7.618320
-2.206107
-5.099236
-2.396947
-0.877863
-3.358779
-2.534351
-3.229008
-2.549618
-0.312977
-2.961832
-5.351145
-2.053435
-0.625954
-2.450382
-2.564885
-1.000000
0.412214
-2.221374
-0.152672
-1.938931
-3.167939
-0.412214
-2.183206
0.335878
3.549618
-1.969466
-2.099237
-1.106870
2.480916
-1.068702
1.389313
-0.099237
1.961832
-0.770992
1.984733
3.358779
1.770992
-1.564885
1.442748
-0.419847
5.603054
0.297710
-1.030534
1.450382
1.106870
0.488550
-0.435115
-1.374046
1.938931
5.091603
2.824427
0.022901
2.183206
-0.137405
2.427481
1.160305
-0.061069
1.114504
2.473282
2.572519
0.007634
-0.534351
5.190840
2.610687
1.030534
2.534351
2.038168
0.198473
0.725191
2.717557
-0.190840
0.282443
0.648855
1.687023
2.442748
4.641222
4.480916
3.030534
2.282443
4.725191
6.030534
4.786260
6.229008
10.145039
7.160306
7.122138
6.564886
13.549619
3.038168
7.190840
8.763359
10.893129
5.732824
5.519084
8.541985
6.732824
5.801527
4.450382
6.916030
11.068703
13.809160
11.938931
11.015267
10.206107
12.465649
5.282443
3.900763
4.679389
8.900764
3.404580
3.961832
3.816794
6.900764
6.656488
4.213740
1.702290
3.900763
3.068702
3.923664
6.595420
1.419847
-4.778626
1.984733
3.671756
-2.572519
-6.091603
5.038168
-7.244275
2.885496
4.587786
-2.000000
9.083969
-3.801527
-7.038168
5.488550
-4.664122
-0.954198
3.793893
-4.885496
8.755725
-5.297710
2.824427
-3.801527
-5.297710
0.648855
-0.587786
-1.847328
1.725191
-4.000000
4.404580
-5.114504
6.335878
-8.091603
5.709924
-2.580153
1.083969
-3.244275
4.709924
-1.832061
1.160305
-4.885496
1.671756
-1.801527
4.511450
-3.152672
3.885496
-5.854962
2.503817
0.458015
1.488550
-5.671756
4.969466
-4.740458
2.022901
-1.748092
2.137405
-0.389313
-1.068702
-0.274809
1.229008
-1.022901
-0.236641
-4.648855
-5.000000
6.824428
-4.702290
3.496183
-2.793893
3.595420
-2.122137
7.137404
-7.465649
5.732824
-3.267176
4.083970
-6.351145
3.778626
-5.381680
7.961832
-3.603053
1.160305
-3.809160
3.541985
-5.351145
6.801527
-6.847328
6.206107
-5.366412
8.022901
-5.702290
2.496183
-5.648855
5.267176
-4.618320
8.328244
-6.496183
2.801527
-2.381679
4.854962
-1.038168
4.603054
-3.656489
-1.129771
4.114504
-7.312977
5.549618
-3.381679
6.694656
-6.908397
7.290076
-5.312977
5.496183
-5.816794
7.106870
-8.099236
1.099237
-3.946565
-1.648855
-2.152672
2.442748
0.755725
-1.519084
-6.557252
-4.412214
2.564885
0.656489
-1.770992
-4.832061
0.335878
-0.076336
-3.213740
0.045802
0.541985
-3.793893
0.152672
2.351145
0.015267
0.038168
-1.343511
-0.335878
-0.564885
3.091603
0.877863
2.732824
1.030534
-3.641221
1.931298
2.458015
-3.541985
-1.030534
-2.442748
-0.656489
0.671756
-2.473282
4.595420
0.877863
-2.503817
2.274809
-0.977099
0.152672
-2.954198
1.839695
1.549618
0.396947
2.648855
-3.549618
-1.778626
3.106870
-0.534351
4.404580
5.076336
2.274809
0.236641
2.503817
-2.358779
0.152672
3.183206
4.091603
2.259542
1.992366
5.274809
0.053435
-3.114504
1.351145
-0.488550
-0.839695
3.213740
3.656489
3.862595
1.900763
1.221374
1.824427
6.519084
2.595420
1.213740
-0.251908
-1.740458
2.381679
1.541985
1.969466
0.503817
-2.717557
-1.946565
0.183206
2.503817
1.404580
1.885496
-0.389313
0.702290
4.526718
2.160305
-0.007634
-3.679389
4.000000
4.297710
2.229008
-0.343511
0.282443
4.526718
1.641221
3.862595
1.442748
-1.519084
-1.099237
-3.442748
1.160305
1.732824
1.091603
0.389313
0.931298
0.511450
-1.427481
-1.297710
1.213740
-3.244275
2.045802
-4.916030
-2.442748
2.503817
4.297710
5.358778
3.022901
-0.320611
0.847328
0.167939
1.549618
-4.251908
2.969466
0.198473
0.320611
-2.022901
1.412214
3.083969
-0.343511
2.610687
-0.061069
1.877863
3.694656
-1.374046
-1.358779
-0.648855
4.488550
0.763359
3.847328
-1.099237
0.748092
1.633588
1.129771
-0.465649
2.824427
3.015267
-0.709924
-0.396947
1.954198
-5.610687
0.259542
0.961832
2.244275
-3.251908
-1.832061
1.664122
-0.885496
0.000000
1.549618
-0.854962
0.816794
-0.305344
-2.351145
0.450382
1.022901
2.419847
3.381679
2.969466
2.557252
0.824427
-0.061069
2.847328
-1.625954
-2.572519
1.625954
0.580153
6.083970
4.916030
3.954198
2.625954
2.496183
1.641221
1.648855
0.091603
-1.656489
0.480916
-0.969466
2.763359
-0.053435
0.221374
3.893130
-3.435115
2.549618
2.908397
-1.244275
3.603053
-2.519084
2.862595
0.083969
4.717557
3.671756
0.801527
0.213740
0.793893
2.305344
-2.167939
1.671756
0.549618
-1.687023
0.473282
-4.045802
4.160306
1.541985
4.206107
-0.022901
3.557252
-1.053435
-1.519084
1.824427
2.015267
-1.320611
-2.236641
2.389313
0.893130
0.854962
0.709924
-0.603053
5.610687
3.732824
1.725191
0.519084
0.320611
0.541985
2.076336
1.916031
0.725191
0.358779
2.465649
-1.099237
-0.320611
1.458015
-1.572519
0.374046
1.015267
3.854962
-0.251908
-2.694656
0.290076
-0.679389
-1.801527
-1.061069
1.595420
0.793893
-2.366412
-1.442748
-1.320611
-0.587786
0.671756
-2.091603
1.374046
-0.488550
0.007634
1.770992
0.511450
-1.564885
0.274809
0.198473
0.458015
-0.167939
0.366412
2.656489
2.938931
-0.816794
-0.541985
-2.015267
-0.572519
0.122137
0.465649
3.259542
2.526718
3.374046
-1.236641
-0.480916
0.526718
2.618321
0.595420
-1.251908
1.549618
2.259542
-1.564885
0.732824
-0.572519
4.312977
0.412214
3.229008
1.167939
-1.083969
2.000000
-1.435115
0.809160
-3.519084
-2.748092
-2.625954
-0.282443
-0.137405
4.389313
2.977099
3.519084
-2.992366
1.167939
-2.816794
0.900763
2.435115
2.022901
-1.916031
0.450382
-0.717557
-0.541985
1.862595
2.916031
-1.396947
0.419847
-0.877863
-1.519084
-1.076336
-4.030534
-2.152672
0.854962
-2.534351
-5.740458
-4.893130
-7.519084
-4.106870
0.267176
-0.832061
-3.022901
-2.893130
-6.251908
-5.129771
-3.557252
-3.122137
1.282443
0.213740
-0.625954
1.000000
1.603053
1.778626
2.564885
9.244275
6.702290
3.961832
7.709924
8.198473
8.091603
12.290076
10.656488
10.206107
5.923664
6.748092
10.893129
8.679389
6.381680
2.633588
3.961832
5.503817
5.549618
1.458015
1.465649
-0.618321
0.129771
-1.832061
2.198473
-0.366412
-0.458015
-2.175573
1.320611
2.465649
-0.442748
-1.824427
-3.641221
-2.473282
-1.160305
1.343511
-1.358779
-4.610687
-5.122138
-6.381680
0.122137
-5.030534
-3.061069
-6.442748
-5.190840
-3.022901
-3.916031
-4.396946
-7.267176
-6.664122
-0.633588
-3.396947
-3.488550
-0.702290
-0.938931
0.305344
-0.916031
-0.824427
-3.732824
0.786260
0.358779
3.450382
0.374046
0.045802
0.580153
2.572519
-1.511450
-0.931298
3.122137
2.824427
-1.366412
2.824427
0.381679
1.152672
4.725191
0.274809
0.755725
8.137404
2.328244
-0.282443
3.274809
2.908397
-1.282443
3.297710
1.709924
-2.251908
2.274809
3.725191
0.030534
2.526718
5.358778
-0.633588
-1.190840
2.946565
0.908397
0.129771
2.442748
0.198473
1.099237
0.122137
0.305344
-0.015267
-1.534351
0.137405
-1.748092
-3.977099
0.748092
-1.122137
-2.267176
0.671756
-4.793893
-4.106870
-1.595420
0.770992
-2.778626
1.969466
-0.877863
-1.793893
3.045802
-2.404580
5.389313
-4.885496
-1.770992
1.282443
-1.106870
0.244275
-4.076336
4.709924
-1.908397
3.251908
0.083969
-2.496183
-1.503817
0.038168
-1.305344
0.061069
1.488550
2.190840
1.351145
3.679389
-3.038168
-2.099237
-3.603053
0.816794
-0.847328
2.312977
-0.954198
-3.030534
3.954198
-0.854962
4.328244
-1.259542
-4.770992
2.122137
-1.244275
3.465649
-0.122137
-0.083969
4.595420
-1.572519
-1.351145
4.099236
0.648855
-1.442748
3.335878
1.893130
-0.511450
2.549618
2.404580
-2.190840
-1.282443
-0.274809
-0.221374
-0.450382
3.312977
1.236641
-2.351145
-0.725191
-1.641221
0.900763
-3.129771
1.259542
1.625954
-1.541985
-3.229008
-3.664122
2.900763
3.114504
-1.839695
-1.916031
-1.312977
-1.801527
-0.351145
-1.221374
1.374046
2.427481
-1.679389
-3.015267
-0.778626
1.419847
2.419847
3.335878
1.977099
0.938931
-1.129771
0.221374
-0.129771
2.877863
5.312977
3.534351
2.129771
2.335878
6.473282
-0.175573
-2.671756
0.061069
-1.717557
-4.022901
0.534351
2.709924
3.480916
-0.885496
0.519084
-0.908397
3.229008
1.374046
4.595420
-0.282443
-0.992366
-1.389313
-0.160305
1.137405
0.206107
-1.770992
-1.786260
-0.358779
3.274809
5.442748
3.061069
2.206107
-1.343511
-1.847328
1.297710
-0.312977
-0.015267
1.007634
4.122138
0.938931
0.877863
-0.557252
0.816794
-1.931298
-0.732824
-1.595420
-2.045802
1.129771
2.816794
1.244275
0.931298
3.183206
-3.022901
2.893130
-2.297710
1.534351
-3.465649
-1.732824
-0.099237
0.282443
3.206107
-0.931298
-0.404580
-1.717557
0.244275
-0.328244
-0.778626
3.572519
2.183206
-2.213740
-2.961832
-2.847328
-1.297710
-3.129771
1.114504
-2.496183
0.206107
0.687023
4.778626
5.259542
-0.801527
-2.786260
1.633588
-1.137405
-0.679389
-2.076336
-1.847328
-2.122137
-0.412214
2.022901
-0.381679
3.183206
0.748092
-2.526718
-0.885496
-3.206107
-0.725191
-1.312977
-0.305344
0.374046
2.114504
3.648855
2.977099
1.259542
-1.213740
-0.732824
-0.091603
1.671756
-3.732824
0.229008
0.190840
0.442748
4.351145
2.938931
-0.022901
1.732824
-2.206107
0.748092
-1.977099
-0.870229
-2.755725
0.603053
0.946565
2.366412
-0.633588
-3.839695
-1.687023
-0.664122
-4.885496
0.610687
-3.213740
-0.854962
3.709924
3.847328
1.656489
3.480916
0.687023
2.893130
0.908397
0.076336
-0.580153
-1.786260
-1.992366
1.526718
-2.183206
-0.106870
-1.374046
2.175573
-1.236641
6.839694
-0.503817
-2.267176
-3.312977
2.183206
1.450382
-2.396947
-2.984733
-1.389313
-2.419847
0.160305
3.167939
4.083970
0.312977
2.122137
-1.557252
0.580153
-3.511450
-0.129771
-3.099237
-0.763359
3.274809
4.297710
1.839695
0.404580
2.175573
-1.671756
-1.748092
-5.633588
-2.427481
0.351145
2.832061
1.038168
1.038168
3.969466
5.900764
1.618321
2.740458
0.717557
-0.427481
-3.786260
-0.396947
1.938931
2.167939
1.916031
3.977099
4.297710
1.053435
-3.465649
-0.801527
-3.167939
2.274809
1.610687
3.358779
2.870229
1.503817
2.816794
-0.496183
0.160305
-2.503817
1.244275
4.389313
1.435115
0.244275
-0.236641
-5.091603
-1.282443
-0.412214
1.083969
0.251908
-2.847328
-1.526718
-3.496183
2.358779
-0.236641
4.801527
-2.022901
-0.152672
0.496183
-1.664122
4.183206
-2.625954
1.717557
-1.160305
-0.763359
-2.328244
4.389313
6.099236
-2.022901
-5.221374
3.022901
-0.427481
-3.259542
-1.877863
0.625954
-1.198473
0.839695
2.000000
-1.946565
1.473282
-2.000000
-1.061069
2.717557
-3.145038
0.022901
0.442748
3.725191
-0.106870
3.740458
-0.221374
-2.977099
1.145038
-2.122137
0.099237
0.274809
-2.229008
-0.534351
4.267176
-2.190840
-2.167939
3.465649
-1.870229
0.854962
-2.732824
-1.458015
-0.702290
-2.480916
0.473282
0.320611
-1.755725
-0.122137
0.793893
-0.755725
-1.404580
-1.740458
0.725191
-1.167939
-0.854962
-0.167939
0.732824
-2.068702
0.778626
-2.396947
-0.190840
-2.664122
1.480916
0.557252
0.496183
1.297710
-0.870229
1.816794
0.541985
1.480916
-1.496183
-1.038168
3.297710
0.984733
-1.366412
2.175573
0.160305
-1.519084
1.801527
-1.679389
-2.618321
2.198473
-1.893130
-0.641221
2.977099
-2.595420
-2.419847
-1.114504
2.709924
-2.099237
-1.580153
-0.076336
1.030534
1.587786
2.305344
-0.389313
1.152672
4.274809
3.320611
0.946565
0.122137
3.450382
3.809160
-1.946565
1.923664
4.427481
4.236641
4.625954
2.809160
1.625954
-0.931298
5.007634
5.206107
2.412214
2.351145
-0.709924
4.954198
2.564885
3.549618
-0.114504
5.038168
1.809160
3.473282
1.687023
3.755725
5.770992
9.312977
3.633588
5.404580
1.603053
5.061069
3.007634
1.435115
5.251908
3.450382
4.305344
5.030534
4.244275
-0.129771
2.725191
1.526718
-0.458015
1.938931
-1.648855
1.885496
3.167939
4.572519
5.725191
4.610687
1.229008
2.778626
-1.625954
-0.885496
0.450382
0.389313
0.908397
4.320611
5.213740
1.839695
2.862595
-2.251908
5.961832
-0.122137
2.435115
3.053435
7.595420
-0.229008
2.297710
4.916030
5.297710
-0.832061
6.015267
1.694656
0.450382
-3.251908
3.267176
3.977099
1.717557
-3.015267
-2.068702
7.931298
3.450382
-2.923664
-1.931298
0.648855
1.832061
-3.709924
2.221374
6.038168
-1.549618
-1.832061
0.961832
6.625954
0.847328
-1.419847
-0.251908
5.519084
-1.557252
-3.450382
3.175573
5.320611
-4.732824
-1.000000
4.374046
0.732824
-6.221374
-0.297710
5.145038
1.656489
-3.625954
3.030534
-3.748092
0.923664
2.274809
-2.625954
-3.648855
-0.465649
5.351145
-1.320611
-5.717557
-0.190840
-2.641221
-1.549618
2.847328
5.534351
-2.122137
-5.725191
5.816794
3.404580
-2.488550
-0.015267
-2.656489
2.740458
-0.412214
-1.801527
0.259542
3.748092
-4.038168
1.030534
3.480916
-1.816794
3.022901
-2.236641
1.374046
0.061069
-4.206107
3.137405
1.038168
-2.412214
5.503817
-5.870229
0.534351
-0.526718
2.503817
5.137404
-3.740458
4.358778
-4.297710
0.847328
-1.022901
-5.083970
0.916031
-3.526718
3.343511
-1.374046
-3.076336
4.984733
-3.923664
-4.000000
5.114504
0.160305
2.977099
4.015267
-4.015267
-0.114504
3.236641
0.488550
-3.190840
0.580153
2.870229
-3.610687
-0.770992
-3.465649
2.198473
0.152672
-4.679389
-1.198473
4.496183
-4.175572
0.465649
2.137405
-1.145038
2.824427
-6.877862
6.961832
2.030534
0.000000
3.725191
-5.328244
0.618321
1.259542
2.549618
2.076336
-0.641221
3.732824
-4.557252
2.938931
0.137405
-2.603053
1.984733
-4.618320
0.343511
-1.786260
-1.740458
3.435115
2.320611
0.954198
4.641222
-5.351145
4.961832
-3.335878
-0.908397
2.740458
-3.511450
3.297710
-4.748092
3.282443
-4.160306
4.809160
-2.358779
1.427481
0.145038
-1.541985
1.442748
1.801527
-2.770992
1.099237
-0.404580
-0.770992
2.038168
-1.961832
0.190840
-0.694656
0.534351
-2.076336
-3.618321
0.709924
-0.984733
0.045802
0.709924
-0.748092
-0.618321
-4.946565
2.832061
-1.870229
4.198473
2.229008
-2.015267
-0.396947
0.557252
-5.236641
2.770992
1.183206
3.435115
-2.297710
-0.343511
-1.038168
-0.358779
-3.106870
-2.259542
-2.870229
-1.671756
0.931298
-4.381680
5.992366
0.541985
-2.259542
0.366412
4.694656
-4.374046
0.633588
-1.099237
1.709924
1.885496
-3.824427
4.534351
-1.114504
-3.679389
6.061069
0.061069
-3.839695
3.488550
3.122137
-6.343512
5.328244
3.259542
-1.839695
4.648855
2.053435
-0.221374
3.656489
1.328244
3.923664
-4.099236
6.656488
-0.236641
-3.641221
4.557252
1.740458
-0.427481
3.824427
4.625954
-4.167939
2.770992
-0.122137
-1.793893
4.343512
0.381679
-1.931298
-0.396947
5.053435
-4.129771
0.793893
2.030534
-2.076336
5.511450
-2.435115
1.839695
2.435115
0.641221
4.969466
-1.473282
4.374046
-1.732824
2.236641
6.045802
1.702290
4.816794
2.465649
4.099236
1.770992
1.809160
6.854962
1.030534
5.053435
3.251908
3.015267
9.702291
1.374046
7.000000
3.152672
3.435115
9.068703
0.618321
5.893130
2.954198
7.206107
6.488550
3.793893
7.755725
2.816794
2.671756
7.312977
1.786260
8.312977
0.198473
9.755725
5.610687
5.992366
9.083969
1.488550
5.061069
0.770992
8.145039
-0.045802
8.839695
2.022901
7.496183
-1.030534
7.396946
-1.671756
3.755725
2.488550
0.458015
4.496183
0.290076
5.038168
-1.366412
5.778626
3.946565
2.610687
4.267176
-2.984733
1.213740
-2.221374
0.312977
4.320611
-0.832061
5.274809
-3.175573
-3.885496
3.167939
-0.549618
4.030534
-4.290076
5.381680
-4.122138
3.374046
-2.977099
3.351145
-2.641221
-3.114504
1.328244
0.496183
-4.862596
3.877863
-4.053435
5.778626
-1.160305
-3.312977
1.992366
-4.694656
3.038168
-4.335878
3.045802
-3.488550
-0.152672
-0.885496
-6.183206
-0.862595
-8.221375
1.160305
-8.488549
5.152672
-5.854962
-0.503817
-3.709924
-6.549618
2.549618
-5.893130
3.335878
-5.793893
1.419847
-8.190840
0.763359
-6.343512
1.167939
-3.862595
-3.022901
-3.366412
-10.778625
0.320611
-9.496183
0.305344
-9.328244
-2.816794
-7.328244
-3.610687
-2.175573
-4.557252
-2.664122
-6.213740
-0.961832
-6.740458
-0.648855
-7.603054
-1.801527
-7.320611
-2.709924
-7.076336
-0.519084
-0.137405
-4.885496
0.396947
-9.496183
-0.106870
-8.358779
-1.335878
-4.656488
-0.473282
-7.106870
-1.824427
-7.587786
1.374046
-3.709924
-5.656488
-1.541985
-6.206107
-1.541985
-5.992366
-0.908397
0.122137
-5.335878
3.465649
-5.916030
-0.389313
-5.877862
-0.129771
-4.709924
2.458015
-5.297710
0.541985
-3.832061
-0.190840
-3.305344
2.282443
-3.366412
2.167939
-4.282443
3.450382
-5.954198
-3.015267
4.816794
-0.709924
5.061069
-5.137404
-0.480916
-3.091603
2.687023
-0.839695
3.458015
5.541985
-3.488550
1.076336
-0.748092
1.740458
-0.793893
-0.221374
-1.137405
-2.374046
3.419847
0.152672
2.366412
0.511450
-0.877863
1.000000
0.358779
0.534351
0.099237
3.793893
3.061069
4.473282
1.488550
1.931298
3.320611
3.251908
-2.244275
3.312977
2.083969
-0.030534
-0.549618
-0.061069
-2.389313
4.938931
-5.954198
1.801527
-0.122137
-1.465649
2.503817
-2.198473
4.137404
-3.480916
3.396947
-6.511450
0.083969
4.931298
-0.671756
1.557252
0.351145
1.442748
-0.480916
-0.091603
-0.183206
-0.259542
-0.748092
1.931298
0.259542
-4.664122
0.221374
-3.366412
-0.152672
1.007634
2.335878
-4.923664
0.198473
1.137405
-0.435115
1.847328
-2.580153
0.977099
0.969466
-0.557252
-1.961832
2.083969
1.091603
1.763359
1.557252
-0.824427
-2.045802
-0.816794
