-2.850000
-2.700000
-2.550000
-1.650000
-0.900000
-0.900000
-2.700000
-3.150000
-1.650000
-1.500000
-2.250000
-0.900000
-2.550000
-1.500000
-2.550000
-2.700000
-2.700000
-2.100000
-1.650000
-1.050000
-2.250000
-1.650000
-1.500000
-1.950000
-2.850000
-1.650000
-0.450000
-2.100000
-2.100000
-1.050000
-1.350000
-1.950000
-1.650000
-2.250000
-1.650000
-1.950000
-3.150000
-2.250000
0.000000
-2.850000
-1.050000
-1.650000
-2.250000
-1.950000
-2.100000
-2.700000
-2.550000
-2.100000
-1.950000
-1.650000
-2.100000
-2.250000
-1.650000
-1.500000
-1.500000
-1.650000
-1.500000
-1.650000
-1.650000
-0.900000
-1.350000
-2.550000
-0.750000
-0.900000
-3.150000
-2.850000
-1.950000
-0.450000
-3.150000
-1.500000
-1.350000
-0.300000
-1.050000
-2.100000
-1.950000
0.000000
-0.150000
-1.500000
-1.350000
-0.900000
0.000000
-0.300000
-0.450000
0.300000
-0.450000
-1.050000
-1.050000
-1.350000
-1.350000
0.000000
-0.900000
-0.300000
-0.300000
0.150000
-0.150000
-1.350000
-0.300000
0.300000
-0.750000
1.350000
-0.150000
0.150000
-1.500000
-0.900000
-0.300000
-1.350000
0.000000
-0.450000
-1.650000
0.300000
-1.050000
0.300000
0.150000
-0.450000
-1.350000
-2.100000
-0.300000
-1.500000
0.000000
0.000000
-0.150000
-0.300000
1.050000
-0.750000
-1.050000
-1.650000
-0.450000
-0.900000
-1.050000
-1.350000
-0.300000
0.300000
0.000000
-0.150000
-0.300000
0.900000
-0.900000
-0.450000
-0.450000
0.000000
-0.750000
-0.450000
0.150000
-0.450000
-1.350000
0.000000
-0.900000
0.150000
-0.450000
-0.450000
-0.900000
-0.450000
-0.150000
-0.750000
-0.750000
0.000000
-0.300000
-0.300000
0.750000
-0.300000
-0.300000
-0.750000
-1.650000
-1.500000
0.150000
-0.450000
-1.500000
0.300000
-1.050000
-0.900000
-0.150000
-0.450000
0.000000
-0.900000
-0.300000
0.000000
0.000000
0.000000
-0.900000
-1.350000
-0.300000
-0.300000
-1.050000
-0.150000
-1.050000
-0.150000
-0.750000
-0.900000
-0.750000
-0.300000
0.900000
-0.300000
-0.150000
-0.450000
-1.500000
-0.750000
-0.450000
-0.750000
-0.150000
0.000000
0.000000
0.150000
-0.150000
0.300000
-1.050000
-0.150000
-1.050000
-0.300000
-0.300000
-0.450000
-0.750000
-0.150000
-1.050000
-2.100000
-1.500000
-0.450000
-0.450000
-1.650000
0.000000
-1.350000
-0.750000
-1.500000
-0.750000
-0.150000
-1.050000
-0.450000
-0.300000
-0.900000
-1.650000
0.150000
-1.950000
0.000000
-1.950000
0.150000
-0.750000
-0.900000
-0.300000
0.000000
-0.900000
-0.450000
0.000000
-1.500000
-0.450000
-0.300000
-0.150000
-0.300000
-0.450000
-1.500000
-1.350000
-0.300000
-0.450000
-0.750000
-1.050000
-0.900000
-2.100000
-0.900000
-0.750000
-0.750000
-0.150000
-0.300000
-0.750000
-0.750000
-0.450000
-1.050000
-0.750000
-0.750000
-0.750000
-1.950000
-1.500000
-0.300000
-0.150000
-0.300000
-1.500000
0.150000
-0.300000
-1.050000
-1.500000
-0.900000
-0.300000
-0.150000
-0.150000
37.350002
0.450000
-0.450000
-0.450000
-0.150000
-1.050000
-0.450000
0.000000
-0.750000
0.300000
-0.150000
-0.750000
-0.150000
-1.350000
-1.350000
-0.300000
-1.050000
-0.450000
-0.300000
-0.450000
-0.450000
-1.350000
-1.350000
-0.150000
-0.150000
-0.450000
-0.300000
-1.350000
0.450000
-0.300000
-0.450000
0.300000
-0.750000
-0.900000
-1.050000
-0.450000
-0.300000
-0.750000
0.300000
0.150000
0.000000
-0.750000
-0.150000
0.450000
-0.900000
-0.300000
-0.450000
-1.050000
-0.300000
0.300000
0.150000
-0.750000
-0.450000
-0.150000
-0.150000
-0.900000
-0.300000
-0.150000
-1.050000
-0.150000
-0.750000
0.150000
0.000000
-1.050000
0.000000
-0.300000
-0.900000
-0.300000
-0.750000
0.300000
0.300000
-0.900000
0.000000
-1.650000
-0.450000
-0.450000
0.450000
0.750000
-0.900000
0.450000
-0.300000
0.300000
-0.750000
0.750000
-0.450000
1.050000
0.750000
0.150000
0.000000
0.150000
0.450000
0.900000
0.000000
-0.300000
-0.150000
0.300000
1.350000
-0.300000
0.300000
0.000000
0.450000
0.750000
0.000000
0.750000
0.750000
0.450000
0.750000
1.050000
-0.450000
0.150000
0.300000
1.350000
1.050000
0.000000
-0.450000
-1.500000
0.150000
0.300000
0.150000
0.150000
-0.900000
0.750000
0.000000
0.300000
0.450000
-0.450000
0.450000
0.000000
0.150000
0.000000
0.300000
-38.400002
-1.350000
-0.300000
0.300000
-0.300000
0.450000
0.750000
0.150000
0.750000
0.000000
0.000000
0.300000
-0.450000
-0.750000
-0.150000
0.300000
-1.050000
0.750000
0.150000
-0.300000
0.900000
-0.750000
-0.450000
0.000000
0.000000
2.100000
1.500000
-0.750000
1.050000
1.050000
0.300000
0.150000
0.300000
0.900000
-0.750000
-0.300000
0.300000
1.650000
0.450000
0.150000
0.300000
0.900000
1.050000
0.150000
0.900000
0.450000
0.000000
1.500000
0.750000
0.300000
0.150000
-1.350000
0.300000
2.250000
1.050000
0.900000
0.300000
0.450000
0.450000
1.500000
1.350000
1.650000
1.050000
-2.250000
-1.950000
-1.050000
0.000000
0.450000
2.100000
0.150000
0.450000
1.350000
0.150000
1.500000
1.350000
0.900000
2.250000
2.100000
0.300000
3.300000
1.050000
3.300000
3.450000
1.950000
2.250000
1.350000
1.950000
1.050000
1.950000
1.950000
1.650000
1.050000
-0.150000
2.100000
1.650000
2.100000
1.050000
2.550000
2.250000
0.750000
1.050000
1.950000
0.900000
2.550000
1.050000
0.750000
1.500000
0.000000
0.900000
2.550000
0.450000
1.050000
1.500000
0.900000
0.750000
-0.150000
-1.350000
0.900000
0.000000
-1.050000
1.050000
-1.050000
-0.150000
0.750000
-1.500000
-0.300000
-1.350000
-1.350000
0.150000
0.300000
0.000000
-0.900000
-0.750000
-1.050000
-1.500000
-1.050000
-0.900000
-2.100000
-1.050000
-0.450000
-2.100000
-0.900000
-1.650000
-1.350000
-1.500000
-1.050000
-1.050000
-1.950000
-0.450000
-2.100000
-3.300000
-2.550000
-1.650000
-2.850000
-1.950000
-2.250000
-3.450000
-1.950000
-1.350000
-2.550000
-2.550000
-1.950000
-3.450000
-2.700000
-3.900000
-3.450000
-2.850000
-3.450000
-3.600000
-3.900000
-4.800000
-6.300000
-5.400000
-6.600000
-7.950000
-7.050000
-8.250000
-7.350000
-8.250000
-8.250000
-7.950000
-9.000000
-9.450001
-11.100000
-11.100000
-12.900001
-12.150001
-13.500001
-13.650001
-13.050000
-14.100000
-13.350000
-14.250001
-15.750001
-17.100000
-17.100000
-17.250000
-15.900001
-16.500000
-17.100000
-16.800001
-16.650002
-17.400002
-18.450001
-17.700001
-18.300001
-17.700001
-18.600000
-18.300001
-18.450001
-19.200001
-17.850000
-17.250000
-18.600000
-19.200001
-18.600000
-18.900002
-19.350000
-18.600000
-20.400002
-19.350000
-19.050001
-20.250000
-19.350000
-20.550001
-20.250000
-20.850000
-20.400002
-19.200001
-21.150002
-19.350000
-21.600000
-20.850000
-21.000000
-20.400002
-21.150002
-22.200001
-22.050001
-21.150002
-21.750000
-21.450001
-22.950001
-22.050001
-22.350000
-22.050001
-22.050001
-23.100000
-21.750000
-22.950001
-21.600000
-22.800001
-21.000000
-22.500000
-23.550001
-21.150002
-23.100000
-22.500000
-23.400002
-22.800001
-23.700001
-22.200001
-23.400002
-22.800001
-23.550001
-23.100000
-23.400002
-24.150002
-22.950001
-23.700001
-22.950001
-24.300001
-24.750002
-24.150002
-24.750002
-25.350000
-23.700001
-24.900002
-24.600000
-24.750002
-24.900002
-25.200001
-24.300001
-25.500002
-25.500002
-25.350000
-24.600000
-24.150002
-25.350000
-25.350000
-24.750002
-22.950001
-24.300001
-23.550001
-22.950001
-23.400002
-24.300001
-24.000000
-24.300001
-23.700001
-24.000000
-25.200001
-23.400002
-24.600000
-23.400002
-24.000000
-24.300001
-23.100000
-24.300001
-24.300001
-23.550001
-24.750002
-24.000000
-24.300001
-23.550001
-24.000000
-22.950001
-23.100000
-24.300001
-24.000000
-23.400002
-24.150002
-24.900002
-23.550001
-23.700001
-24.150002
-24.150002
-24.300001
-24.300001
-24.300001
-23.100000
-24.300001
-22.800001
-24.000000
-23.400002
-23.400002
-24.900002
-24.150002
-22.800001
-24.600000
-23.100000
-24.750002
-23.550001
-24.000000
-25.950001
-24.600000
-23.400002
-23.700001
-24.300001
-23.550001
-24.900002
-23.700001
-23.400002
-23.550001
-23.550001
-24.600000
-25.200001
-24.900002
-24.000000
-23.400002
-24.000000
-24.600000
-24.600000
-23.400002
-23.700001
-24.900002
-24.150002
-22.950001
-22.950001
-23.100000
-24.600000
-24.000000
-25.200001
-23.700001
-25.500002
-25.200001
-24.150002
-26.250002
-24.750002
-24.300001
-24.300001
-24.750002
-24.000000
-24.750002
-25.350000
-24.300001
-25.200001
-24.300001
-25.350000
-24.750002
-24.750002
-24.000000
-24.300001
-25.200001
-25.350000
-25.200001
-25.950001
-25.500002
-25.350000
-24.300001
-26.100000
-25.500002
-25.200001
-26.250002
-24.300001
-24.150002
-25.200001
-24.300001
-25.950001
-23.700001
-24.150002
-23.700001
-24.000000
-26.100000
-25.500002
-24.000000
-23.700001
-23.100000
-24.750002
-24.000000
-24.900002
-24.000000
-25.200001
-23.400002
-22.950001
-24.300001
-24.600000
-23.550001
-23.550001
-23.100000
-23.700001
-24.150002
-21.600000
-23.400002
-24.000000
-22.950001
-23.400002
-22.350000
-22.350000
-22.800001
-22.200001
-22.800001
-22.500000
-23.400002
-22.500000
-21.600000
-20.850000
-21.000000
-21.450001
-21.000000
-21.450001
-20.550001
-22.350000
-20.400002
-21.450001
-21.000000
-22.050001
-21.450001
-20.850000
-21.150002
-20.550001
-21.450001
-21.150002
-20.850000
-19.950001
-20.250000
-20.550001
-21.750000
-20.850000
-20.550001
-21.000000
-20.400002
-19.950001
-20.250000
-19.800001
-20.400002
-20.250000
-20.250000
-19.950001
-20.250000
-19.350000
-19.950001
-20.550001
-20.550001
-19.950001
-20.250000
-19.650002
-19.950001
-21.150002
-18.450001
-19.950001
-19.050001
-19.650002
-19.650002
-19.050001
-19.350000
-19.800001
-18.000000
-17.850000
-19.650002
-18.450001
-19.200001
-19.200001
-20.250000
-20.550001
-20.850000
-19.650002
-20.400002
-19.950001
-19.200001
-20.250000
-20.550001
-20.550001
-20.250000
-19.350000
-19.650002
-19.350000
-19.050001
-18.900002
-19.800001
-20.850000
-18.600000
-19.950001
-20.250000
-19.650002
-19.200001
-19.050001
-19.800001
-19.350000
-19.800001
-20.250000
-19.200001
-19.800001
-19.650002
-19.200001
-19.800001
-19.650002
-19.800001
-19.050001
-19.650002
-19.650002
-19.050001
-18.900002
-19.050001
-19.050001
-19.650002
-18.900002
-19.350000
-20.400002
-19.050001
-19.800001
-17.700001
-18.600000
-19.650002
-17.850000
-19.050001
-19.050001
-18.300001
-18.600000
-18.900002
-17.400002
-18.600000
-18.300001
-18.900002
-17.100000
-19.200001
-19.800001
-18.900002
-19.800001
-18.300001
-19.800001
-20.250000
-18.000000
-20.250000
-21.000000
-18.600000
-22.200001
-20.550001
-21.750000
-21.150002
-19.650002
-21.600000
-20.850000
-21.150002
-21.150002
-20.550001
-21.750000
-22.200001
-22.950001
-22.500000
-21.600000
-22.800001
-21.450001
-21.750000
-22.500000
-24.150002
-23.100000
-24.600000
-23.400002
-24.750002
-23.700001
-22.050001
-23.100000
-23.550001
-24.000000
-23.700001
-24.300001
-23.100000
-23.700001
-23.550001
-24.300001
-24.300001
-25.200001
-24.900002
-24.300001
-24.750002
-24.600000
-24.600000
-24.900002
-24.750002
-24.750002
-25.200001
-26.700001
-25.650002
-24.750002
-25.200001
-24.150002
-24.750002
-25.650002
-25.950001
-26.250002
-26.550001
-24.600000
-25.200001
-24.600000
-24.600000
-25.200001
-24.300001
-24.300001
-24.900002
-24.600000
-25.650002
-24.600000
-24.900002
-24.900002
-23.700001
-24.900002
-24.300001
-24.900002
-25.650002
-24.900002
-25.200001
-24.600000
-24.000000
-22.350000
-24.000000
-24.750002
-23.700001
-21.750000
-22.500000
-24.150002
-23.400002
-24.000000
-23.700001
-23.550001
-24.150002
-23.400002
-23.100000
-22.500000
-24.600000
-24.150002
-23.100000
-25.350000
-24.750002
-24.600000
-22.050001
-22.200001
-23.400002
-23.400002
-23.700001
-24.150002
-24.150002
-23.700001
-23.400002
-24.150002
-23.400002
-23.550001
-24.000000
-24.750002
-24.600000
-23.700001
-24.150002
-22.800001
-23.700001
-24.900002
-23.700001
-23.400002
-22.950001
-24.000000
-22.950001
-24.150002
-23.700001
-23.700001
-22.200001
-22.800001
-24.900002
-22.200001
-22.500000
-22.800001
-23.700001
-25.200001
-24.300001
-23.100000
-22.500000
-24.300001
-23.100000
-23.100000
-23.550001
-24.150002
-23.700001
-23.550001
-22.350000
-23.550001
-23.400002
-23.700001
-23.400002
-23.550001
-22.800001
-22.200001
-23.550001
-22.350000
-23.100000
-24.150002
-23.100000
-23.700001
-23.700001
-24.300001
-22.350000
-22.950001
-23.700001
-24.000000
-24.300001
-24.150002
-22.950001
-24.150002
-23.550001
-23.700001
-22.950001
-23.550001
-22.800001
-23.700001
-22.800001
-22.800001
-23.100000
-22.950001
-22.350000
-22.950001
-24.300001
-24.150002
-21.600000
-22.350000
-22.500000
-24.750002
-22.500000
-24.300001
-23.100000
-24.150002
-25.200001
-24.750002
-23.700001
-23.400002
-23.700001
-23.700001
-23.400002
-23.700001
-24.300001
-24.300001
-24.600000
-23.400002
-24.300001
-22.950001
-23.700001
-24.300001
-23.100000
-22.800001
-24.000000
-24.600000
-22.350000
-22.800001
-24.150002
-23.400002
-23.400002
-22.950001
-24.000000
-22.500000
-23.550001
-24.000000
-23.100000
-22.950001
-24.150002
-23.700001
-23.550001
-23.550001
-23.700001
-23.100000
-23.100000
-24.000000
-24.300001
-22.950001
-24.000000
-23.550001
-23.700001
-24.150002
-23.550001
-22.500000
-22.800001
-23.400002
-24.300001
-24.150002
-23.700001
-24.150002
-22.950001
-22.500000
-22.500000
-23.400002
-24.000000
-23.700001
-23.400002
-23.700001
-23.400002
-24.600000
-22.800001
-23.100000
-22.050001
-23.100000
-24.300001
-24.150002
-23.700001
-24.150002
-23.700001
-24.000000
-22.350000
-22.800001
-23.550001
-24.300001
-24.000000
-24.750002
-22.950001
-22.950001
-21.750000
-22.950001
-22.500000
-23.550001
-23.700001
-24.750002
-22.200001
-24.600000
-23.100000
-22.800001
-23.100000
-22.350000
-22.950001
-21.750000
-22.350000
-21.750000
-23.100000
-22.200001
-22.350000
-23.400002
-22.500000
-23.550001
-22.050001
-22.200001
-23.100000
-23.100000
-22.800001
-22.950001
-22.950001
-21.150002
-22.500000
-21.000000
-23.700001
-22.950001
-22.050001
-21.750000
-22.350000
-22.350000
-22.050001
-22.200001
-22.200001
-22.950001
-20.850000
-22.350000
-22.200001
-22.950001
-22.350000
-22.050001
-21.750000
-22.050001
-23.100000
-21.450001
-21.750000
-22.800001
-22.800001
-22.800001
-22.800001
-23.550001
-22.950001
-24.300001
-24.000000
-22.950001
-22.800001
-23.100000
-23.400002
-23.400002
-22.200001
-22.350000
-22.950001
-21.450001
-23.550001
-23.400002
-22.500000
-23.100000
-22.950001
-23.400002
-22.950001
-22.800001
-24.150002
-24.900002
-22.500000
-22.950001
-23.700001
-22.950001
-23.400002
-23.400002
-24.750002
-24.300001
-24.000000
-23.100000
-23.400002
-24.000000
-23.550001
-23.400002
-23.550001
-23.100000
-23.550001
-23.400002
-24.000000
-23.700001
-23.550001
-23.400002
-24.150002
-22.800001
-25.350000
-23.400002
-24.600000
-24.000000
-23.550001
-22.500000
-23.100000
-24.000000
-24.000000
-23.400002
-22.350000
-23.700001
-23.550001
-23.700001
-23.100000
-23.100000
-23.550001
-22.500000
-24.000000
-23.550001
-22.500000
-24.300001
-25.950001
-22.500000
-24.300001
-23.550001
-24.000000
-22.800001
-23.550001
-22.950001
-24.150002
-23.400002
-24.000000
-23.550001
-23.700001
-24.300001
-23.550001
-21.750000
-22.800001
-24.600000
-23.700001
-23.550001
-24.900002
-23.700001
-23.550001
-23.550001
-23.400002
-23.550001
-23.100000
-24.000000
-22.950001
-23.400002
-24.150002
-24.150002
-24.000000
-23.100000
-23.550001
-23.400002
-23.550001
-24.150002
-24.150002
-23.400002
-23.550001
-24.150002
-22.950001
-24.150002
-25.200001
-24.600000
-23.100000
-25.500002
-24.750002
-23.400002
-24.000000
-24.600000
-24.150002
-23.400002
-24.150002
-21.750000
-22.950001
-23.400002
-23.100000
-23.700001
-23.100000
-23.700001
-22.200001
-22.950001
-22.800001
-22.950001
-24.000000
-24.000000
-23.700001
-22.800001
-23.700001
-23.550001
-21.450001
-21.750000
-24.000000
-23.400002
-22.950001
-23.700001
-24.600000
-23.550001
-24.150002
-23.400002
-23.100000
-23.550001
-23.400002
-23.700001
-24.150002
-23.400002
-23.550001
-23.100000
-23.550001
-24.000000
-24.300001
-23.400002
-24.000000
-23.700001
-22.350000
-24.300001
-24.000000
-24.300001
-23.400002
-24.300001
-24.150002
-23.550001
-24.000000
-24.150002
-24.150002
-24.000000
-23.550001
-24.300001
-23.400002
-24.150002
-23.550001
-23.550001
-24.000000
-24.000000
-23.550001
-24.600000
-22.500000
-24.600000
-24.150002
-23.100000
-23.700001
-24.600000
-23.550001
-24.000000
-24.750002
-23.700001
-23.550001
-24.150002
-22.950001
-24.900002
-24.000000
-23.400002
-22.950001
-24.150002
-25.500002
-23.400002
-24.600000
-24.300001
-24.600000
-23.100000
-23.700001
-25.200001
-24.000000
-23.100000
-24.600000
-24.300001
-24.000000
-23.100000
-24.750002
-24.300001
-24.300001
-24.000000
-22.950001
-23.700001
-24.600000
-23.100000
-24.900002
-24.150002
-24.000000
-24.750002
-22.800001
-23.700001
-24.000000
-23.400002
-24.150002
-24.750002
-23.400002
-22.800001
-23.100000
-24.600000
-23.400002
-22.800001
-22.800001
-23.700001
-24.150002
-24.300001
-23.700001
-24.300001
-24.000000
-23.700001
-23.100000
-24.150002
-23.400002
-24.000000
-23.700001
-23.400002
-22.950001
-23.700001
-23.100000
-23.550001
-23.100000
-22.950001
-24.150002
-24.300001
-22.500000
-23.400002
-24.150002
-22.950001
-24.750002
-24.000000
-24.000000
-23.700001
-24.150002
-24.750002
-25.500002
-23.550001
-23.100000
-23.400002
-25.350000
-24.600000
-23.400002
-24.750002
-22.950001
-23.550001
-24.150002
-23.100000
-22.350000
-24.000000
-24.900002
-23.700001
-25.200001
-22.800001
-23.700001
-23.700001
-24.600000
-23.100000
-24.150002
-24.300001
-23.550001
-24.300001
-25.200001
-24.600000
-24.300001
-24.300001
-24.600000
-24.000000
-24.300001
-23.550001
-24.000000
-23.700001
-24.300001
-24.600000
-25.500002
-24.000000
-24.150002
-23.400002
-24.750002
-24.000000
-24.750002
-24.000000
-24.600000
-23.550001
-24.300001
-23.700001
-25.350000
-24.300001
-23.550001
-24.600000
-24.300001
-24.150002
-22.950001
-25.200001
-24.900002
-24.900002
-24.150002
-24.600000
-24.900002
-25.650002
-23.550001
-24.300001
-26.100000
-24.300001
-23.100000
-23.100000
-24.150002
-22.800001
-23.400002
-23.700001
-24.150002
-24.300001
-24.300001
-25.200001
-24.000000
-24.750002
-24.000000
-24.000000
-24.000000
-22.950001
-24.000000
-24.000000
-24.600000
-23.550001
-24.300001
-24.600000
-24.000000
-23.400002
-24.900002
-25.350000
-24.900002
-24.150002
-25.200001
-24.600000
-24.150002
-23.550001
-25.350000
-25.350000
-23.550001
-23.700001
-24.600000
-24.600000
-23.700001
-23.700001
-24.000000
-24.150002
-24.000000
-24.150002
-23.700001
-24.300001
-24.600000
-24.600000
-23.100000
-23.100000
-23.100000
-24.000000
-23.700001
-25.200001
-24.750002
-24.600000
-25.500002
-26.100000
-24.000000
-24.600000
-24.000000
-25.350000
-25.350000
-24.600000
-25.200001
-24.750002
-25.500002
-23.100000
-24.900002
-24.900002
-24.300001
-24.900002
-25.200001
-24.150002
-25.200001
-25.500002
-26.850000
-25.950001
-24.900002
-25.200001
-24.900002
-24.900002
-24.600000
-24.900002
-25.200001
-24.900002
-25.950001
-24.150002
-24.750002
-25.500002
-24.900002
-24.000000
-25.500002
-25.500002
-24.600000
-23.550001
-24.750002
-24.300001
-23.400002
-22.800001
-23.700001
-23.550001
-23.400002
-24.150002
-24.150002
-24.000000
-24.300001
-22.950001
-24.750002
-24.000000
-23.550001
-22.950001
-24.150002
-22.950001
-22.950001
-23.400002
-23.400002
-23.700001
-23.550001
-23.100000
-24.150002
-23.550001
-24.600000
-23.700001
-23.700001
-23.550001
-24.600000
-24.000000
-25.950001
-24.750002
-25.650002
-24.600000
-24.750002
-25.350000
-25.350000
-25.350000
-24.900002
-24.600000
-24.750002
-25.650002
-24.150002
-26.100000
-25.650002
-24.600000
-26.100000
-25.500002
-25.350000
-25.650002
-24.150002
-25.650002
-26.850000
-24.600000
-24.750002
-24.600000
-25.650002
-25.350000
-25.200001
-23.700001
-24.900002
-24.000000
-24.900002
-24.000000
-25.200001
-24.600000
-23.700001
-25.650002
-24.150002
-23.400002
-23.550001
-25.350000
-24.000000
-24.750002
-24.750002
-24.900002
-23.100000
-24.000000
-24.150002
-24.000000
-24.750002
-24.000000
-24.000000
-23.550001
-23.700001
-24.600000
-23.550001
-24.300001
-24.000000
-23.700001
-23.700001
-24.750002
-23.100000
-22.950001
-23.100000
-24.300001
-23.100000
-23.700001
-24.000000
-24.150002
-23.700001
-25.350000
-24.150002
-24.900002
-24.300001
-24.600000
-24.600000
-23.400002
-24.750002
-23.400002
-23.550001
-24.000000
-24.150002
-24.150002
-24.000000
-24.600000
-23.100000
-24.300001
-22.800001
-24.750002
-24.000000
-24.600000
-24.000000
-24.000000
-24.000000
-24.750002
-24.600000
-24.000000
-25.200001
-25.650002
-25.200001
-23.100000
-24.300001
-23.550001
-25.500002
-25.500002
-24.600000
-23.700001
-24.900002
-24.900002
-24.000000
-24.000000
-24.900002
-22.500000
-24.150002
-24.750002
-24.150002
-24.150002
-23.700001
-23.550001
-23.100000
-24.300001
-24.300001
-24.300001
-25.650002
-24.600000
-24.000000
-24.900002
-24.000000
-23.550001
-23.400002
-24.150002
-24.300001
-24.150002
-24.600000
-24.300001
-25.500002
-23.700001
-25.200001
-24.000000
-23.400002
-23.700001
-25.200001
-23.550001
-24.150002
-23.700001
-24.000000
-23.400002
-23.100000
-24.750002
-24.000000
-24.150002
-24.150002
-23.550001
-23.400002
-24.150002
-25.200001
-24.750002
-23.550001
-24.600000
-24.000000
-24.150002
-25.200001
-24.600000
-22.950001
-24.150002
-23.400002
-23.700001
-24.150002
-23.400002
-24.300001
-24.600000
-24.750002
-23.100000
-24.900002
-24.600000
-25.500002
-25.500002
-24.900002
-24.300001
-25.500002
-25.500002
-24.750002
-23.700001
-25.200001
-24.600000
-24.000000
-24.150002
-24.000000
-24.000000
-24.150002
-24.600000
-25.200001
-23.550001
-24.300001
-24.300001
-23.550001
-24.300001
-23.550001
-24.000000
-26.250002
-24.750002
-23.550001
-26.100000
-24.750002
-25.350000
-24.000000
-24.000000
-23.550001
-23.550001
-24.000000
-24.900002
-24.900002
-24.000000
-24.900002
-22.950001
-22.500000
-24.300001
-24.600000
-24.750002
-23.400002
-23.400002
-24.000000
-25.350000
-24.300001
-24.750002
-24.000000
-23.700001
-23.400002
-24.150002
-23.700001
-24.150002
-23.700001
-23.700001
-23.550001
-24.750002
-23.550001
-24.150002
-24.900002
-24.150002
-24.600000
-24.000000
-25.200001
-24.750002
-24.600000
-25.200001
-22.950001
-24.150002
-23.100000
-24.150002
-23.550001
-22.350000
-23.400002
-22.500000
-24.150002
-24.000000
-24.300001
-24.300001
-24.750002
-24.300001
-24.000000
-25.200001
-24.150002
-24.600000
-23.550001
-24.000000
-23.700001
-24.000000
-26.100000
-24.900002
-25.200001
-24.000000
-24.600000
-24.000000
-24.300001
-23.550001
-25.200001
-24.600000
-25.350000
-23.550001
-23.400002
-24.150002
-24.900002
-24.750002
-24.900002
-24.750002
-25.350000
-24.750002
-24.900002
-24.600000
-25.350000
-24.300001
-24.600000
-24.150002
-24.150002
-24.750002
-24.600000
-24.750002
-24.600000
-23.700001
-25.200001
-24.600000
-25.350000
-25.500002
-25.350000
-25.350000
-24.300001
-24.150002
-23.400002
-23.100000
-23.400002
-23.700001
-24.000000
-23.700001
-24.600000
-22.350000
-23.100000
-24.600000
-25.350000
-23.100000
-23.700001
-22.800001
-24.900002
-24.600000
-22.350000
-23.700001
-24.600000
-23.550001
-24.300001
-24.600000
-25.950001
-25.200001
-24.750002
-25.500002
-25.950001
-25.200001
-25.500002
-24.900002
-24.900002
-26.100000
-24.300001
-24.000000
-24.750002
-23.700001
-24.600000
-24.600000
-23.550001
-24.600000
-23.400002
-24.300001
-23.550001
-26.550001
-24.750002
-25.200001
-24.150002
-23.550001
-23.550001
-24.750002
-24.600000
-24.300001
-24.000000
-24.900002
-24.150002
-23.400002
-22.350000
-23.700001
-24.750002
-24.000000
-23.400002
-24.000000
-22.350000
-22.800001
-22.950001
-21.600000
-22.950001
-23.100000
-23.550001
-22.350000
-22.800001
-23.400002
-22.950001
-23.400002
-22.200001
-23.550001
-23.400002
-23.700001
-23.700001
-23.400002
-24.750002
-24.750002
-23.100000
-23.700001
-23.400002
-23.700001
-23.700001
-24.750002
-24.900002
-24.600000
-24.750002
-24.600000
-25.950001
-24.000000
-25.200001
-24.150002
-24.900002
-25.500002
-24.900002
-24.750002
-24.750002
-24.150002
-25.650002
-23.400002
-24.000000
-24.750002
-25.350000
-25.650002
-24.150002
-24.300001
-24.600000
-24.150002
-24.600000
-24.900002
-24.600000
-23.550001
-23.100000
-24.150002
-24.750002
-23.550001
-23.700001
-23.700001
-24.600000
-23.100000
-24.000000
-23.700001
-24.600000
-23.700001
-23.550001
-24.000000
-23.400002
-22.950001
-24.750002
-24.300001
-23.550001
-23.100000
-23.700001
-21.750000
-24.000000
-23.400002
-23.550001
-23.550001
-24.150002
-24.150002
-24.900002
-22.800001
-24.000000
-24.750002
-23.700001
-23.100000
-24.750002
-23.700001
-24.000000
-23.700001
-23.550001
-23.700001
-24.600000
-23.700001
-23.400002
-24.000000
-24.300001
-23.100000
-22.950001
-22.950001
-22.800001
-24.150002
-22.500000
-22.950001
-24.150002
-24.000000
-23.700001
-23.550001
-24.750002
-24.600000
-24.300001
-24.600000
-24.000000
-23.100000
-24.750002
-24.300001
-23.550001
-24.150002
-23.700001
-23.700001
-23.700001
-23.700001
-22.500000
-24.000000
-24.150002
-24.600000
-22.950001
-23.400002
-22.950001
-24.000000
-22.050001
-23.100000
-23.100000
-23.400002
-23.400002
-23.700001
-24.600000
-22.950001
-23.100000
-23.700001
-22.800001
-23.100000
-24.300001
-24.000000
-23.100000
-22.950001
-23.100000
-24.000000
-22.200001
-23.550001
-23.550001
-22.350000
-22.950001
-23.400002
-23.550001
-23.100000
-22.800001
-22.950001
-23.100000
-23.100000
-23.550001
-22.350000
-23.400002
-22.800001
-22.800001
-21.750000
-23.700001
-22.500000
-23.550001
-23.100000
-21.600000
-23.400002
-22.950001
-22.350000
-23.400002
-22.050001
-22.350000
-21.600000
-22.500000
-22.350000
-22.050001
-21.750000
-22.350000
-22.350000
-22.200001
-21.000000
-22.800001
-21.150002
-20.550001
-21.600000
-21.750000
-22.200001
-21.750000
-21.600000
-22.200001
-19.650002
-21.150002
-19.650002
-19.200001
-20.550001
-20.850000
-19.650002
-20.850000
-20.400002
-20.550001
-20.250000
-19.650002
-20.400002
-18.450001
-19.650002
-19.200001
-19.050001
-19.350000
-19.050001
-20.250000
-19.350000
-18.450001
-19.350000
-19.800001
-19.350000
-18.600000
-18.450001
-20.250000
-19.650002
-20.550001
-21.750000
-21.450001
-23.550001
-22.800001
-24.000000
-22.800001
-23.100000
-23.400002
-23.550001
-24.150002
-25.350000
-25.500002
-27.300001
-27.450001
-25.500002
-28.500002
-28.800001
-29.250002
-30.000002
-29.700001
-34.800003
-33.450001
-34.350002
-34.200001
-34.650002
-34.650002
-33.450001
-32.550003
-33.000000
-32.550003
-30.000002
-30.600000
-30.900002
-30.300001
-30.300001
-30.300001
-28.500002
-28.800001
-27.900002
-28.350000
-26.550001
-26.850000
-26.550001
-26.250002
-26.250002
-26.850000
-26.550001
-26.700001
-27.150002
-25.500002
-24.900002
-25.650002
-25.950001
-26.250002
-25.500002
-25.650002
-24.900002
-25.950001
-25.200001
-25.950001
-25.350000
-26.100000
-26.550001
-26.250002
-26.100000
-26.550001
-26.700001
-27.750002
-27.900002
-27.150002
-27.750002
-26.250002
-25.950001
-25.650002
-26.100000
-25.650002
-26.550001
-26.100000
-24.150002
-25.200001
-24.150002
-24.000000
-23.700001
-23.400002
-24.150002
-23.100000
-21.750000
-23.100000
-24.000000
-21.450001
-22.350000
-23.100000
-23.400002
-22.350000
-22.800001
-21.000000
-22.050001
-24.000000
-23.700001
-23.400002
-22.950001
-23.400002
-22.950001
-23.700001
-23.550001
-22.800001
-23.550001
-23.550001
-23.100000
-22.800001
-22.950001
-25.650002
-22.950001
-23.100000
-23.100000
-23.400002
-23.700001
-22.950001
-23.550001
-24.300001
-24.300001
-24.600000
-23.700001
-24.750002
-22.800001
-24.000000
-24.600000
-23.700001
-23.100000
-23.550001
-24.300001
-24.300001
-24.000000
-23.400002
-24.150002
-23.100000
-24.300001
-24.300001
-23.400002
-23.400002
-24.600000
-23.100000
-24.600000
-23.100000
-23.100000
-23.550001
-24.600000
-24.150002
-23.700001
-24.000000
-24.300001
-24.300001
-22.950001
-24.300001
-24.300001
-24.600000
-25.350000
-23.700001
-24.150002
-25.200001
-23.550001
-24.000000
-24.150002
-24.750002
-22.350000
-24.900002
-24.000000
-23.100000
-24.000000
-24.000000
-23.100000
-24.000000
-23.400002
-23.700001
-22.500000
-24.900002
-24.600000
-23.100000
-23.700001
-24.150002
-23.550001
-24.750002
-23.700001
-23.400002
-24.150002
-22.950001
-25.350000
-23.700001
-23.700001
-24.000000
-24.000000
-24.150002
-24.600000
-23.400002
-24.600000
-23.700001
-24.900002
-24.000000
-24.300001
-24.300001
-23.550001
-24.300001
-23.550001
-24.000000
-24.150002
-24.600000
-24.000000
-24.900002
-23.550001
-23.700001
-23.550001
-24.000000
-23.700001
-22.500000
-24.300001
-23.400002
-25.200001
-22.200001
-24.000000
-23.550001
-24.300001
-24.900002
-24.600000
-24.750002
-24.150002
-23.550001
-25.350000
-23.550001
-24.000000
-22.950001
-22.200001
-22.350000
-20.550001
-21.150002
-21.750000
-20.850000
-21.150002
-19.950001
-19.800001
-21.150002
-17.250000
-16.650002
-15.450001
-14.850000
-13.650001
-13.950001
-13.950001
-13.050000
-12.750001
-10.950001
-8.400001
-9.450001
-9.000000
-7.350000
-7.950000
-7.650000
-5.850000
-7.050000
-5.100000
-5.100000
-2.850000
-3.600000
-3.900000
-3.900000
-5.100000
-4.050000
-4.200000
-4.050000
-5.100000
-3.900000
-5.400000
-5.700000
-5.700000
-7.350000
-6.750000
-7.650000
-8.550000
-7.950000
-9.450001
-8.850000
-12.600000
-13.650001
-13.650001
-14.550000
-14.700001
-15.150001
-16.200001
-17.100000
-16.500000
-17.700001
-21.450001
-20.850000
-22.350000
-22.950001
-22.950001
-23.400002
-24.750002
-24.000000
-24.000000
-24.000000
-25.350000
-26.700001
-25.650002
-26.250002
-24.000000
-24.750002
-25.500002
-24.000000
-25.200001
-23.700001
-21.000000
-22.350000
-21.750000
-21.450001
-21.450001
-20.550001
-21.150002
-21.750000
-19.800001
-20.250000
-20.400002
-19.350000
-20.850000
-19.950001
-19.050001
-20.550001
-20.550001
-19.350000
-20.250000
-19.650002
-22.200001
-22.200001
-21.600000
-22.950001
-22.800001
-23.550001
-23.400002
-22.200001
-23.550001
-25.650002
-23.550001
-24.750002
-24.600000
-25.500002
-24.150002
-25.200001
-24.750002
-24.750002
-25.200001
-24.750002
-24.150002
-22.950001
-24.300001
-23.550001
-22.500000
-22.800001
-22.050001
-21.150002
-22.200001
-19.950001
-18.900002
-16.650002
-15.150001
-15.300000
-15.300000
-14.250001
-13.500001
-14.100000
-13.350000
-12.900001
-7.650000
-8.550000
-7.350000
-6.750000
-5.100000
-5.250000
-5.100000
-4.200000
-3.450000
-3.600000
-0.300000
-0.750000
1.350000
0.150000
-0.150000
0.750000
1.050000
3.300000
1.350000
1.650000
3.150000
2.100000
3.450000
3.900000
3.600000
1.950000
0.300000
1.950000
1.650000
1.050000
0.450000
0.300000
0.150000
-1.050000
-2.250000
-1.350000
-1.650000
-2.550000
-2.550000
-3.450000
-5.700000
-5.250000
-5.700000
-5.700000
-6.600000
-5.700000
-6.300000
-6.450000
-6.750000
-6.300000
-8.550000
-8.250000
-7.200000
-7.950000
-7.200000
-7.800000
-7.950000
-8.850000
-8.250000
-7.800000
-7.050000
-7.950000
-6.450000
-7.050000
-7.650000
-6.600000
-6.300000
-3.900000
-5.850000
-3.600000
-2.250000
-1.350000
0.000000
-0.150000
1.050000
0.300000
0.750000
1.500000
1.500000
2.250000
4.050000
3.600000
2.850000
2.250000
2.550000
4.050000
2.250000
4.050000
2.700000
2.550000
-0.300000
-0.450000
-1.350000
-1.950000
-2.850000
-2.850000
-3.600000
-6.600000
-4.650000
-6.000000
-10.500000
-10.500000
-12.300000
-12.900001
-13.500001
-14.100000
-13.650001
-15.450001
-15.900001
-17.100000
-20.400002
-21.750000
-22.950001
-22.350000
-22.800001
-23.700001
-24.150002
-24.600000
-25.650002
-25.350000
-24.150002
-22.050001
-21.450001
-19.800001
-17.850000
-15.150001
-13.650001
-11.400001
-10.800000
-9.000000
-5.250000
-4.200000
-4.050000
-1.500000
-1.500000
-1.950000
-1.650000
-0.300000
0.450000
0.300000
3.450000
1.950000
3.150000
2.850000
1.950000
2.550000
2.700000
3.600000
3.600000
2.850000
0.000000
0.450000
-0.450000
-0.900000
-1.950000
-1.350000
-3.150000
-3.300000
-3.600000
-4.650000
-9.150001
-10.500000
-10.800000
-10.950001
-12.150001
-13.050000
-15.150001
-14.700001
-15.300000
-16.500000
-20.400002
-21.150002
-21.000000
-20.850000
-22.950001
-21.750000
-24.150002
-23.550001
-24.750002
-24.000000
-24.900002
-24.000000
-23.400002
-24.150002
-23.400002
-24.600000
-24.150002
-24.600000
-23.400002
-24.750002
-21.150002
-20.550001
-20.850000
-20.400002
-19.800001
-18.900002
-17.400002
-18.000000
-17.100000
-16.650002
-11.700001
-10.800000
-10.200001
-10.950001
-10.200001
-9.450001
-7.800000
-7.650000
-6.600000
-5.700000
-2.850000
-1.650000
-1.500000
-0.450000
-0.450000
-0.450000
0.750000
1.500000
1.050000
0.150000
2.850000
2.850000
2.550000
2.700000
2.700000
3.300000
1.650000
1.950000
2.250000
3.300000
0.000000
0.750000
0.150000
-0.750000
-2.550000
-1.950000
-1.950000
-1.950000
-2.250000
-3.600000
-7.350000
-7.200000
-8.400001
-9.150001
-10.950001
-10.200001
-11.400001
-12.750001
-13.650001
-13.650001
-17.250000
-18.300001
-18.450001
-19.050001
-19.800001
-20.550001
-21.450001
-21.600000
-21.150002
-23.100000
-25.350000
-24.750002
-24.300001
-25.200001
-24.600000
-24.300001
-26.250002
-24.900002
-24.600000
-26.100000
-23.550001
-23.400002
-24.750002
-24.150002
-23.700001
-21.150002
-22.950001
-21.750000
-21.450001
-21.000000
-18.900002
-17.250000
-15.900001
-14.700001
-15.450001
-15.300000
-15.150001
-13.950001
-12.150001
-12.600000
-11.400001
-11.100000
-10.500000
-10.800000
-10.800000
-10.350000
-10.500000
-10.500000
-10.800000
-10.950001
-11.400001
-12.150001
-12.600000
-12.300000
-13.050000
-13.500001
-13.500001
-14.250001
-14.550000
-14.100000
-14.250001
-16.500000
-16.650002
-16.050001
-15.750001
-16.800001
-17.700001
-17.400002
-17.700001
-16.050001
-19.050001
-19.950001
-19.950001
-21.000000
-19.950001
-20.400002
-21.150002
-20.250000
-21.450001
-21.150002
-22.350000
-21.000000
-22.950001
-22.350000
-21.600000
-22.500000
-23.550001
-22.800001
-22.200001
-22.350000
-24.750002
-23.100000
-22.350000
-24.000000
-23.550001
-22.500000
-23.550001
-22.350000
-22.950001
-23.550001
-22.350000
-24.150002
-24.150002
-24.150002
-24.300001
-24.000000
-23.550001
-23.550001
-24.150002
-24.000000
-24.000000
-24.150002
-25.200001
-24.150002
-24.000000
-24.000000
-25.500002
-23.700001
-24.600000
-22.800001
-23.100000
-25.200001
-22.350000
-24.300001
-24.150002
-24.000000
-24.900002
-24.600000
-24.300001
-24.150002
-24.300001
-24.150002
-24.000000
-23.700001
-24.300001
-24.300001
-23.100000
-23.550001
-24.750002
-23.100000
-23.550001
-23.550001
-23.550001
-22.950001
-22.950001
-24.900002
-23.100000
-22.800001
-23.100000
-23.700001
-22.200001
-23.700001
-22.500000
-23.550001
-23.550001
-22.950001
-23.100000
-23.100000
-23.100000
-24.300001
-22.050001
-24.000000
-23.700001
-22.200001
-22.500000
-23.400002
-22.500000
-23.400002
-22.350000
-22.950001
-23.400002
-22.350000
-22.500000
-23.100000
-22.500000
-22.200001
-22.500000
-23.700001
-22.050001
-22.050001
-21.600000
-22.050001
-22.050001
-23.400002
-22.200001
-20.400002
-21.750000
-21.000000
-21.150002
-22.800001
-21.750000
-20.550001
-20.550001
-21.600000
-19.650002
-21.150002
-20.850000
-22.050001
-20.550001
-20.250000
-20.850000
-19.800001
-22.350000
-20.850000
-20.250000
-20.850000
-19.200001
-20.400002
-19.800001
-20.850000
-20.250000
-19.350000
-19.950001
-19.350000
-19.650002
-19.950001
-20.400002
-21.600000
-19.950001
-20.400002
-21.150002
-21.450001
-22.800001
-20.250000
-21.600000
-22.350000
-22.500000
-20.850000
-21.450001
-24.000000
-23.400002
-21.600000
-23.700001
-23.100000
-23.400002
-23.100000
-23.400002
-24.750002
-23.550001
-22.950001
-24.000000
-23.100000
-23.400002
-24.300001
-23.700001
-24.150002
-24.750002
-24.300001
-23.700001
-22.950001
-24.750002
-24.000000
-25.350000
-24.150002
-23.550001
-24.750002
-24.150002
-24.300001
-24.600000
-23.400002
-24.600000
-24.150002
-24.900002
-25.500002
-24.600000
-24.150002
-23.400002
-23.400002
-22.950001
-24.600000
-23.550001
-24.300001
-24.750002
-24.150002
-24.300001
-24.300001
-24.300001
-24.600000
-24.600000
-24.900002
-24.300001
-24.300001
-24.150002
-24.750002
-24.900002
-24.150002
-22.950001
-23.550001
-25.200001
-24.000000
-24.150002
-24.000000
-23.700001
-23.550001
-23.400002
-22.350000
-22.800001
-22.800001
-23.100000
-24.000000
-21.450001
-20.550001
-21.150002
-21.750000
-21.150002
-20.400002
-19.200001
-19.950001
-19.950001
-19.200001
-18.000000
-18.300001
-17.250000
-17.100000
-16.200001
-17.400002
-16.200001
-16.650002
-15.750001
-16.050001
-13.950001
-13.500001
-13.650001
-12.300000
-12.600000
-11.400001
-11.550000
-11.550000
-10.800000
-10.350000
-8.850000
-7.950000
-7.800000
-7.800000
-6.600000
-7.950000
-6.450000
-6.300000
-4.200000
-5.850000
-3.900000
-2.100000
-1.950000
-2.700000
-2.700000
-1.050000
-1.650000
-1.650000
-1.050000
-1.500000
1.050000
0.750000
0.750000
-0.150000
0.300000
0.450000
0.750000
1.500000
0.300000
0.300000
1.350000
3.150000
2.100000
2.850000
1.950000
1.950000
1.350000
1.050000
1.650000
1.050000
2.100000
1.500000
3.300000
1.950000
2.700000
1.950000
3.900000
1.650000
2.250000
2.700000
2.550000
0.750000
2.700000
2.850000
1.500000
2.850000
1.500000
2.250000
2.100000
1.650000
3.300000
2.100000
1.950000
1.650000
1.500000
2.100000
2.850000
1.350000
1.500000
0.750000
1.650000
0.300000
-0.150000
-0.450000
0.900000
-1.350000
-0.450000
0.000000
-0.150000
-1.050000
-1.050000
-1.650000
-0.300000
-1.500000
-0.300000
-1.050000
-1.050000
-1.950000
-1.050000
-1.650000
-2.700000
-2.100000
-2.850000
-2.550000
-2.700000
-3.300000
-1.050000
-3.450000
-2.850000
-2.550000
-3.900000
-2.850000
-2.700000
-3.150000
-2.250000
-2.850000
-3.600000
-3.150000
-3.600000
-5.100000
-3.450000
-3.600000
-3.450000
-2.100000
-2.850000
-2.250000
-2.700000
-2.250000
-3.450000
-1.950000
-4.500000
-3.600000
-3.150000
-2.250000
-2.250000
-3.150000
-2.550000
-3.600000
-3.450000
-3.150000
-2.250000
-3.600000
-2.850000
-3.150000
-2.850000
-2.850000
-2.550000
-1.950000
-2.550000
-3.300000
-4.050000
-3.300000
-2.700000
-3.600000
-4.800000
-4.050000
-2.850000
-4.050000
-3.150000
-4.050000
-3.900000
-3.450000
-4.500000
-4.650000
-5.250000
-3.900000
-4.800000
-2.850000
-3.900000
-3.300000
-3.150000
-2.700000
-2.100000
-3.150000
-2.250000
-3.150000
-2.700000
-2.700000
-1.950000
-3.300000
-2.700000
-2.700000
-1.650000
-2.550000
-0.750000
-1.050000
-2.250000
-2.250000
-2.100000
-2.250000
-2.100000
-0.900000
-0.150000
-0.900000
-1.950000
-1.500000
-1.350000
-0.450000
-0.450000
0.150000
0.900000
0.750000
-0.900000
-0.150000
0.900000
0.300000
0.750000
-0.750000
0.300000
0.750000
0.150000
-1.050000
0.300000
0.000000
0.450000
0.150000
0.900000
-0.150000
-0.300000
0.750000
0.150000
-0.300000
-0.300000
2.100000
-0.150000
0.150000
0.450000
0.450000
0.000000
0.000000
1.950000
0.150000
-0.150000
0.900000
-0.300000
-0.150000
0.150000
0.450000
-0.150000
0.750000
-0.450000
-0.300000
-1.500000
-1.650000
-2.850000
-2.550000
-1.950000
-2.700000
-2.250000
-3.450000
-6.300000
-5.400000
-5.700000
-6.600000
-5.850000
-7.050000
-7.800000
-5.400000
-7.050000
-7.800000
-10.350000
-10.500000
-10.350000
-12.600000
-12.300000
-12.600000
-12.900001
-12.750001
-13.650001
-13.500001
-17.400002
-17.850000
-17.850000
-18.600000
-18.600000
-19.650002
-20.250000
-20.400002
-21.750000
-20.550001
-22.500000
-23.700001
-23.400002
-24.150002
-23.550001
-24.300001
-24.150002
-24.150002
-24.300001
-24.300001
-24.900002
-25.350000
-25.200001
-24.900002
-26.250002
-24.150002
-25.200001
-24.150002
-24.750002
-24.600000
-25.350000
-24.600000
-23.700001
-25.500002
-26.100000
-25.200001
-22.350000
-25.200001
-24.000000
-24.300001
-24.000000
-25.650002
-24.150002
-25.200001
-24.900002
-24.600000
-24.750002
-24.900002
-24.000000
-24.300001
-24.750002
-24.600000
-24.300001
-25.350000
-24.000000
-24.900002
-25.650002
-23.400002
-25.650002
-24.600000
-23.550001
-23.700001
-24.900002
-24.000000
-23.700001
-24.600000
-24.150002
-23.700001
-24.150002
-24.600000
-24.300001
-24.900002
-21.750000
-24.150002
-24.600000
-24.150002
-24.000000
-23.700001
-24.150002
-24.000000
-24.750002
-24.600000
-24.900002
-23.700001
-24.900002
-23.700001
-23.550001
-24.300001
-23.550001
-24.000000
-23.100000
-24.750002
-24.900002
-24.000000
-25.200001
-24.000000
-24.750002
-22.800001
-24.000000
-23.550001
-22.800001
-24.000000
-23.400002
-24.000000
-23.700001
-24.000000
-23.100000
-22.800001
-23.400002
-23.550001
-23.100000
-24.600000
-23.400002
-24.600000
-23.700001
-24.300001
-22.950001
-24.150002
-22.500000
-23.100000
-22.500000
-22.800001
-23.100000
-22.950001
-24.150002
-22.200001
-23.550001
-22.950001
-23.100000
-23.550001
-24.300001
-23.700001
-24.900002
-23.550001
-22.950001
-22.800001
-24.600000
-24.150002
-24.300001
-25.350000
-24.900002
-23.400002
-24.000000
-25.200001
-25.350000
-24.750002
-22.500000
-22.200001
-23.700001
-24.750002
-24.150002
-23.700001
-23.400002
-22.950001
-23.700001
-23.700001
-23.400002
-22.950001
-23.100000
-23.700001
-22.200001
-22.050001
-23.550001
-22.800001
-22.800001
-22.950001
-22.800001
-22.350000
-22.800001
-22.350000
-22.050001
-21.450001
-23.700001
-22.800001
-22.950001
-22.950001
-22.800001
-24.000000
-23.700001
-23.400002
-24.000000
-24.600000
-24.150002
-24.000000
-24.300001
-23.700001
-24.000000
-24.150002
-23.550001
-24.000000
-24.000000
-23.700001
-23.700001
-24.750002
-24.000000
-24.000000
-24.600000
-23.700001
-24.150002
-25.350000
-24.150002
-25.200001
-25.350000
-25.650002
-25.200001
-25.350000
-25.350000
-25.500002
-24.150002
-24.750002
-25.200001
-24.600000
-24.600000
-25.650002
-25.200001
-24.750002
-24.150002
-24.000000
-25.200001
-24.300001
-24.600000
-24.000000
-24.750002
-24.600000
-23.100000
-24.000000
-23.700001
-22.950001
-24.150002
-24.000000
-22.050001
-22.500000
-22.500000
-22.500000
-22.800001
-21.450001
-22.200001
-22.350000
-22.950001
-22.500000
-23.400002
-23.100000
-23.550001
-24.300001
-23.100000
-22.950001
-23.550001
-22.950001
-24.900002
-23.550001
-22.800001
-22.200001
-22.950001
-21.450001
-22.350000
-21.600000
-21.750000
-21.750000
-22.200001
-21.600000
-22.200001
-22.050001
-22.050001
-22.500000
-22.800001
-22.350000
-22.500000
-24.150002
-22.500000
-23.550001
-23.550001
-25.950001
-24.150002
-24.300001
-24.300001
-24.150002
-24.750002
-24.750002
-24.000000
-24.900002
-25.650002
-24.600000
-24.000000
-25.950001
-24.750002
-24.600000
-24.300001
-24.750002
-24.000000
-22.800001
-23.100000
-22.200001
-22.950001
-22.050001
-22.200001
-22.350000
-22.350000
-21.450001
-21.450001
-21.450001
-20.850000
-21.600000
-20.550001
-21.750000
-20.850000
-21.450001
-22.050001
-22.950001
-21.150002
-21.000000
-22.200001
-21.600000
-21.600000
-22.200001
-20.850000
-21.600000
-22.800001
-22.950001
-21.150002
-21.450001
-22.050001
-21.750000
-20.400002
-21.750000
-21.750000
-21.600000
-22.200001
-22.050001
-23.400002
-22.950001
-22.500000
-22.950001
-23.550001
-22.200001
-23.550001
-22.350000
-23.100000
-23.100000
-23.700001
-23.700001
-24.600000
-23.550001
-24.900002
-24.750002
-23.700001
-24.000000
-24.150002
-24.900002
-24.600000
-25.200001
-25.200001
-24.750002
-24.750002
-24.750002
-24.600000
-24.000000
-25.350000
-24.750002
-25.650002
-24.300001
-25.500002
-25.950001
-25.950001
-24.600000
-25.200001
-24.300001
-24.600000
-24.750002
-24.300001
-24.600000
-25.500002
-24.300001
-24.000000
-24.900002
-24.900002
-23.400002
-24.000000
-23.100000
-24.300001
-22.950001
-22.350000
-23.550001
-22.950001
-22.200001
-22.350000
-21.750000
-22.350000
-23.100000
-23.550001
-22.500000
-22.800001
-24.750002
-24.150002
-24.150002
-23.700001
-24.000000
-24.000000
-25.650002
-24.600000
-24.750002
-25.500002
-24.300001
-25.350000
-25.200001
-24.000000
-25.200001
-23.550001
-24.000000
-24.000000
-24.000000
-21.600000
-22.500000
-21.750000
-21.600000
-22.200001
-22.200001
-22.050001
-22.500000
-22.350000
-21.750000
-21.600000
-21.150002
-21.450001
-20.550001
-18.900002
-19.800001
-20.550001
-20.250000
-20.850000
-19.650002
-19.350000
-19.650002
-21.000000
-19.950001
-20.550001
-19.950001
-20.850000
-21.000000
-21.450001
-21.000000
-21.750000
-22.050001
-22.950001
-22.800001
-22.200001
-22.050001
-22.800001
-22.050001
-22.350000
-23.700001
-24.750002
-23.700001
-24.150002
-25.200001
-25.350000
-24.900002
-24.750002
-26.700001
-24.750002
-25.200001
-26.250002
-26.250002
-26.100000
-26.550001
-26.100000
-26.700001
-27.300001
-26.250002
-27.450001
-27.750002
-28.050001
-27.900002
-27.900002
-27.150002
-27.750002
-28.050001
-29.250002
-28.350000
-29.700001
-28.650002
-29.700001
-28.650002
-29.700001
-29.100000
-30.300001
-29.700001
-28.800001
-29.700001
-30.000002
-29.100000
-27.450001
-27.150002
-27.450001
-27.750002
-26.550001
-26.850000
-27.300001
-28.500002
-26.100000
-26.250002
-24.900002
-23.400002
-23.400002
-22.800001
-23.700001
-22.950001
-23.100000
-22.350000
-22.800001
-22.500000
-20.550001
-19.800001
-19.050001
-19.650002
-18.900002
-18.600000
-18.000000
-18.300001
-18.300001
-16.800001
-15.450001
-15.150001
-15.900001
-15.750001
-13.650001
-16.050001
-14.850000
-13.650001
-14.100000
-15.150001
-12.900001
-13.950001
-12.600000
-12.900001
-11.700001
-12.750001
-11.550000
-12.000000
-11.400001
-11.550000
-10.800000
-11.400001
-10.800000
-12.150001
-11.700001
-12.600000
-11.100000
-13.050000
-11.100000
-12.150001
-13.350000
-14.100000
-13.350000
-14.550000
-14.100000
-15.300000
-16.200001
-17.100000
-15.300000
-15.900001
-18.300001
-18.300001
-17.700001
-19.350000
-19.800001
-19.950001
-21.000000
-20.250000
-20.400002
-20.250000
-22.200001
-22.350000
-22.200001
-23.550001
-22.500000
-24.150002
-23.100000
-23.400002
-24.150002
-24.750002
-24.300001
-24.150002
-24.150002
-22.950001
-23.550001
-24.300001
-24.150002
-22.950001
-22.800001
-23.400002
-19.950001
-20.850000
-19.800001
-18.600000
-18.450001
-18.450001
-17.700001
-17.700001
-18.450001
-17.100000
-16.050001
-16.050001
-14.850000
-16.650002
-16.500000
-15.300000
-16.500000
-16.500000
-14.850000
-15.900001
-16.650002
-17.400002
-16.200001
-17.700001
-18.000000
-17.700001
-17.700001
-18.600000
-18.000000
-18.300001
-18.450001
-19.650002
-19.950001
-21.150002
-21.750000
-21.450001
-22.350000
-22.200001
-23.400002
-22.200001
-24.000000
-25.350000
-24.000000
-25.500002
-25.950001
-25.350000
-26.550001
-26.850000
-26.100000
-26.850000
-26.250002
-25.350000
-26.250002
-26.850000
-25.200001
-25.350000
-25.650002
-25.350000
-24.750002
-24.600000
-22.350000
-21.750000
-20.550001
-20.550001
-20.550001
-19.350000
-18.450001
-16.800001
-16.200001
-16.800001
-12.750001
-12.750001
-12.000000
-11.400001
-11.100000
-9.450001
-9.450001
-7.950000
-7.350000
-6.000000
-5.100000
-4.500000
-3.300000
-2.850000
-1.350000
-1.950000
-2.250000
-1.500000
0.000000
-0.300000
0.450000
2.700000
1.500000
2.250000
1.350000
1.650000
2.550000
2.100000
2.550000
2.850000
3.300000
3.150000
4.200000
4.200000
3.900000
4.650000
3.900000
3.900000
5.100000
4.500000
4.650000
4.800000
3.900000
4.800000
5.700000
4.050000
3.600000
4.800000
5.250000
4.650000
4.650000
4.650000
5.100000
2.700000
4.050000
2.550000
3.150000
4.200000
3.300000
4.050000
3.450000
3.600000
3.900000
4.500000
2.700000
3.450000
4.050000
5.100000
3.600000
3.450000
2.550000
3.450000
4.500000
3.300000
4.200000
4.200000
4.500000
4.050000
3.900000
3.450000
3.450000
3.900000
3.300000
2.550000
2.250000
3.900000
3.600000
3.600000
3.300000
3.600000
3.300000
5.400000
3.150000
3.150000
3.450000
3.600000
4.800000
2.700000
2.700000
3.600000
2.700000
3.150000
3.150000
3.900000
2.700000
4.050000
4.200000
1.950000
3.300000
3.150000
2.850000
4.200000
2.850000
3.600000
3.300000
2.550000
2.700000
2.700000
2.850000
2.550000
3.150000
2.250000
2.700000
2.700000
2.550000
3.900000
2.850000
2.850000
3.900000
2.550000
2.250000
2.850000
3.450000
2.700000
3.900000
1.650000
2.250000
2.850000
3.450000
1.350000
2.850000
2.700000
3.150000
1.650000
1.950000
2.700000
2.250000
3.150000
2.850000
1.350000
1.500000
2.700000
2.550000
2.850000
2.100000
2.850000
2.850000
2.550000
2.550000
3.900000
2.850000
2.700000
2.700000
2.100000
3.300000
2.850000
2.700000
3.600000
2.100000
2.700000
4.650000
2.700000
3.300000
4.200000
5.100000
4.050000
3.300000
2.700000
3.300000
3.300000
2.850000
3.900000
5.100000
4.500000
4.200000
3.900000
4.500000
5.850000
4.500000
5.100000
6.750000
5.850000
6.300000
5.850000
5.400000
5.700000
6.600000
6.450000
3.450000
3.900000
0.900000
0.900000
1.350000
-0.150000
-1.050000
-0.900000
-2.250000
-2.250000
-4.050000
-4.500000
-8.400001
-9.000000
-10.200001
-11.400001
-10.500000
-11.700001
-12.600000
-13.350000
-14.700001
-14.550000
-17.850000
-17.700001
-18.900002
-19.950001
-20.850000
-21.150002
-21.600000
-22.200001
-22.200001
-22.950001
-24.600000
-24.750002
-25.650002
-24.750002
-24.600000
-25.350000
-24.300001
-25.950001
-25.350000
-25.950001
-24.300001
-23.400002
-22.500000
-23.550001
-22.800001
-21.450001
-21.450001
-21.450001
-19.950001
-19.800001
-15.450001
-15.150001
-15.450001
-13.650001
-13.350000
-11.400001
-10.950001
-10.500000
-10.500000
-10.350000
-5.250000
-4.200000
-3.600000
-2.250000
-1.950000
-0.450000
1.350000
0.150000
0.900000
0.000000
3.900000
4.050000
4.800000
4.500000
5.100000
3.900000
4.650000
5.100000
5.250000
4.800000
6.450000
2.550000
5.400000
3.450000
5.250000
1.500000
2.550000
1.650000
1.350000
-0.150000
-2.550000
-3.450000
-4.200000
-4.200000
-5.100000
-7.200000
-6.300000
-6.600000
-9.150001
-9.750000
-14.100000
-13.950001
-15.450001
-14.100000
-15.750001
-16.800001
-18.000000
-18.450001
-19.050001
-19.200001
-23.700001
-22.950001
-22.200001
-23.700001
-23.400002
-22.950001
-24.600000
-25.650002
-24.300001
-25.500002
-25.650002
-26.100000
-24.000000
-24.300001
-24.600000
-23.700001
-22.950001
-23.400002
-22.950001
-22.800001
-19.650002
-17.250000
-17.850000
-16.050001
-16.800001
-15.750001
-15.450001
-13.050000
-11.550000
-12.600000
-6.000000
-6.750000
-6.300000
-4.800000
-5.100000
-4.800000
-2.850000
-0.750000
-1.500000
-0.150000
3.150000
2.550000
3.300000
3.600000
3.600000
3.900000
4.200000
5.100000
5.400000
5.850000
5.700000
4.650000
4.650000
4.650000
3.300000
4.050000
3.150000
2.250000
3.150000
2.700000
-1.050000
-2.700000
-3.450000
-4.500000
-4.650000
-4.800000
-6.300000
-7.050000
-7.650000
-9.600000
-14.100000
-14.100000
-15.900001
-14.850000
-15.150001
-18.000000
-17.100000
-19.650002
-19.950001
-19.950001
-22.050001
-22.350000
-24.000000
-24.000000
-25.350000
-23.100000
-24.600000
-25.650002
-24.300001
-25.500002
-25.200001
-24.750002
-25.500002
-24.600000
-25.500002
-22.950001
-23.100000
-23.700001
-23.100000
-23.100000
-20.250000
-21.450001
-20.550001
-19.200001
-18.600000
-20.250000
-20.400002
-19.350000
-18.600000
-18.900002
-19.950001
-19.950001
-21.000000
-20.400002
-21.600000
-20.850000
-21.600000
-22.800001
-22.950001
-24.000000
-25.500002
-25.200001
-25.350000
-25.650002
-26.250002
-25.350000
-26.850000
-26.100000
-26.250002
-25.950001
-25.200001
-24.300001
-25.200001
-23.700001
-24.150002
-24.000000
-22.950001
-22.800001
-20.550001
-20.850000
-18.300001
-18.300001
-15.900001
-16.050001
-15.900001
-14.700001
-13.950001
-12.600000
-12.300000
-12.300000
-9.600000
-5.700000
-7.350000
-6.600000
-5.850000
-4.500000
-3.150000
-3.300000
-3.600000
-2.700000
0.150000
0.900000
0.450000
1.500000
2.100000
1.500000
1.950000
3.150000
2.550000
2.550000
3.150000
3.450000
3.900000
2.700000
3.300000
4.650000
4.050000
3.300000
3.300000
2.700000
2.100000
0.450000
1.950000
0.900000
0.150000
-0.300000
0.000000
-1.050000
-1.500000
-1.500000
-6.750000
-5.100000
-6.750000
-7.650000
-8.550000
-7.950000
-7.950000
-9.450001
-9.900001
-9.750000
-13.650001
-15.150001
-15.750001
-16.200001
-16.650002
-17.400002
-19.200001
-19.200001
-19.200001
-19.350000
-22.800001
-23.550001
-23.400002
-23.100000
-24.000000
-24.900002
-24.750002
-25.500002
-26.100000
-24.750002
-27.300001
-26.100000
-25.350000
-26.100000
-24.900002
-25.650002
-24.600000
-26.250002
-24.600000
-23.400002
-21.450001
-20.550001
-21.000000
-19.800001
-16.050001
-17.700001
-16.650002
-17.100000
-16.200001
-15.450001
-11.700001
-11.100000
-11.550000
-8.550000
-8.400001
-8.400001
-8.850000
-6.300000
-6.750000
-6.000000
-2.250000
-0.900000
0.000000
0.900000
-0.450000
1.050000
1.650000
2.550000
0.300000
0.300000
2.250000
3.600000
3.900000
3.450000
3.450000
3.300000
3.600000
2.850000
3.900000
3.150000
2.550000
3.600000
3.900000
2.850000
3.150000
3.900000
4.200000
3.300000
4.650000
2.550000
3.450000
4.050000
3.300000
4.050000
2.700000
3.150000
3.150000
2.700000
2.700000
3.150000
1.950000
2.250000
1.950000
2.850000
2.100000
1.500000
2.100000
3.150000
1.050000
1.950000
2.250000
1.950000
1.950000
1.500000
0.450000
1.950000
0.750000
1.650000
1.050000
0.900000
2.100000
-0.150000
1.050000
0.750000
0.900000
0.000000
1.650000
0.150000
1.050000
1.950000
0.900000
1.500000
0.750000
1.650000
2.850000
1.650000
2.550000
4.050000
4.050000
2.550000
2.100000
1.050000
3.600000
1.950000
3.300000
2.100000
2.700000
2.550000
2.100000
1.650000
2.100000
2.550000
1.350000
3.600000
2.850000
2.100000
2.100000
2.550000
4.200000
2.250000
2.850000
2.100000
3.150000
2.250000
2.250000
2.100000
1.650000
2.550000
1.950000
3.450000
3.900000
3.450000
2.250000
2.250000
3.150000
2.100000
3.600000
1.350000
1.950000
2.700000
2.550000
1.500000
1.650000
3.900000
2.850000
1.650000
1.950000
2.850000
0.900000
2.700000
2.250000
1.950000
1.500000
1.650000
0.750000
1.050000
0.150000
2.100000
1.350000
1.950000
1.350000
2.100000
1.500000
1.350000
2.100000
2.250000
2.100000
0.300000
1.650000
0.900000
1.350000
1.500000
1.050000
1.350000
1.950000
1.350000
2.550000
1.500000
2.700000
1.950000
1.950000
1.650000
1.500000
1.500000
1.650000
2.100000
1.950000
1.950000
1.500000
1.050000
3.300000
2.700000
3.150000
2.550000
1.500000
2.100000
2.100000
2.700000
0.900000
2.250000
2.250000
0.750000
1.650000
2.250000
0.900000
3.150000
2.100000
0.900000
0.750000
1.050000
1.350000
3.150000
3.300000
1.500000
2.100000
1.650000
1.950000
0.450000
2.250000
2.100000
1.950000
3.300000
1.650000
2.100000
2.100000
1.500000
2.850000
1.500000
1.950000
2.100000
0.450000
1.950000
0.750000
1.650000
0.900000
1.950000
1.650000
2.850000
3.150000
1.350000
1.350000
1.500000
2.700000
2.700000
1.500000
2.550000
1.050000
0.000000
1.050000
1.500000
1.950000
1.500000
1.050000
2.850000
2.850000
2.100000
2.100000
3.150000
1.500000
3.450000
3.600000
0.900000
2.850000
2.550000
2.100000
1.950000
1.500000
2.850000
3.450000
3.450000
2.100000
2.250000
3.450000
2.700000
1.650000
1.350000
1.500000
2.850000
2.550000
2.250000
2.550000
2.850000
3.150000
2.700000
1.950000
1.500000
1.950000
2.100000
2.100000
2.850000
2.850000
1.650000
3.900000
2.850000
3.450000
3.450000
2.550000
1.950000
1.350000
1.350000
3.600000
3.450000
3.300000
2.250000
3.300000
3.300000
2.700000
2.100000
2.250000
3.300000
1.950000
2.100000
2.850000
2.250000
0.300000
1.650000
3.450000
2.850000
2.100000
2.550000
1.500000
1.950000
2.850000
1.950000
3.450000
1.350000
1.500000
3.150000
2.550000
2.250000
1.650000
2.100000
2.700000
1.500000
2.250000
3.450000
1.350000
1.950000
2.550000
1.950000
2.250000
2.250000
2.100000
2.700000
3.150000
3.300000
2.550000
3.150000
3.600000
3.150000
2.700000
0.900000
1.950000
2.550000
2.250000
1.950000
1.950000
2.700000
2.250000
2.100000
3.900000
2.850000
2.100000
3.300000
3.450000
2.100000
1.350000
2.100000
2.100000
2.100000
2.250000
2.250000
2.250000
1.650000
2.550000
2.850000
2.850000
2.850000
1.950000
2.100000
2.550000
2.700000
2.550000
2.850000
1.950000
1.350000
1.950000
2.700000
3.150000
0.900000
1.500000
2.100000
2.700000
3.300000
1.650000
1.950000
3.150000
2.700000
3.150000
3.600000
1.350000
1.350000
1.350000
3.300000
1.950000
2.700000
1.500000
1.650000
3.450000
2.250000
1.650000
1.500000
2.550000
2.550000
1.500000
1.950000
1.350000
2.250000
2.250000
2.100000
2.550000
0.900000
1.500000
1.650000
0.750000
0.750000
0.900000
1.350000
1.350000
1.050000
1.050000
0.000000
1.350000
0.750000
0.150000
1.950000
1.050000
0.150000
0.450000
0.000000
-1.050000
0.150000
-0.150000
-0.750000
-1.350000
-0.750000
-1.500000
-1.500000
-1.500000
-0.750000
-2.250000
-2.100000
-2.250000
-2.700000
-1.500000
-0.150000
-1.950000
-1.650000
-2.250000
-1.950000
-3.600000
-2.700000
-3.450000
-3.450000
-2.700000
-1.950000
-2.850000
-1.500000
-2.850000
-3.150000
-5.250000
-4.650000
-4.500000
-5.100000
-4.050000
-4.200000
-3.900000
-4.800000
-4.650000
-6.300000
-5.250000
-6.000000
-5.100000
-5.400000
-5.250000
-4.800000
-3.900000
-5.700000
-6.450000
-5.850000
-5.400000
-5.850000
-5.100000
-5.400000
-5.850000
-4.800000
-5.400000
-4.500000
-5.400000
-4.800000
-4.650000
-4.800000
-4.200000
-4.650000
-5.700000
-4.200000
-3.300000
-3.600000
-2.850000
-2.850000
-2.100000
-2.550000
-2.700000
-2.100000
-1.650000
-1.050000
-2.250000
-1.950000
-1.950000
-2.100000
-1.050000
-1.350000
-1.500000
-0.900000
-1.350000
-0.300000
-2.100000
-2.550000
-1.950000
-1.500000
-1.050000
-0.450000
-1.950000
-1.950000
-1.050000
-0.750000
-0.900000
-0.750000
-1.950000
1.050000
-0.750000
-0.300000
-0.900000
0.300000
0.000000
0.000000
1.500000
0.750000
2.550000
0.750000
0.300000
2.100000
2.250000
0.750000
0.750000
0.900000
1.500000
0.150000
0.450000
0.900000
0.450000
3.150000
2.100000
1.050000
1.950000
1.350000
1.650000
1.950000
2.250000
1.500000
0.900000
2.100000
0.750000
1.350000
1.350000
1.950000
2.550000
0.450000
1.050000
2.100000
1.500000
1.500000
1.350000
1.350000
-0.750000
0.450000
2.250000
2.700000
1.500000
1.050000
0.900000
0.000000
0.450000
-0.150000
0.900000
0.750000
0.900000
0.900000
1.050000
0.000000
-0.300000
0.000000
0.300000
-0.750000
-0.900000
0.450000
-0.750000
-0.150000
-0.300000
-0.150000
-1.950000
0.300000
0.750000
0.750000
-0.150000
0.750000
-0.150000
-0.450000
-1.350000
-1.050000
-0.450000
0.000000
0.150000
-0.300000
-0.450000
-0.750000
-0.450000
-0.450000
-0.750000
-0.450000
-1.650000
-1.350000
-0.900000
-1.350000
-1.050000
-0.450000
-0.900000
-0.300000
-0.150000
0.300000
-0.300000
0.000000
0.150000
-0.750000
0.150000
-0.900000
-0.750000
-0.900000
-0.750000
-1.350000
-0.900000
-0.300000
0.150000
-1.350000
0.150000
-1.950000
-0.450000
-0.300000
0.300000
0.000000
-0.450000
0.000000
-1.350000
-1.050000
0.300000
-0.300000
0.300000
-1.050000
-0.750000
0.150000
0.450000
-0.150000
-0.150000
-0.450000
-0.150000
-1.500000
-0.300000
-0.150000
0.750000
-0.750000
-2.250000
-0.750000
-2.250000
-1.500000
-1.050000
-1.050000
-1.350000
0.150000
0.000000
-0.300000
-1.050000
-0.150000
0.450000
0.000000
0.450000
0.150000
0.750000
-0.150000
0.000000
-0.900000
0.000000
-0.450000
-0.150000
-0.750000
-0.300000
-0.900000
-2.550000
-0.450000
-1.500000
-0.750000
-0.750000
-0.450000
-2.100000
-2.100000
-2.100000
-2.700000
-1.950000
-1.050000
-1.500000
-0.450000
-2.100000
-1.050000
-2.100000
-0.450000
-0.300000
-0.450000
-1.050000
-1.950000
-2.700000
-1.650000
-1.500000
-1.050000
-0.900000
-1.950000
-1.350000
-0.150000
-0.900000
-2.250000
-2.250000
0.300000
-0.900000
-1.050000
-2.250000
-1.500000
-2.850000
-1.650000
-1.350000
-0.750000
-1.500000
-1.950000
-2.550000
-2.250000
-1.950000
-1.050000
-0.750000
-2.100000
-2.250000
-1.500000
-1.050000
-1.950000
0.150000
-1.050000
0.300000
-0.300000
0.300000
0.300000
1.350000
0.000000
0.750000
1.050000
1.350000
0.900000
1.650000
0.900000
0.000000
1.950000
2.100000
2.250000
1.650000
2.700000
1.050000
2.250000
1.650000
2.100000
2.100000
2.100000
1.650000
2.550000
3.150000
1.950000
2.550000
3.150000
1.350000
1.050000
1.650000
1.050000
1.950000
2.850000
1.950000
2.100000
1.950000
1.950000
2.100000
1.650000
1.650000
3.150000
2.850000
3.300000
2.250000
2.700000
2.850000
2.700000
2.550000
3.150000
2.250000
1.950000
1.950000
0.750000
1.350000
2.850000
1.350000
0.900000
0.750000
0.900000
1.500000
0.900000
0.300000
1.950000
0.750000
0.300000
2.100000
1.050000
1.650000
2.700000
1.050000
2.100000
2.250000
1.500000
1.350000
3.600000
2.250000
1.350000
1.950000
2.850000
1.950000
2.550000
2.250000
3.450000
3.300000
2.850000
1.950000
1.950000
3.300000
1.350000
1.950000
2.700000
2.250000
1.500000
2.550000
2.100000
1.650000
1.950000
1.050000
1.650000
2.700000
1.950000
2.100000
1.500000
1.950000
0.450000
1.500000
2.250000
2.250000
2.100000
1.500000
1.350000
0.900000
1.500000
1.050000
2.700000
0.750000
0.300000
0.450000
0.000000
1.350000
0.900000
-0.150000
1.050000
1.050000
-0.750000
0.450000
0.150000
37.500000
-0.300000
-0.150000
0.000000
-0.900000
0.000000
-1.350000
0.750000
-0.450000
-0.150000
0.300000
-0.300000
-0.450000
0.750000
1.650000
0.450000
-0.150000
0.000000
0.150000
0.900000
-0.750000
0.450000
-0.150000
0.150000
-0.150000
0.750000
0.150000
-0.300000
0.000000
0.750000
0.450000
0.450000
0.150000
1.050000
1.050000
0.900000
0.450000
1.050000
1.650000
1.500000
0.450000
2.100000
1.650000
1.500000
1.950000
2.100000
3.150000
2.100000
1.350000
3.150000
1.050000
1.950000
2.850000
2.100000
2.550000
1.050000
2.250000
1.050000
2.700000
3.900000
2.700000
2.100000
0.750000
2.550000
1.650000
3.150000
2.250000
1.650000
3.150000
2.550000
2.550000
2.250000
2.850000
1.050000
2.550000
1.650000
2.100000
2.100000
2.850000
2.550000
0.900000
1.950000
2.550000
2.700000
1.500000
2.700000
1.650000
2.550000
2.100000
1.050000
2.250000
1.950000
0.750000
1.950000
2.700000
2.100000
3.300000
1.500000
1.500000
1.350000
1.950000
0.450000
1.950000
2.700000
3.150000
0.450000
2.700000
1.500000
1.350000
0.750000
0.450000
1.650000
1.950000
1.050000
1.650000
2.700000
0.300000
0.750000
1.950000
1.050000
0.450000
2.100000
0.900000
1.500000
0.150000
1.950000
1.350000
0.450000
0.450000
0.450000
0.300000
0.000000
-0.450000
0.150000
1.050000
0.450000
0.000000
-0.300000
-1.500000
-1.050000
0.150000
-0.750000
0.000000
-0.300000
-0.450000
-0.150000
-0.150000
-0.300000
-1.500000
-0.150000
-0.450000
-0.750000
-1.050000
-1.350000
-0.900000
-1.050000
-2.550000
-1.650000
-1.350000
-1.050000
-1.950000
-1.500000
-1.950000
-2.250000
-2.100000
-2.700000
-2.550000
-2.550000
-2.250000
-3.300000
-2.700000
-2.850000
-2.700000
-1.950000
-2.100000
-3.450000
-1.050000
-2.850000
-2.700000
-4.050000
-4.200000
-2.550000
-3.300000
-4.200000
-4.800000
-3.300000
-3.600000
-4.200000
-5.700000
-4.200000
-6.000000
-5.850000
-4.800000
-5.100000
-6.750000
-5.250000
-6.300000
-5.250000
-5.100000
-5.100000
-4.800000
-5.850000
-7.650000
-5.400000
-7.950000
-6.300000
-7.050000
-7.650000
-7.800000
-7.950000
-8.400001
-8.400001
-8.250000
-7.950000
-9.900001
-8.250000
-9.150001
-9.600000
-8.850000
-9.450001
-9.150001
-11.100000
-10.200001
-9.900001
-9.150001
-11.550000
-9.900001
-10.350000
-11.100000
-10.800000
-10.950001
-11.100000
-12.600000
-11.700001
-12.150001
-12.600000
-12.750001
-12.150001
-11.700001
-14.250001
-12.900001
-12.750001
-14.100000
-13.500001
-14.100000
-13.050000
-14.850000
-14.550000
-12.900001
-15.300000
-13.650001
-12.300000
-13.500001
-13.950001
-14.250001
-13.050000
-12.900001
-12.150001
-13.350000
-13.050000
-11.550000
-12.000000
-12.750001
-12.750001
-13.650001
-12.600000
-12.750001
-12.000000
-11.550000
-12.600000
-12.000000
-11.550000
-12.150001
-12.900001
-11.550000
-12.300000
-11.700001
-12.300000
-12.750001
-12.600000
-12.300000
-11.550000
-12.300000
-12.150001
-11.700001
-12.000000
-11.700001
-12.600000
-11.550000
-11.100000
-11.700001
-10.950001
-10.500000
-11.700001
-11.100000
-11.700001
-10.500000
-10.200001
-9.900001
-9.600000
-10.350000
-10.500000
-9.900001
-9.450001
-9.900001
-10.950001
-8.250000
-9.150001
-10.200001
-9.450001
-8.550000
-8.550000
-9.750000
-9.600000
-9.000000
-7.950000
-9.450001
-9.750000
-9.450001
-9.450001
-8.250000
-9.450001
-7.950000
-7.950000
-9.900001
-9.450001
-9.000000
-9.000000
-8.550000
-9.900001
-8.400001
-9.450001
-9.000000
-9.900001
-9.750000
-8.250000
-8.850000
-9.150001
-9.750000
-9.150001
-9.000000
-7.800000
-8.850000
-8.250000
-8.550000
-9.150001
-9.750000
-8.850000
-9.750000
-8.850000
-8.250000
-7.650000
-9.750000
-8.550000
-8.250000
-7.350000
-7.950000
-8.550000
-8.250000
-7.650000
-7.050000
-8.250000
-7.050000
-7.200000
-7.200000
-8.850000
-9.150001
-7.800000
-7.350000
-7.650000
-7.800000
-8.400001
-7.200000
-7.200000
-6.750000
-7.650000
-7.800000
-7.200000
-6.750000
-7.350000
-7.650000
-5.850000
-6.300000
-7.200000
-6.750000
-6.300000
-6.750000
-6.450000
-5.250000
-4.200000
-4.650000
-3.150000
-4.800000
-4.050000
-3.150000
-2.550000
-3.300000
-3.450000
-1.650000
-1.500000
-0.900000
0.150000
-0.900000
0.150000
0.750000
1.500000
0.900000
2.100000
2.100000
3.150000
1.500000
2.850000
4.200000
3.600000
3.600000
3.150000
3.900000
4.500000
5.850000
5.850000
5.400000
6.450000
6.300000
5.850000
5.400000
5.700000
5.850000
5.850000
7.650000
5.850000
6.600000
7.950000
7.950000
7.050000
7.650000
9.450001
7.950000
7.050000
6.300000
7.050000
8.400001
7.650000
8.850000
8.400001
7.050000
9.450001
8.850000
9.750000
7.650000
6.450000
7.050000
8.250000
7.050000
7.950000
7.200000
8.250000
7.800000
7.650000
6.750000
7.650000
8.550000
9.000000
9.150001
7.950000
7.650000
7.050000
5.400000
7.350000
7.350000
5.850000
6.450000
6.450000
6.600000
6.300000
4.800000
5.400000
5.700000
5.250000
5.100000
3.450000
3.150000
2.850000
3.600000
2.700000
3.150000
3.450000
2.100000
1.950000
2.100000
1.500000
1.350000
2.250000
1.050000
1.950000
1.350000
1.050000
0.300000
0.900000
0.750000
1.050000
0.150000
1.050000
0.300000
0.750000
0.900000
0.450000
0.300000
1.050000
0.750000
0.150000
0.750000
0.450000
0.450000
1.350000
0.300000
1.350000
0.000000
0.900000
0.750000
1.050000
0.000000
0.150000
0.750000
0.450000
0.300000
0.150000
0.150000
-0.300000
0.450000
-0.300000
1.650000
0.300000
-0.750000
1.500000
0.450000
0.150000
0.750000
-0.900000
0.300000
0.750000
-0.300000
0.150000
0.450000
0.900000
-0.150000
1.650000
-0.300000
-0.450000
0.450000
0.750000
0.000000
0.900000
-0.150000
0.450000
-0.300000
0.900000
0.000000
-0.750000
-0.150000
-1.350000
0.150000
0.450000
-1.500000
-1.650000
-0.300000
0.450000
-0.450000
-1.350000
-0.150000
-0.900000
-0.900000
-0.150000
-0.450000
0.000000
-0.750000
-0.300000
-0.900000
-1.350000
-1.650000
-1.950000
-1.500000
-2.250000
-0.900000
-1.500000
-1.500000
-2.550000
-2.250000
-1.500000
-2.100000
-1.500000
-3.300000
-2.250000
-1.500000
-0.900000
-2.850000
-2.250000
-1.350000
-0.450000
-1.350000
-1.050000
-2.700000
-2.700000
-0.450000
-0.300000
-1.050000
0.000000
-0.300000
-0.150000
0.750000
1.050000
1.500000
2.550000
1.050000
0.900000
2.100000
2.700000
2.700000
3.150000
3.150000
5.100000
3.450000
3.300000
3.900000
4.800000
5.100000
4.050000
4.650000
5.100000
4.650000
4.650000
3.900000
3.900000
4.050000
4.050000
3.300000
2.850000
4.500000
2.550000
1.650000
0.750000
1.500000
1.950000
0.750000
0.300000
0.150000
-0.300000
-0.900000
-0.750000
-1.050000
-1.350000
-2.100000
-2.850000
-2.850000
-1.650000
-3.150000
-1.650000
-3.900000
-4.050000
-3.900000
-4.650000
-5.250000
-5.700000
-4.500000
-4.650000
-5.100000
-5.250000
-5.100000
-5.850000
-6.600000
-6.000000
-6.750000
-4.650000
-7.050000
-6.300000
-5.850000
-7.650000
-7.050000
-7.350000
-6.300000
-7.200000
-6.750000
-6.450000
-5.100000
-6.750000
-7.200000
-7.350000
-6.600000
-6.450000
-6.600000
-5.400000
-6.450000
-6.000000
-5.400000
-5.850000
-4.800000
-4.650000
-4.050000
-4.200000
-4.200000
-4.200000
-3.900000
-5.100000
-4.650000
-3.600000
-2.850000
-3.450000
-3.150000
-3.300000
-3.150000
-2.550000
-2.100000
-1.650000
-1.350000
-2.100000
-1.950000
-2.850000
-2.700000
-1.350000
-0.750000
-0.300000
-0.450000
0.150000
-0.150000
-1.050000
-0.750000
-0.300000
-0.150000
-0.900000
-1.350000
0.150000
-0.450000
-1.350000
-1.350000
-0.450000
-0.750000
-0.750000
-0.150000
-1.500000
-1.050000
-2.700000
-1.050000
-0.900000
-0.450000
-1.350000
-1.350000
-1.350000
-0.150000
-0.300000
-1.500000
-0.750000
-1.050000
-0.900000
-1.050000
0.150000
-0.300000
-0.450000
-0.900000
0.150000
-2.100000
0.750000
-0.300000
-0.150000
1.050000
0.450000
-0.300000
0.750000
-0.450000
-1.500000
-1.050000
0.150000
-0.150000
-0.450000
-1.350000
-1.050000
-2.700000
-1.350000
-0.900000
-1.650000
-2.850000
-3.300000
-3.450000
-4.800000
-2.550000
-4.800000
-4.050000
-2.250000
-5.100000
-4.050000
-5.850000
-3.600000
-5.250000
-5.100000
-5.400000
-6.600000
-4.650000
-6.300000
-5.400000
-5.850000
-5.100000
-6.000000
-5.250000
-6.000000
-6.600000
-7.050000
-6.750000
-7.800000
-8.400001
-7.950000
-10.350000
-9.600000
-10.500000
-9.150001
-9.900001
-10.200001
-10.350000
-11.550000
-12.000000
-11.100000
-13.650001
-13.350000
-14.850000
-14.550000
-14.100000
-14.700001
-14.850000
-17.250000
-14.850000
-15.450001
-16.650002
-17.100000
-17.400002
-16.800001
-18.300001
-18.000000
-19.050001
-18.300001
-19.650002
-18.900002
-19.350000
-18.450001
-19.800001
-20.400002
-20.850000
-20.550001
-19.350000
-21.750000
-20.850000
-20.400002
-21.150002
-20.850000
-22.800001
-21.150002
-22.050001
-21.750000
-21.150002
-22.200001
-22.050001
-23.100000
-22.800001
-22.200001
-23.100000
-22.950001
-23.100000
-23.100000
-23.400002
-22.500000
-22.800001
-23.400002
-23.550001
-24.150002
-23.550001
-23.700001
-22.950001
-24.000000
-24.600000
-22.950001
-24.300001
-24.300001
-23.700001
-24.150002
-23.700001
-22.500000
-23.100000
-23.100000
-23.700001
-24.600000
-24.900002
-23.400002
-24.300001
-23.400002
-22.350000
-23.700001
-23.700001
-24.150002
-23.550001
-22.500000
-24.300001
-22.350000
-22.200001
-22.800001
-21.600000
-22.800001
-22.350000
-22.800001
-22.500000
-21.750000
-22.350000
-20.850000
-20.850000
-22.050001
-22.500000
-21.600000
-20.250000
-20.250000
-21.150002
-20.400002
-20.550001
-20.550001
-19.650002
-20.550001
-20.400002
-19.050001
-19.350000
-19.200001
-19.200001
-18.300001
-19.800001
-19.650002
-18.900002
-19.350000
-18.300001
-17.850000
-17.400002
-17.400002
-18.000000
-17.250000
-17.100000
-18.900002
-15.750001
-16.500000
-18.300001
-16.500000
-17.250000
-15.900001
-16.500000
-15.900001
-16.200001
-16.500000
-14.850000
-15.150001
-15.450001
-14.700001
-14.100000
-14.250001
-14.850000
-14.100000
-13.650001
-13.650001
-12.900001
-11.700001
-10.500000
-11.700001
-10.350000
-10.350000
-11.550000
-11.100000
-9.900001
-10.200001
-9.150001
-8.550000
-6.750000
-8.250000
-6.450000
-5.400000
-7.200000
-5.850000
-5.700000
-5.250000
-3.450000
-1.950000
-3.150000
-1.950000
-2.100000
-0.750000
-1.350000
-0.150000
0.300000
-0.450000
0.450000
1.950000
1.650000
2.700000
2.850000
3.450000
3.300000
2.700000
3.900000
4.200000
5.100000
4.800000
4.500000
5.700000
4.800000
4.800000
3.600000
4.800000
3.300000
3.900000
2.700000
2.250000
2.250000
3.900000
3.900000
2.100000
3.450000
4.500000
3.150000
2.100000
1.050000
-0.300000
-1.350000
-0.750000
-2.250000
-1.650000
-2.700000
-1.500000
-2.250000
-3.600000
-6.600000
-7.200000
-6.750000
-7.800000
-9.000000
-8.400001
-9.750000
-8.550000
-9.000000
-9.750000
-12.300000
-13.050000
-13.350000
-12.900001
-14.100000
-14.700001
-14.100000
-13.950001
-15.300000
-15.150001
-15.900001
-17.400002
-16.650002
-16.800001
-16.800001
-18.300001
-18.300001
-18.300001
-17.700001
-17.400002
-19.950001
-18.900002
-19.950001
-20.250000
-20.250000
-19.800001
-20.250000
-20.250000
-20.850000
-20.400002
-22.350000
-20.850000
-21.600000
-21.600000
-22.050001
-21.600000
-21.750000
-22.200001
-21.450001
-21.600000
-24.000000
-21.150002
-21.600000
-21.750000
-21.450001
-22.050001
-21.450001
-21.750000
-21.750000
-23.400002
-21.450001
-22.500000
-22.200001
-22.200001
-22.350000
-21.600000
-22.200001
-22.350000
-21.750000
-21.450001
-21.150002
-22.950001
-23.400002
-20.850000
-21.450001
-21.000000
-21.600000
-21.600000
-21.750000
-22.500000
-22.500000
-23.400002
-22.200001
-23.100000
-22.200001
-22.200001
-23.550001
-22.500000
-22.500000
-23.100000
-24.600000
-22.350000
-23.700001
-23.550001
-22.950001
-23.100000
-23.400002
-23.100000
-23.700001
-23.550001
-23.100000
-23.700001
-23.550001
-23.100000
-24.150002
-22.200001
-24.600000
-24.300001
-24.300001
-22.950001
-23.700001
-24.000000
-23.100000
-24.900002
-23.400002
-25.350000
-23.700001
-23.700001
-24.600000
-24.750002
-25.500002
-25.200001
-26.250002
-24.900002
-25.350000
-24.900002
-25.200001
-24.300001
-24.600000
-25.200001
-24.300001
-26.550001
-24.750002
-24.900002
-24.300001
-24.150002
-24.900002
-26.250002
-24.900002
-24.300001
-23.100000
-22.500000
-24.150002
-22.800001
-22.200001
-22.200001
-22.200001
-22.200001
-20.400002
-20.250000
-18.450001
-18.600000
-18.450001
-17.400002
-18.900002
-17.100000
-16.200001
-16.500000
-16.500000
-14.850000
-13.050000
-12.300000
-11.550000
-12.750001
-10.800000
-11.100000
-9.450001
-9.000000
-9.450001
-8.550000
-5.850000
-5.400000
-4.200000
-4.050000
-5.250000
-4.500000
-2.850000
-3.300000
-2.850000
-2.850000
-1.050000
0.150000
0.300000
0.900000
1.350000
1.650000
1.350000
0.900000
2.250000
1.050000
2.700000
2.700000
2.100000
2.100000
0.450000
1.650000
1.500000
2.100000
0.750000
1.650000
0.150000
1.350000
2.550000
0.300000
1.650000
1.050000
1.350000
1.050000
0.450000
0.000000
0.150000
0.000000
0.450000
1.350000
1.950000
1.650000
1.050000
0.300000
0.150000
0.900000
0.150000
0.750000
0.750000
0.900000
1.350000
1.350000
0.900000
1.350000
1.950000
-0.300000
2.250000
0.300000
0.450000
0.000000
-0.150000
1.050000
1.050000
0.900000
1.350000
0.750000
0.900000
-0.150000
1.950000
1.050000
0.450000
0.900000
0.750000
0.750000
0.900000
-0.150000
0.750000
0.300000
0.300000
0.450000
1.050000
1.950000
-0.300000
0.900000
0.900000
0.300000
-0.750000
0.300000
0.150000
0.900000
0.900000
1.050000
0.300000
0.900000
0.300000
2.100000
0.750000
2.100000
-0.300000
1.500000
0.450000
0.000000
-0.450000
0.150000
0.450000
0.900000
0.300000
-0.300000
0.150000
0.900000
0.000000
1.050000
0.450000
0.750000
0.000000
-0.450000
-0.150000
1.500000
0.900000
-0.300000
1.500000
0.150000
0.450000
0.450000
0.450000
0.000000
0.750000
1.350000
1.950000
0.450000
1.650000
1.050000
1.650000
1.650000
1.050000
1.650000
2.250000
0.900000
1.500000
0.900000
1.950000
1.050000
1.500000
0.450000
2.100000
1.350000
1.650000
1.350000
1.350000
1.950000
1.350000
1.950000
2.100000
2.550000
1.350000
2.700000
1.650000
1.650000
1.500000
1.950000
1.650000
2.550000
3.450000
2.250000
1.500000
2.850000
1.500000
2.250000
2.250000
1.500000
2.550000
2.550000
1.500000
1.500000
1.350000
0.900000
2.100000
1.650000
2.100000
1.950000
2.700000
1.050000
0.900000
2.250000
1.650000
2.100000
0.750000
0.900000
0.750000
0.450000
2.550000
0.750000
2.100000
2.550000
0.900000
1.650000
0.450000
0.900000
0.900000
0.750000
0.750000
1.650000
-0.900000
-0.150000
0.000000
0.300000
-1.350000
-2.850000
-3.150000
-4.200000
-5.250000
-4.500000
-3.600000
-4.200000
-4.500000
-4.800000
-5.700000
-5.850000
-6.300000
-5.850000
-6.750000
-7.650000
-6.750000
-7.050000
-6.450000
-6.300000
-7.800000
-8.400001
-7.650000
-9.450001
-7.950000
-9.450001
-9.600000
-10.500000
-10.350000
-9.150001
-9.900001
-10.500000
-10.500000
-12.000000
-9.750000
-11.400001
-11.100000
-11.550000
-10.500000
-11.400001
-14.700001
-12.600000
-12.000000
-12.300000
-12.600000
-13.500001
-12.900001
-13.350000
-14.100000
-13.650001
-15.450001
-16.050001
-15.150001
-14.850000
-15.150001
-15.900001
-14.700001
-17.400002
-15.900001
-15.300000
-14.850000
-16.500000
-16.500000
-16.200001
-15.300000
-16.650002
-15.300000
-16.500000
-15.450001
-15.900001
-17.250000
-16.800001
-15.450001
-16.500000
-17.250000
-15.750001
-16.800001
-16.800001
-16.050001
-16.050001
-16.800001
-16.650002
-17.250000
-16.800001
-17.400002
-16.050001
-18.450001
-16.500000
-17.100000
-17.250000
-18.000000
-18.300001
-17.400002
-17.100000
-19.050001
-17.850000
-18.300001
-18.300001
-19.350000
-18.600000
-17.850000
-18.000000
-18.000000
-17.400002
-18.000000
-17.400002
-17.250000
-17.400002
-17.700001
-16.050001
-16.500000
-16.500000
-15.300000
-15.900001
-15.150001
-14.550000
-15.450001
-13.950001
-15.150001
-13.950001
-11.700001
-12.300000
-11.700001
-10.500000
-10.200001
-11.100000
-11.100000
-10.200001
-9.600000
-9.600000
-8.250000
-6.750000
-6.600000
-7.050000
-7.650000
-6.600000
-7.350000
-6.750000
-6.450000
-5.400000
-4.650000
-5.100000
-4.500000
-2.250000
-3.600000
-3.300000
-3.150000
-0.750000
-2.250000
-2.250000
0.000000
-0.150000
0.450000
0.150000
0.150000
0.150000
-0.750000
0.450000
0.300000
0.750000
1.350000
1.350000
0.900000
1.650000
1.350000
1.950000
1.650000
2.850000
1.350000
2.700000
2.550000
2.100000
1.950000
2.100000
1.650000
1.050000
2.700000
1.500000
1.950000
2.250000
2.100000
2.250000
0.750000
2.100000
0.750000
2.100000
3.300000
2.550000
3.900000
1.500000
2.250000
3.300000
1.050000
1.050000
2.250000
2.100000
3.300000
2.250000
2.100000
2.250000
2.700000
3.300000
2.100000
2.700000
2.700000
3.150000
1.650000
2.550000
1.500000
2.850000
1.650000
1.500000
2.550000
1.500000
3.150000
1.650000
3.300000
2.100000
1.650000
2.100000
2.850000
2.100000
0.900000
2.550000
2.250000
2.100000
2.250000
3.150000
2.850000
1.050000
1.950000
1.050000
1.050000
1.950000
0.900000
2.100000
1.650000
1.350000
1.650000
2.850000
2.250000
1.950000
1.500000
2.250000
1.350000
0.150000
1.350000
0.000000
1.050000
1.500000
1.350000
2.100000
1.500000
1.050000
1.650000
0.450000
2.700000
1.650000
2.100000
1.350000
0.450000
1.950000
0.750000
0.900000
0.450000
2.700000
1.650000
1.650000
2.100000
2.850000
2.100000
1.050000
0.450000
1.950000
1.500000
1.050000
1.650000
0.750000
0.900000
1.650000
2.550000
1.350000
1.650000
1.500000
2.700000
1.500000
1.500000
0.150000
0.750000
0.750000
0.750000
1.950000
1.950000
1.050000
1.350000
1.350000
0.150000
0.900000
0.000000
0.900000
1.350000
0.450000
2.700000
0.300000
0.000000
1.650000
1.500000
0.900000
0.450000
0.150000
-0.750000
0.300000
0.300000
0.300000
-0.150000
0.750000
0.450000
0.750000
1.650000
1.050000
0.450000
0.750000
0.750000
0.450000
1.650000
1.500000
0.900000
0.000000
0.150000
1.500000
-0.450000
1.350000
-0.300000
0.150000
1.050000
0.300000
1.050000
0.900000
1.350000
0.750000
1.350000
1.500000
0.150000
0.450000
0.750000
1.350000
1.350000
-0.150000
0.900000
0.150000
0.450000
0.750000
0.000000
1.350000
-0.300000
-0.750000
0.900000
0.900000
0.150000
2.550000
1.500000
0.450000
0.750000
1.350000
0.300000
0.000000
0.750000
0.150000
0.750000
0.450000
0.150000
0.750000
0.900000
0.450000
0.750000
0.300000
0.450000
0.750000
-0.450000
-0.300000
0.450000
0.450000
0.750000
0.300000
0.300000
1.500000
0.750000
0.300000
0.150000
0.900000
1.950000
1.500000
0.150000
1.050000
0.300000
1.350000
-0.450000
0.150000
1.950000
-0.300000
0.300000
0.300000
0.150000
0.000000
0.450000
1.050000
0.150000
-0.150000
1.350000
0.900000
0.450000
0.300000
1.500000
0.450000
0.450000
0.000000
1.050000
-0.450000
1.500000
0.750000
0.450000
0.300000
1.050000
0.450000
-0.450000
0.150000
0.150000
0.750000
0.300000
0.450000
0.450000
1.500000
1.050000
1.050000
0.450000
1.050000
-0.300000
0.900000
0.000000
0.750000
0.000000
-0.450000
0.300000
-0.450000
0.450000
0.150000
0.150000
-0.300000
0.450000
0.450000
0.450000
-0.150000
0.300000
-0.900000
0.450000
0.150000
0.000000
0.000000
0.450000
1.050000
-0.150000
-1.050000
-0.900000
-0.300000
0.450000
0.450000
0.450000
0.450000
0.150000
-1.650000
0.450000
0.300000
-0.300000
-0.450000
0.450000
-0.450000
0.000000
-0.750000
0.750000
-0.450000
0.750000
0.000000
0.750000
1.350000
-0.450000
0.300000
0.750000
1.950000
0.300000
0.750000
1.050000
0.750000
0.000000
-0.150000
-0.300000
-0.150000
0.900000
0.150000
0.900000
-0.150000
0.750000
-0.150000
0.150000
0.300000
0.750000
0.000000
0.750000
-0.150000
0.750000
0.000000
0.900000
1.350000
0.900000
0.300000
1.350000
0.900000
0.150000
0.900000
0.150000
0.450000
2.250000
0.150000
0.900000
0.750000
0.900000
-0.300000
0.900000
0.750000
1.050000
0.900000
0.900000
-0.450000
0.900000
0.000000
-1.050000
-0.150000
0.300000
0.450000
-0.450000
0.750000
0.750000
2.100000
-0.150000
0.750000
0.150000
-0.750000
1.500000
0.150000
-0.150000
0.900000
0.450000
0.450000
0.300000
0.750000
0.450000
0.150000
0.450000
1.350000
-0.900000
0.150000
-0.150000
0.450000
0.150000
0.450000
0.450000
0.300000
-0.150000
-0.450000
-0.150000
0.900000
-0.150000
1.050000
0.300000
1.500000
0.450000
-0.450000
0.750000
-0.900000
-0.750000
-0.150000
0.000000
0.000000
0.000000
-0.450000
1.050000
1.950000
0.750000
-0.300000
0.750000
-0.150000
0.000000
-0.300000
-0.150000
0.450000
-0.150000
0.150000
-0.150000
0.000000
0.000000
0.150000
-0.450000
-0.900000
-0.450000
-1.050000
0.000000
-0.750000
-0.900000
-1.350000
-1.950000
-3.150000
-3.450000
-3.150000
-3.450000
-4.800000
-5.400000
-3.900000
-6.000000
-4.200000
-6.300000
-4.500000
-3.600000
-2.700000
-2.250000
-2.550000
-1.500000
-1.650000
-1.500000
-1.350000
1.050000
0.300000
2.250000
2.550000
2.850000
2.850000
3.300000
3.300000
2.100000
2.850000
1.950000
2.700000
1.500000
3.150000
2.250000
1.650000
2.100000
3.450000
1.050000
1.950000
2.850000
2.250000
2.700000
2.250000
1.650000
2.100000
2.850000
2.250000
2.700000
1.950000
2.250000
2.550000
2.550000
2.100000
1.500000
1.050000
-0.150000
2.100000
0.150000
-0.150000
0.750000
0.000000
-1.350000
-0.300000
-0.300000
-2.100000
-0.750000
-1.500000
-0.750000
36.900002
-1.650000
-2.250000
-2.700000
-1.950000
-1.650000
-1.650000
-1.950000
-1.650000
-1.350000
-1.050000
-0.750000
-1.050000
-1.650000
-1.350000
-0.750000
-0.300000
-1.050000
-0.150000
-0.900000
-0.300000
-1.050000
-0.300000
0.000000
0.300000
-0.450000
0.750000
-0.150000
0.750000
-0.150000
-0.150000
0.750000
0.450000
0.150000
0.450000
0.750000
1.050000
0.900000
1.500000
1.950000
1.650000
0.000000
1.650000
1.650000
0.150000
0.900000
2.550000
1.050000
0.300000
0.000000
1.350000
0.450000
0.900000
-0.450000
0.750000
0.900000
-0.150000
0.150000
0.450000
0.450000
0.450000
0.150000
0.300000
-0.450000
-0.450000
-0.300000
0.000000
-0.450000
-0.150000
0.000000
0.300000
-1.050000
-0.150000
0.450000
-0.750000
-0.150000
38.250000
1.350000
-0.300000
0.150000
-1.500000
0.300000
0.000000
-0.300000
0.150000
0.000000
0.450000
0.150000
1.350000
0.150000
0.300000
0.450000
1.350000
0.300000
-0.300000
-0.150000
0.750000
0.450000
1.050000
0.900000
1.350000
-0.300000
1.050000
-0.150000
0.900000
-0.150000
1.350000
0.750000
0.750000
0.450000
0.000000
0.900000
1.050000
0.000000
1.050000
1.500000
-0.150000
0.300000
1.500000
0.750000
0.000000
1.950000
1.650000
0.900000
0.450000
0.300000
-0.150000
0.750000
-0.450000
-0.150000
0.750000
0.750000
0.300000
0.450000
-0.150000
-1.350000
0.750000
-0.150000
-0.450000
-0.150000
-0.450000
0.000000
-1.050000
0.300000
0.150000
-0.450000
0.900000
0.300000
1.500000
0.450000
-0.300000
0.450000
0.300000
0.000000
0.750000
0.000000
1.350000
0.150000
-0.150000
0.150000
0.150000
-0.750000
0.450000
0.750000
-0.150000
1.050000
0.450000
-0.150000
0.900000
-0.450000
1.050000
1.350000
0.900000
1.500000
0.300000
-0.150000
0.450000
0.450000
1.050000
0.750000
-0.450000
0.300000
1.050000
1.500000
0.450000
0.300000
-0.150000
0.750000
-0.900000
0.450000
-0.300000
0.900000
1.350000
0.150000
0.000000
0.300000
-0.150000
0.150000
0.750000
0.000000
0.900000
-0.450000
0.450000
0.450000
0.000000
0.300000
-1.050000
0.450000
0.750000
0.450000
0.300000
0.150000
0.450000
0.300000
-0.750000
-1.050000
0.750000
0.300000
-0.300000
0.750000
0.150000
0.300000
0.900000
0.000000
0.450000
0.300000
0.150000
0.150000
0.900000
0.450000
0.300000
1.350000
1.050000
0.900000
0.450000
0.900000
0.300000
0.150000
1.950000
-0.750000
0.000000
0.000000
-0.150000
-1.350000
0.000000
0.000000
0.300000
0.150000
-0.300000
0.300000
-0.900000
0.000000
0.150000
-0.900000
-0.450000
-0.750000
0.000000
0.450000
-0.300000
0.000000
0.300000
-0.300000
1.650000
0.000000
1.350000
0.450000
0.450000
1.950000
1.350000
-0.150000
0.750000
0.150000
0.450000
0.300000
-0.300000
0.300000
0.450000
0.150000
1.950000
0.750000
0.750000
1.050000
-0.450000
-0.750000
0.000000
-0.750000
0.000000
-0.150000
-0.300000
0.300000
-0.900000
-0.450000
0.450000
0.300000
-0.300000
0.000000
-0.150000
0.300000
-0.750000
-0.900000
0.300000
-0.750000
0.000000
0.300000
-0.300000
1.650000
-0.450000
0.000000
-0.900000
-0.750000
0.750000
-0.300000
-0.900000
-0.750000
-0.300000
-1.050000
-0.900000
-1.050000
-1.350000
0.150000
-0.300000
-1.950000
-0.150000
-0.900000
-1.500000
-0.750000
-0.750000
-0.450000
-0.750000
-0.450000
0.450000
-0.150000
-0.750000
-0.750000
0.900000
0.000000
-0.150000
-0.450000
0.300000
-0.150000
-0.300000
0.150000
0.150000
-0.450000
0.150000
0.750000
0.300000
0.150000
-0.300000
0.300000
0.000000
0.000000
-0.300000
0.150000
-0.300000
0.000000
-0.450000
0.150000
0.450000
0.000000
0.450000
0.300000
0.300000
-0.450000
0.450000
0.150000
-0.450000
0.300000
-0.450000
0.000000
0.450000
0.000000
0.450000
-0.150000
-0.300000
0.150000
0.000000
0.150000
0.150000
0.150000
0.300000
0.150000
-0.900000
0.300000
-0.300000
0.000000
-0.450000
0.300000
-0.300000
-0.750000
-1.350000
0.150000
0.300000
0.150000
0.000000
0.150000
0.750000
0.300000
-1.050000
-0.150000
-0.300000
-0.900000
0.750000
1.350000
-0.450000
-0.300000
-0.900000
-0.900000
-1.350000
-0.750000
-0.450000
0.000000
-0.150000
0.150000
0.150000
0.450000
-0.450000
-0.300000
0.300000
-0.150000
0.150000
-0.450000
0.000000
0.300000
0.000000
-0.300000
-0.300000
0.450000
-0.300000
-0.300000
0.000000
-0.750000
-0.750000
-0.450000
-0.750000
0.150000
-0.750000
-0.150000
0.300000
-1.950000
-1.950000
0.300000
0.300000
-0.150000
0.000000
-0.300000
-0.900000
-0.300000
-0.450000
-0.300000
-0.750000
-1.500000
0.300000
-0.300000
0.750000
-0.300000
-0.300000
-0.900000
0.150000
-0.450000
-0.450000
-0.450000
-0.750000
0.150000
-0.750000
-0.300000
-0.450000
-0.750000
-0.300000
-0.300000
-0.150000
-0.750000
-0.150000
-2.100000
-1.350000
-1.350000
-0.300000
-0.750000
0.000000
-0.450000
0.450000
-1.350000
0.150000
1.350000
0.000000
-0.300000
0.450000
0.000000
1.350000
0.000000
1.650000
0.750000
0.300000
0.300000
1.350000
0.450000
0.750000
1.650000
0.900000
0.750000
1.500000
0.750000
2.100000
1.650000
1.500000
0.750000
2.550000
1.050000
1.050000
1.650000
1.650000
3.450000
1.500000
2.550000
2.100000
3.300000
1.050000
1.500000
1.950000
2.550000
3.450000
1.950000
3.150000
3.450000
2.250000
2.850000
1.650000
2.550000
1.950000
2.850000
2.100000
2.250000
1.350000
1.050000
2.250000
1.500000
2.550000
2.100000
1.950000
0.750000
-0.750000
0.750000
1.050000
1.950000
0.000000
1.950000
1.500000
2.250000
0.450000
0.150000
0.900000
-0.450000
-0.750000
1.500000
0.900000
0.450000
0.150000
0.300000
0.150000
-0.150000
-0.150000
-0.900000
1.350000
1.050000
0.150000
0.300000
0.000000
0.150000
0.750000
0.450000
0.150000
1.500000
0.750000
0.300000
0.000000
0.300000
0.000000
1.050000
1.050000
1.050000
0.750000
1.050000
0.300000
0.750000
0.750000
1.050000
0.750000
0.000000
1.350000
0.900000
-0.150000
0.900000
0.900000
1.050000
1.650000
0.750000
0.300000
1.350000
1.050000
1.500000
0.450000
0.900000
0.450000
0.900000
0.900000
0.900000
2.100000
0.450000
1.350000
0.450000
2.100000
1.500000
1.050000
1.500000
1.500000
1.350000
0.750000
1.350000
0.150000
1.950000
1.350000
1.950000
0.450000
0.000000
1.650000
-0.450000
0.450000
2.550000
0.450000
1.050000
0.300000
1.350000
0.900000
1.950000
2.100000
0.750000
1.350000
1.950000
1.650000
0.300000
2.250000
1.650000
1.650000
2.100000
2.250000
1.050000
0.300000
1.950000
2.100000
1.950000
1.350000
1.500000
0.450000
1.350000
1.350000
1.950000
0.900000
0.900000
2.250000
1.050000
1.350000
1.650000
2.100000
1.350000
2.550000
1.050000
2.250000
1.950000
1.650000
1.650000
2.550000
2.100000
1.350000
0.900000
1.950000
1.050000
1.350000
2.850000
1.050000
1.950000
1.950000
2.250000
1.350000
0.150000
1.650000
1.950000
0.900000
0.450000
2.100000
1.500000
2.700000
1.950000
2.700000
2.100000
2.100000
2.100000
2.550000
0.450000
1.050000
2.100000
2.250000
1.650000
2.850000
1.650000
2.550000
2.100000
1.050000
1.350000
1.950000
1.950000
2.250000
2.250000
1.350000
0.750000
2.100000
1.500000
1.500000
1.650000
2.100000
1.650000
2.850000
2.100000
2.100000
2.700000
3.300000
2.700000
2.250000
2.700000
2.550000
1.950000
2.550000
2.250000
2.550000
1.650000
1.350000
3.150000
2.100000
1.950000
1.050000
1.950000
0.900000
1.950000
1.950000
3.450000
2.100000
1.350000
2.850000
3.450000
3.900000
3.600000
4.050000
2.700000
1.950000
4.050000
1.650000
4.050000
4.050000
2.850000
5.100000
4.800000
3.150000
3.900000
4.200000
3.300000
3.600000
4.200000
2.850000
3.150000
3.300000
4.050000
2.100000
2.850000
2.550000
2.100000
2.700000
2.100000
1.950000
2.250000
2.700000
2.550000
2.100000
2.550000
2.100000
2.700000
2.850000
3.150000
2.700000
2.100000
1.650000
1.950000
1.350000
3.300000
3.300000
2.100000
3.300000
2.100000
2.550000
1.950000
1.950000
2.550000
2.700000
1.650000
2.550000
2.700000
2.550000
2.850000
3.150000
1.650000
2.100000
1.050000
3.300000
1.050000
1.500000
2.700000
2.550000
2.100000
3.300000
2.700000
2.250000
3.300000
3.300000
1.950000
3.150000
1.650000
2.550000
2.250000
3.900000
1.650000
1.650000
2.100000
2.100000
3.300000
2.100000
1.350000
1.500000
2.250000
2.250000
1.950000
0.750000
0.450000
2.250000
0.300000
1.350000
0.300000
0.000000
0.150000
-0.900000
-1.350000
-1.050000
0.000000
-0.750000
-0.900000
-1.950000
-2.700000
-2.100000
-3.300000
-3.600000
-3.300000
-2.700000
-2.850000
-3.900000
-3.300000
-4.050000
-5.400000
-4.800000
-3.900000
-5.250000
-2.850000
-5.700000
-5.100000
-4.050000
-5.100000
-4.200000
-5.850000
-4.200000
-5.250000
-5.850000
-6.300000
-6.000000
-5.400000
-6.600000
-6.300000
-5.700000
-6.450000
-6.300000
-6.750000
-5.700000
-6.600000
-7.350000
-6.750000
-7.200000
-6.600000
-6.750000
-4.500000
-6.300000
-4.200000
-6.450000
-6.300000
-5.850000
-5.250000
-6.300000
-4.650000
-5.100000
-3.900000
-4.200000
-4.200000
-4.800000
-3.450000
-5.100000
-3.300000
-3.900000
-4.050000
-2.700000
-3.600000
-3.300000
-2.100000
-2.700000
-1.950000
-3.450000
-1.650000
-2.250000
-2.100000
-2.550000
-1.650000
-2.100000
-2.100000
-0.750000
-2.700000
-1.350000
-0.750000
-1.650000
0.450000
0.000000
0.900000
0.450000
0.300000
0.450000
0.300000
0.300000
1.950000
-0.150000
0.150000
0.900000
2.100000
2.250000
1.350000
1.650000
1.950000
1.650000
1.650000
1.650000
2.700000
1.650000
2.850000
0.900000
2.550000
2.250000
1.050000
2.100000
2.250000
2.100000
1.350000
2.100000
1.650000
2.550000
2.250000
1.950000
1.950000
0.750000
0.750000
0.900000
0.900000
1.650000
0.000000
0.300000
1.500000
0.750000
0.000000
0.900000
-0.150000
0.150000
0.450000
0.300000
-0.300000
-0.150000
0.300000
0.000000
1.350000
0.300000
0.300000
0.150000
0.900000
-0.750000
0.150000
-0.450000
-0.900000
-0.300000
-0.450000
0.150000
-1.500000
0.000000
-0.750000
0.000000
-1.500000
-1.050000
-0.450000
-0.900000
-1.350000
0.450000
-0.900000
-0.300000
-0.150000
-1.350000
-1.050000
-0.450000
-0.450000
-0.750000
-0.900000
-2.100000
-1.650000
-0.450000
-1.500000
-2.550000
0.300000
-1.650000
-1.350000
-2.100000
-0.750000
-1.950000
-0.450000
-1.500000
-2.250000
-1.050000
-0.900000
-0.750000
-1.350000
-1.350000
-1.050000
-1.650000
0.000000
-0.300000
-1.500000
0.300000
-0.450000
-0.150000
-0.900000
-1.350000
-1.050000
0.750000
-0.750000
-0.750000
-0.900000
-1.350000
-0.900000
-0.750000
-1.500000
-0.900000
0.150000
0.000000
-0.900000
-0.750000
-0.900000
0.450000
0.300000
-0.750000
-0.300000
-0.450000
0.750000
-0.900000
-0.150000
-0.450000
-0.750000
-0.450000
-1.050000
-0.300000
-0.900000
0.000000
-0.150000
-1.050000
-0.900000
-1.050000
-0.300000
