51.427338
51.427338
51.427338
51.427338
51.427338
51.427338
51.427338
51.427338
51.427338
51.427338
51.427338
51.427338
51.427338
51.427338
51.427338
51.427338
51.427338
51.427338
51.427338
51.427338
51.427338
51.427338
51.427338
51.427338
51.427338
51.427338
51.427338
51.427338
51.427338
51.427338
51.427338
51.427338
51.427338
51.427338
51.427338
51.427338
51.427338
51.427338
51.427338
51.427338
51.427338
51.427357
51.427353
4.063709
51.427361
51.427368
51.427368
51.427368
51.427368
51.427368
51.427380
51.427399
51.427418
51.427433
51.427448
51.427467
51.427490
51.427505
51.427513
51.427513
51.427521
51.427528
51.427536
51.427540
51.427544
51.427551
51.427559
51.427563
51.427586
51.427605
51.427628
51.427650
51.427673
51.427696
51.427719
51.427738
51.427761
51.427780
51.427799
51.427830
51.427853
51.427879
51.427902
51.427929
51.427963
51.427986
51.428013
51.428036
51.428055
51.428082
51.428116
51.428146
51.428173
51.428188
51.428200
51.428207
51.428223
51.428234
51.428234
51.428253
51.428265
51.428272
51.428284
51.428295
51.428303
51.428310
51.428322
51.428326
51.428329
51.428333
846.097351
51.428356
51.428368
51.428371
51.428383
51.428391
51.428398
51.428406
51.428410
51.428410
51.428410
51.428417
51.428425
51.428432
51.428455
51.428463
51.428474
51.428486
51.428490
51.428497
51.428505
51.428516
51.428532
51.428543
51.428555
51.428570
51.428581
51.428593
51.428600
51.428616
51.428627
0.000017
51.428654
51.428665
51.428673
51.428680
51.428680
51.428692
51.428699
51.428711
51.428715
51.428745
51.428753
51.428761
51.428772
51.428783
51.428795
51.428806
51.428818
51.428825
51.428833
51.428844
51.428852
51.428860
51.428871
51.428879
51.428886
51.428898
51.428902
51.428913
51.428921
51.428928
51.428940
51.428947
51.428955
51.428963
51.428970
51.428986
51.428989
51.429001
51.429008
51.429012
51.429020
51.429031
51.429047
51.429050
51.429062
51.429070
51.429070
51.429085
51.429085
51.429096
51.429104
51.429108
51.429111
51.429119
51.429127
51.429138
51.429146
51.429157
51.429176
51.429184
51.429188
51.429199
51.429207
51.429218
51.429230
1845.210327
51.429245
51.429253
51.429264
51.429272
51.429279
51.429279
0.000000
0.000000
0.000017
51.429317
51.429329
51.429337
0.000017
51.429352
51.429359
51.429363
51.429375
51.429375
51.429379
51.429379
51.429382
51.429398
51.429424
51.429424
51.429432
51.429440
51.429447
51.429455
51.429462
51.429474
0.000000
51.429497
51.429508
51.429520
51.429527
51.429539
51.429558
51.429569
51.429585
51.429592
51.429604
51.429619
51.429642
51.429634
51.429623
51.429600
51.429573
51.429539
51.429535
51.429543
51.429569
51.429600
51.429623
51.429657
51.429672
51.429668
51.429657
51.429634
51.429615
51.429607
51.429611
51.429615
51.429623
51.429626
51.429619
51.429604
51.429588
51.429585
51.429619
51.429630
51.429623
51.429607
51.429592
51.429581
51.429588
51.429600
51.429585
51.429565
51.429562
51.429535
51.429539
51.429562
51.429581
51.429596
51.429596
51.429577
51.429550
51.429535
51.429523
51.429527
51.429539
51.429550
51.429565
51.429581
51.429596
51.429604
51.429615
51.429623
51.429634
51.429642
51.429642
51.429642
51.429634
51.429642
51.429653
51.429665
51.429672
51.429688
51.429703
51.429707
51.429722
51.429729
51.429729
51.429714
51.429699
51.429680
51.429665
51.429649
51.429642
51.429623
51.429615
51.429607
51.429604
51.429600
51.429600
51.429600
51.429600
51.429600
51.429600
51.429600
51.429600
51.429600
51.429600
51.429600
51.429604
51.429611
51.429611
51.429607
51.429607
51.429611
51.429626
51.429646
51.429661
51.429691
51.429707
51.429726
51.429741
51.429752
51.429768
51.429775
51.429787
51.429794
51.429806
51.429817
51.429825
51.429832
51.429844
51.429852
51.429859
51.429867
51.429874
51.429890
51.429905
51.429920
51.429924
51.429962
2647.171875
0.000000
51.430019
51.430031
51.430035
51.430038
51.430042
51.430050
51.430058
51.430069
51.430080
51.430092
51.430111
51.430126
51.430149
51.430172
51.430191
51.430206
51.430241
51.430271
51.430271
51.430313
51.430332
51.430344
51.430355
51.430359
51.430359
51.430344
51.430328
51.430309
51.430305
51.430305
51.430313
51.430328
51.430344
51.430363
51.430386
51.430412
51.430431
51.430431
51.430439
51.430439
51.430431
51.430416
51.430408
51.430397
51.430386
51.430370
51.430363
51.430351
51.430332
51.430328
4.063709
51.430283
51.430267
51.430264
51.430248
51.430241
51.430229
51.430210
51.430199
51.430183
51.430168
51.430176
51.430191
51.430206
51.430225
51.430222
51.430210
51.430199
51.430183
51.430180
51.430187
51.430206
51.430222
51.430225
51.430210
51.430195
51.430180
51.430176
51.430183
51.430206
51.430237
51.430264
51.430279
51.430279
51.430271
51.430252
51.430233
51.430210
51.430218
51.430233
51.430248
51.430264
51.430267
51.430286
0.000005
51.430237
51.430225
51.430218
51.430199
51.430191
51.430176
51.430172
51.430164
51.430161
51.430153
51.430141
51.430122
51.430119
51.430111
51.430103
51.430088
51.430088
51.430058
51.430035
51.430016
51.430000
51.429981
51.429962
51.429943
51.429924
51.429905
51.429878
51.429863
51.429840
51.429821
51.429790
51.429752
51.429729
51.429707
51.429688
51.429672
51.429672
51.429642
51.429630
51.429623
51.429611
51.429607
51.429600
51.429600
51.429600
51.429600
51.429600
51.429600
51.429600
51.429600
51.429600
51.429600
51.429600
51.429615
51.429623
51.429623
51.429623
51.429619
51.429619
51.429615
51.429607
51.429607
51.429607
51.429600
51.429592
51.429585
51.429577
50.063709
51.429569
51.429569
51.429569
51.429565
51.429562
51.429562
0.011652
51.429550
51.429539
51.429531
51.429527
51.429520
4.063709
51.429497
51.429489
51.429478
51.429462
51.429462
51.429462
51.429462
51.429462
0.000000
0.000000
0.000000
0.000038
0.000000
0.000000
0.000000
0.000000
0.000000
0.000000
0.000000
0.000000
0.000000
0.000000
0.000000
0.000000
0.000000
0.000000
0.000000
0.000000
0.000000
0.000000
0.000000
0.000000
0.000000
0.000000
0.000000
0.000000
0.000000
0.000000
0.000000
0.000000
51.429714
51.429741
51.429756
51.429756
51.429771
51.429771
51.429771
51.429771
51.429768
51.429771
51.429775
51.429798
51.429798
51.429810
51.429787
51.429775
51.429775
51.429775
51.429760
51.429756
51.429756
51.429760
51.429749
51.429737
51.429733
51.429729
51.429733
51.429729
51.429726
51.429726
51.429726
0.000000
51.429726
51.429710
51.429722
51.429722
51.429722
51.429722
51.429722
51.429722
51.429722
51.429722
0.000030
51.429722
51.429722
51.429722
51.429722
51.429710
51.429707
51.429688
51.429688
51.429688
51.429688
51.429688
51.429657
51.429657
51.429657
51.429642
51.429642
51.429642
51.429649
51.429661
51.429680
51.429680
51.429676
51.429657
0.000017
51.429630
51.429626
51.429630
51.429626
51.429626
51.429623
51.429607
51.429592
51.429577
51.429562
51.429543
51.429539
51.429539
51.429539
51.429539
51.429535
51.429535
51.429535
51.429535
51.429535
51.429501
51.429489
51.429474
51.429462
51.429451
51.429447
51.429436
51.429424
51.429417
51.429405
51.429386
51.429371
846.096375
51.429344
51.429344
51.429310
51.429291
51.429279
51.429272
51.429268
51.429283
51.429283
51.429276
51.429276
51.429276
51.429276
51.429295
51.429329
51.429352
51.429367
51.429371
51.429375
51.429375
51.429367
51.429344
51.429333
51.429314
51.429291
51.429291
51.429253
51.429234
51.429207
51.429192
51.429169
51.429169
51.429134
51.429115
51.429096
51.429089
51.429089
51.429043
51.429039
51.429031
51.429024
51.429008
51.428997
51.428989
51.428974
51.428967
51.428959
51.428944
51.428936
3186.955566
51.428913
51.428898
51.428886
51.428871
51.428864
51.428864
51.428856
51.428848
51.428841
51.428822
51.428806
51.428799
51.428783
51.428772
51.428761
51.428749
51.428726
51.428734
51.428734
51.428715
51.428688
51.428688
51.428642
51.428631
51.428627
51.428616
51.428608
51.428600
51.428585
51.428577
51.428562
51.428551
51.428543
51.428532
51.428524
51.428513
51.428505
51.428497
51.428486
51.428486
51.428463
51.428455
51.428444
51.428432
51.428425
51.428410
51.428398
51.428383
51.428368
51.428356
51.428345
51.428337
51.428326
51.428307
51.428295
51.428288
51.428276
0.000883
51.428249
51.428234
51.428223
51.428211
51.428200
51.428196
51.428188
51.428177
51.428173
51.428169
51.428162
51.428146
51.428143
51.428135
51.428131
51.428139
51.428120
51.428097
51.428066
51.428043
51.428017
51.427982
51.427956
51.427925
51.427895
51.427872
51.427853
51.427834
51.427814
51.427795
51.427776
51.427761
51.427731
51.427708
51.427704
51.427662
51.427639
51.427624
51.427628
51.427620
51.427608
51.427597
51.427586
51.427559
51.427551
51.427547
51.427540
51.427536
51.427528
51.427525
51.427509
51.427505
51.427479
51.427471
51.427464
51.427456
51.427456
51.427448
51.427433
51.427418
51.427399
51.427383
51.427376
51.427368
51.427361
3170.955566
51.427353
51.427353
51.427357
51.427357
51.427357
51.427357
51.427357
