51.427341
51.427341
51.427341
51.427341
51.427341
51.427341
51.427341
51.427341
51.427341
51.427341
51.427341
51.427341
51.427341
51.427341
51.427341
51.427341
51.427341
51.427341
51.427341
51.427341
51.427341
51.427341
51.427341
51.427341
51.427341
51.427341
51.427341
51.427341
51.427341
51.427341
51.427341
0.000021
51.427341
51.427341
51.427341
51.427341
51.427341
51.427341
51.427341
0.000001
51.427341
51.427341
51.427368
51.427368
51.427368
51.427372
51.427372
51.427372
51.427372
51.427372
51.427376
51.427387
51.427399
51.427425
51.427452
51.427471
51.427490
7.156826
51.427513
51.427540
51.427551
51.427559
51.427567
51.427574
51.427586
51.427601
51.427616
51.427631
51.427631
51.427650
51.427666
51.427673
51.427673
51.427689
51.427731
51.427757
51.427776
51.427799
51.427822
51.427822
51.427864
51.427887
51.427914
51.427937
51.427940
51.427986
51.428017
51.428020
51.428066
51.428066
51.428116
51.428143
51.428169
51.428196
51.428200
51.428215
51.428215
51.428230
51.428246
51.428249
51.428249
51.428265
51.428265
51.428276
51.428288
51.428291
51.428295
51.428310
51.428310
51.428326
51.428329
51.428337
51.428341
51.428352
51.428352
51.428375
51.428391
51.428391
51.428394
51.428398
51.428398
51.428410
51.428425
51.428436
51.428452
847.877747
51.428474
51.428490
51.428493
51.428497
51.428509
51.428513
51.428524
51.428543
51.428551
51.428562
51.428577
51.428585
51.428593
51.428596
51.428608
51.428623
51.428631
51.428642
51.428658
51.428665
51.428673
51.428684
51.428699
51.428707
51.428715
51.428726
51.428738
51.428745
51.428745
51.428764
51.428776
51.428776
51.428802
51.428802
51.428829
51.428841
51.428848
51.428848
51.428871
51.428883
51.428890
51.428890
51.428913
51.428913
51.428921
51.428932
51.428932
51.428959
51.428963
51.428963
51.428967
51.428970
51.428982
51.428989
51.428997
51.429008
51.429016
51.429024
51.429031
51.429039
51.429047
51.429054
51.429066
51.429066
51.429073
51.429077
51.429085
51.429085
51.429096
51.429119
51.429127
51.429131
51.429146
51.429153
51.429176
51.429184
51.429192
51.429199
51.429207
51.429214
51.429234
51.429245
51.429253
51.429256
51.429268
51.429272
51.429283
51.429295
51.429302
51.429314
51.429321
51.429329
51.429337
51.429344
51.429352
51.429356
51.429359
51.429367
51.429371
51.429382
51.429394
51.429386
51.429386
51.429394
0.030862
51.429424
51.429432
51.429436
51.429432
51.429428
51.429436
51.429455
51.429482
51.429501
51.429516
51.429535
51.429550
51.429569
51.429577
0.000030
51.429588
51.429600
51.429630
51.429646
51.429653
51.429649
51.429630
51.429630
0.000017
51.429562
51.429558
51.429569
51.429588
51.429607
51.429642
51.429668
51.429684
51.429684
51.429672
51.429649
51.429630
51.429619
51.429619
51.429626
51.429634
51.429646
51.429642
51.429619
51.429607
51.429604
51.429634
51.429642
51.429634
51.429623
51.429623
51.429600
51.429611
916.097351
51.429604
51.429581
51.429565
847.992004
51.429562
51.429577
51.429600
846.096375
51.429607
51.429588
51.429573
51.429562
51.429550
51.429550
51.429562
51.429573
51.429585
51.429592
51.429607
51.429623
51.429630
51.429642
51.429649
51.429657
51.429661
51.429657
51.429657
51.429657
51.429661
51.429668
51.429680
51.429691
51.429703
51.429714
51.429729
51.429729
51.429729
51.429726
51.429703
51.429703
51.429691
51.429684
51.429672
51.429657
51.429646
51.429634
51.429626
51.429623
51.429623
51.429623
51.429623
51.429623
51.429623
51.429623
51.429623
51.429623
51.429623
51.429634
51.429642
51.429642
51.429642
51.429642
51.429634
51.429630
51.429642
51.429653
51.429672
51.429703
51.429726
51.429741
51.429760
51.429760
51.429787
51.429794
0.000036
7.147433
51.429821
51.429848
51.429852
51.429863
51.429871
51.429878
51.429893
51.429905
51.429916
51.429935
51.429951
51.429962
51.429974
51.429977
51.430004
51.430023
51.430038
51.430050
51.430054
51.430058
51.430061
51.430065
51.430073
51.430088
51.430103
51.430119
51.430122
51.430157
51.430168
51.430183
51.430206
51.430233
51.430256
51.430279
51.430305
51.430328
51.430351
51.430367
51.430382
51.430382
51.430370
51.430363
51.430351
51.430332
51.430325
51.430336
51.430336
51.430355
51.430367
51.430386
51.430412
51.430435
51.430450
51.430462
51.430462
51.430450
51.430439
51.430428
51.430416
51.430408
51.430401
51.430393
51.430382
0.000295
51.430355
51.430347
51.430321
51.430290
51.430286
51.430271
51.430260
51.430248
51.430248
51.430225
51.430202
51.430202
51.430187
51.430187
51.430199
51.430218
0.514303
51.430222
51.430210
51.430210
51.430180
51.430183
51.430191
0.000030
51.430218
51.430225
51.430218
51.430199
51.430183
51.430183
51.430195
51.430218
51.430241
51.430264
51.430279
51.430283
51.430271
51.430271
51.430248
51.430218
51.430218
51.430233
51.430252
51.430267
51.430275
51.430271
51.430256
1905.209229
51.430241
51.430233
51.430210
51.430199
51.430191
51.430183
51.430176
51.430164
51.430153
51.430145
7.146745
51.430126
51.430119
51.430111
51.430096
51.430080
51.430065
51.430050
51.430031
51.430016
51.430000
51.429985
51.429958
51.429935
51.429913
51.429890
51.429867
51.429848
51.429825
51.429790
51.429787
51.429714
51.429695
51.429680
0.000000
51.429653
51.429642
51.429630
51.429630
51.429623
51.429615
51.429607
51.429607
51.429607
51.429607
51.429607
51.429607
51.429607
51.429607
51.429607
51.429607
51.429607
51.429626
51.429630
51.429634
51.429634
51.429626
51.429623
51.429623
51.429619
51.429615
51.429611
51.429607
51.429600
51.429596
51.429592
51.429585
51.429581
51.429581
51.429573
51.429569
51.429562
51.429562
51.429558
51.429546
51.429543
51.429531
0.005161
51.429520
51.429508
51.429508
51.429489
51.429474
51.429474
51.429474
51.429474
51.429474
51.429474
51.429474
51.429474
51.429474
51.429474
51.429474
51.429474
51.429474
51.429482
51.429485
51.429485
51.429482
51.429478
51.429474
51.429466
51.429466
51.429474
51.429478
51.429489
51.429508
51.429527
51.429543
51.429562
51.429581
51.429596
51.429611
51.429626
51.429646
51.429657
51.429668
51.429676
51.429684
51.429691
51.429699
51.429703
51.429710
51.429726
51.429729
51.429733
0.000017
51.429737
51.429737
51.429737
51.429737
0.000086
51.429737
51.429737
51.429737
51.429737
51.429737
51.429737
51.429729
51.429729
51.429726
51.429726
51.429726
51.429726
51.429726
51.429726
51.429726
51.429726
51.429722
51.429714
51.429710
51.429710
51.429710
51.429710
51.429722
51.429729
51.429737
51.429745
51.429745
51.429749
51.429749
51.429749
51.429749
51.429745
51.429741
51.429733
51.429722
51.429710
51.429703
51.429699
51.429684
51.429672
51.429672
51.429672
51.429653
51.429649
51.429649
51.429642
51.429649
51.429653
51.429657
51.429668
51.429668
0.000029
51.429680
51.429661
51.429642
51.429626
0.000000
51.429623
51.429626
51.429626
51.429626
51.429611
51.429596
51.429577
51.429562
51.429543
51.429543
51.429543
51.429543
51.429543
51.429543
51.429543
51.429543
51.429527
51.429512
51.429489
51.429478
51.429474
51.429462
51.429462
51.429455
51.429447
51.429440
51.429428
51.429424
51.429405
51.429382
51.429375
51.429359
51.429348
51.429344
51.429295
51.429276
51.429272
51.429256
0.009552
51.429264
51.429256
51.429256
51.429245
51.429245
51.429268
51.429268
51.429302
51.429325
51.429337
51.429340
51.429352
51.429363
51.429359
51.429352
51.429337
51.429317
51.429295
51.429268
51.429264
51.429218
51.429218
51.429184
51.429165
51.429165
51.429134
51.429115
51.429100
51.429077
51.429054
51.429039
51.429031
51.429024
51.429024
51.429012
51.429005
51.428997
51.428993
51.428974
51.428955
51.428944
51.428928
51.428925
51.428913
51.428913
51.428890
51.428875
51.428864
0.000030
51.428837
51.428810
73.056702
51.428795
51.428776
51.428776
51.428761
51.428761
51.428745
51.428745
51.428741
51.428738
51.428715
51.428711
51.428665
51.428642
51.428635
51.428627
51.428623
51.428616
51.428600
51.428585
51.428577
51.428574
51.428562
51.428551
51.428551
51.428535
51.428535
51.428516
51.428505
51.428493
51.428478
51.428471
51.428459
51.428455
51.428436
51.428425
51.428410
0.000087
51.428391
51.428379
51.428368
51.428360
51.428349
51.428337
51.428326
51.428314
51.428303
51.428291
51.428284
51.428276
51.428268
5.142823
51.428246
51.428226
51.428215
51.428204
51.428196
51.428188
51.428177
51.428169
51.428162
51.428150
51.428143
51.428131
51.428120
51.428104
51.428085
51.428062
51.428040
51.428040
51.427998
73.402199
51.427975
51.427940
51.427925
51.427898
51.427879
51.427860
51.427837
51.427811
51.427792
51.427788
51.427761
51.427700
51.427677
51.427650
51.427639
51.427628
51.427612
51.427601
51.427601
51.427586
51.427574
51.427570
51.427559
51.427551
51.427540
51.427536
51.427528
51.427517
51.427505
51.427505
51.427483
51.427479
51.427467
51.427460
51.427452
51.427444
51.427441
51.427429
51.427406
51.427399
51.427387
51.427383
51.427380
51.427376
51.427372
51.427368
51.427368
51.427368
51.427368
51.427368
