7.156902
7.156902
7.156902
7.156902
7.156902
7.156902
7.156902
7.156902
7.156902
7.156902
7.156902
7.156902
7.156902
7.156902
7.156902
7.156902
7.156902
7.156902
7.156902
7.156902
7.156902
7.156902
7.156902
7.156902
7.156902
51.427341
7.156902
7.156902
7.156902
7.156902
7.156902
0.000011
7.156902
7.156902
7.156902
7.156902
7.156902
7.156902
7.156902
0.000079
7.156902
7.156902
7.156825
7.156811
7.156791
7.156780
7.156780
7.156780
7.156780
7.156812
7.156826
7.156836
7.156843
7.156838
7.156841
7.156841
7.156837
0.000001
7.156825
7.156807
7.156788
7.156761
7.156741
7.156719
7.156696
7.156674
7.156643
7.156606
7.156602
7.156542
7.156522
7.156504
0.007150
7.156490
7.156466
7.156468
7.156479
7.156491
7.156500
7.156501
7.156533
7.156537
7.156550
7.156563
7.156565
7.156594
7.156600
7.156601
7.156592
7.156592
7.156562
7.156539
7.156510
7.156485
7.156483
7.156407
7.156404
7.156319
7.156282
7.156244
7.156241
7.156160
7.156158
0.718286
7.156077
7.156039
7.155970
7.155930
7.155927
7.155859
7.155815
7.155769
7.155728
7.155684
7.155681
7.155566
7.155509
7.155504
7.155410
7.155359
7.155355
7.155271
7.155230
7.155188
7.155115
0.000404
7.154989
7.154941
7.154899
7.154896
7.154811
71.548523
7.154762
7.154677
7.154630
7.154584
7.154543
7.154495
7.154452
7.154409
7.154371
7.154335
7.154292
7.154251
7.154211
7.154176
7.154138
7.154103
7.154064
7.154027
7.153979
7.153927
7.153876
7.153833
7.153830
7.153743
7.153701
7.153698
7.153624
7.153625
7.153544
7.153501
7.153459
7.153456
7.153381
7.153343
7.153305
7.153303
7.153223
7.153220
7.153129
7.153089
7.153087
7.153016
7.152971
7.152922
7.152875
7.152831
7.152789
7.152746
7.152705
7.152662
7.152617
7.152579
7.152534
7.152487
7.152436
7.152393
7.152352
7.152305
7.152259
7.152216
7.152172
7.152169
7.152131
7.152058
7.152014
7.151975
7.151931
7.151880
7.151790
7.151720
7.151677
7.151635
7.151589
7.151546
7.151506
7.151465
7.151424
7.151378
7.151337
7.151294
7.151253
7.151211
7.151168
7.151124
7.151076
7.151032
7.150985
7.150935
7.150893
7.150854
7.150816
7.150778
7.150734
7.150687
7.150645
7.150611
7.150593
7.150567
0.000000
7.150500
7.150434
7.150381
7.150344
7.150313
7.150269
7.150197
7.150129
7.150069
7.150019
7.149973
7.149930
7.149888
7.149847
0.000021
0.007347
7.149756
7.149657
7.149597
7.149539
7.149500
7.149482
7.149482
0.000012
7.149414
7.149358
7.149315
7.149302
7.149312
7.149314
7.149288
7.149255
7.149213
7.149184
7.149177
7.149195
7.149227
7.149267
7.149301
7.149343
7.149387
7.149422
7.149431
7.149419
7.149363
7.149351
7.149369
7.149398
7.149412
7.149412
7.149362
7.149325
0.000003
7.149244
7.149229
7.149247
0.000001
7.149313
7.149328
7.149315
0.000017
7.149246
7.149212
7.149174
7.149133
7.149080
7.149026
7.148966
7.148897
7.148845
7.148803
7.148745
7.148681
7.148626
7.148583
7.148532
7.148476
7.148413
7.148356
7.148351
7.148225
7.148172
7.148140
7.148108
7.148075
7.148038
7.147988
7.147935
7.147885
7.147882
7.147809
7.147789
7.147787
7.147775
7.147773
7.147785
7.147795
7.147804
7.147809
7.147817
7.147817
7.147817
7.147817
7.147817
7.147817
7.147817
7.147817
7.147817
7.147817
7.147817
7.147810
7.147803
7.147802
7.147787
7.147787
7.147804
7.147815
7.147829
7.147835
7.147817
7.147760
7.147717
7.147682
7.147648
7.147645
7.147569
7.147523
0.000029
0.000001
7.147428
7.147357
7.147329
7.147292
7.147252
7.147211
7.147172
7.147133
7.147096
7.147062
7.147027
7.146991
7.146963
7.146961
7.146946
7.146934
7.146917
7.146892
7.146860
7.146829
7.146788
7.146746
7.146713
7.146676
7.146638
7.146599
7.146596
7.146524
7.146501
7.146488
7.146490
7.146491
7.146491
7.146492
7.146477
7.146455
7.146427
7.146391
7.146356
7.146325
7.146293
7.146257
7.146229
7.146194
7.146166
7.146133
7.146131
7.146109
7.146125
7.146141
7.146151
7.146138
7.146114
7.146084
7.146082
7.146052
7.146036
7.146033
7.146040
7.146063
7.146086
7.146109
7.146133
0.020523
7.146199
7.146231
7.146285
7.146338
7.146341
7.146408
7.146438
7.146478
7.146481
7.146547
7.146555
7.146554
7.146541
7.146492
7.146484
7.146488
0.000001
7.146525
7.146549
7.146549
7.146517
7.146485
7.146467
0.000021
7.146467
7.146484
7.146544
7.146545
7.146524
7.146496
7.146474
7.146470
7.146474
7.146458
7.146431
7.146429
7.146377
7.146375
7.146374
7.146412
7.146441
7.146462
7.146463
7.146443
7.146417
7.146385
7.146379
51.430241
0.002547
2852.179199
7.146431
7.146464
7.146496
7.146538
7.146582
7.146619
7.146659
7.146702
0.000408
7.146794
7.146843
7.146888
7.146930
7.146978
7.147022
7.147066
7.147111
7.147155
7.147199
7.147232
7.147262
7.147288
7.147315
7.147343
7.147374
7.147406
7.147443
7.147484
7.147487
7.147595
7.147623
7.147644
0.000000
7.147694
7.147716
7.147742
7.147744
7.147786
7.147800
7.147803
7.147803
7.147803
7.147803
7.147803
7.147803
7.147803
7.147829
7.147829
7.147829
7.147829
7.147817
7.147803
7.147798
7.147798
7.147814
7.147835
7.147866
7.147903
7.147942
7.147979
7.148015
7.148058
7.148100
7.148145
7.148185
7.148232
7.148236
7.148330
7.148377
7.148419
7.148422
7.148482
7.148505
7.148507
7.148547
0.013421
7.148583
7.148590
7.148590
7.148607
7.148615
7.148621
7.148621
7.148621
7.148621
7.148621
7.148621
7.148621
7.148621
7.148621
7.148621
7.148621
7.148621
7.148633
7.148627
7.148626
7.148635
7.148660
7.148690
7.148734
7.148784
7.148833
7.148874
7.148957
7.149036
7.149076
7.149112
7.149144
7.149175
7.149204
7.149228
7.149254
7.149274
7.149292
7.149311
7.149331
7.149352
7.149370
7.149396
7.149397
7.149427
7.149478
7.149496
7.149518
0.000030
7.149537
7.149537
7.149537
7.149537
72.431503
7.149537
7.149537
7.149537
7.149537
7.149537
7.149537
7.149529
7.149528
7.149512
7.149482
7.149480
7.149460
7.149444
7.149436
7.149435
7.149435
7.149489
7.149501
7.149504
7.149504
0.000000
7.149523
7.149534
7.149548
7.149557
7.149566
7.149566
7.149576
7.149578
7.149578
7.149578
7.149593
0.714400
7.149591
7.149567
7.149560
7.149546
7.149545
7.149528
7.149519
7.149519
7.149519
7.149571
7.149585
7.149586
7.149625
7.149641
7.149657
7.149680
7.149710
7.149711
0.000029
7.149710
7.149719
7.149730
7.149751
51.429619
7.149786
7.149801
7.149805
7.149805
7.149812
7.149809
7.149808
7.149805
7.149804
7.149811
7.149816
7.149817
7.149817
7.149781
7.149757
7.149750
7.149713
7.149717
7.149720
7.149737
7.149739
7.149773
7.149816
7.149862
7.149906
7.149951
7.150052
7.150094
7.150119
7.150141
7.150172
7.150199
7.150232
715.050232
7.150279
7.150318
1854.970337
0.007173
0.000000
7.150371
7.150387
7.150398
7.150404
7.150403
7.150440
7.150443
7.150493
7.150516
7.150533
7.150551
7.150585
7.150620
7.150622
7.150685
7.150728
7.150765
7.150807
7.150840
7.150842
7.150910
0.716300
7.150994
7.151043
7.151046
7.151140
7.151184
7.151231
7.151337
7.151417
7.151462
7.151513
7.151562
4294.031250
7.151659
7.151713
7.151772
7.151830
7.151882
7.151930
7.151978
7.152025
7.152028
7.152135
7.152140
7.152245
7.152283
7.152331
0.000021
7.152437
7.152485
0.000030
0.000588
7.152645
2807.676025
7.152763
7.152767
7.152880
7.152885
7.152986
7.153041
7.153087
7.153090
7.153164
7.153219
7.153275
7.153326
7.153384
7.153438
7.153490
7.153543
7.153604
7.153665
7.153725
7.153782
7.153786
7.153898
7.153903
7.154015
7.154067
7.154122
7.154178
7.154236
7.154294
7.154299
7.154412
7.154469
7.154527
0.000029
7.154640
7.154697
7.154757
7.154814
7.154869
7.154924
7.154972
7.155027
7.155083
7.155140
7.155197
7.155254
7.155316
0.000025
7.155450
7.155560
7.155610
7.155656
7.155709
7.155760
7.155811
7.155864
7.155915
7.155963
7.156008
7.156056
7.156109
7.156151
7.156193
7.156230
7.156262
7.156265
7.156306
0.000030
7.156340
7.156359
7.156379
7.156396
7.156417
7.156432
7.156453
7.156474
7.156496
7.156498
2844.586914
7.156553
7.156577
7.156602
7.156621
7.156641
7.156664
7.156682
7.156683
7.156716
7.156741
7.156767
7.156784
7.156801
7.156813
7.156814
7.156838
7.156844
7.156849
0.716849
7.156843
7.156839
7.156823
7.156817
7.156808
7.156799
7.156816
7.156823
7.156818
7.156821
7.156832
7.156848
7.156860
7.156875
7.156885
7.156887
7.156887
7.156887
7.156887
7.156887
