51.427338
51.427338
51.427338
0.000036
3170.955566
51.427338
51.427338
51.427338
0.000030
51.427338
51.427338
51.427338
51.427338
51.427338
51.427338
51.427338
51.427338
51.427338
51.427338
51.427338
51.427338
51.427338
51.427338
51.427338
51.427338
51.427338
51.427338
51.427338
0.000028
51.427338
51.427338
51.427338
51.427338
0.000030
51.427338
51.427338
51.427338
51.427338
51.427338
51.427338
51.427338
51.427338
51.427368
51.427368
51.427361
51.427361
51.427361
51.427361
51.427364
51.427376
51.427387
51.427399
51.427418
51.427437
0.001681
51.427471
51.427483
51.427498
51.427513
51.427513
51.427540
51.427547
51.427559
51.427570
51.427589
51.427601
51.427612
51.427624
51.427631
51.427639
51.427650
51.427666
51.427685
51.427708
51.427738
51.427761
51.427788
0.000000
51.427841
51.427856
51.427876
51.427895
51.427921
51.427940
51.427963
51.427994
51.428017
51.428047
51.428074
51.428097
51.428116
51.428139
51.428162
51.428185
51.428207
51.428219
51.428234
51.428249
51.428261
4.063709
51.428272
51.428280
51.428291
51.428299
51.428303
51.428307
51.428310
0.000017
51.428333
51.428341
51.428345
51.428356
51.428360
51.428368
51.428375
51.428379
51.428383
51.428383
51.428391
51.428394
51.428398
51.428398
51.428410
51.428417
51.428429
51.428452
51.428463
51.428471
51.428478
51.428497
51.428509
51.428520
51.428528
51.428535
51.428547
51.428558
51.428570
51.428570
51.428585
51.428593
51.428600
51.428616
51.428623
51.428635
51.428642
51.428654
51.428665
51.428669
51.428677
0.000003
51.428696
51.428703
51.428711
51.428719
51.428738
51.428761
51.428772
51.428780
51.428787
51.428795
51.428806
51.428818
51.428825
51.428833
51.428841
51.428844
0.000017
51.428856
51.428867
51.428875
0.000394
51.428890
51.428905
51.428917
51.428921
51.428928
51.428940
51.428951
51.428951
51.428970
51.428986
51.428989
51.428997
0.000289
51.429016
51.429024
51.429031
51.429047
51.429050
51.429054
51.429070
51.429077
51.429085
51.429096
51.429108
51.429119
51.429123
51.429131
51.429146
0.000000
0.000036
51.429184
51.429192
51.429199
0.020523
51.429214
51.429222
51.429234
51.429245
51.429245
51.429264
51.429272
51.429279
51.429287
51.429298
51.429314
51.429321
51.429325
51.429329
51.429337
51.429348
51.429356
51.429363
51.429367
0.000000
51.429382
51.429382
51.429398
51.429401
51.429443
51.429436
51.429432
51.429428
51.429436
51.429447
51.429424
51.429474
51.429489
51.429489
51.429516
51.429531
51.429531
51.662548
51.429569
51.429592
51.429604
51.429615
51.429626
51.429642
51.429657
0.514583
0.000000
51.429626
51.429596
51.429565
0.020523
51.429539
51.429546
51.429569
51.429592
0.000416
51.429642
51.429661
51.429661
51.429646
51.429623
51.429604
51.429600
51.429600
51.429615
51.429623
51.429623
51.429615
51.429596
51.429588
51.429592
51.429619
51.429626
51.429619
51.429604
51.429592
51.429596
51.429607
51.429607
51.429592
51.429562
51.429535
51.429523
51.429531
51.429558
51.429577
51.429592
51.429592
0.000030
51.429577
51.429550
51.429550
51.429550
0.000036
51.429565
51.429581
51.429600
51.429615
51.429626
51.429642
51.429646
51.429646
51.429646
51.429646
51.429646
51.429646
51.429642
51.429649
51.429665
51.429676
51.429688
51.429703
51.429722
51.429729
51.429729
51.429722
51.429703
51.429688
51.429672
51.429657
51.429646
51.429630
51.429619
51.429611
51.429604
51.429600
51.429600
51.429600
51.429600
51.429600
51.429600
51.429600
51.429600
51.429600
51.429600
51.429600
51.429600
51.429611
51.429615
51.429615
51.429615
51.429615
51.429619
51.429630
51.429649
51.429665
51.429688
51.429703
51.429722
51.429729
51.429745
51.429760
51.429771
51.429779
51.429787
51.429798
51.429813
51.429825
51.429832
51.429844
51.429852
51.429863
51.429874
51.429890
51.429893
51.429905
51.429916
51.429916
51.429958
51.429958
51.429985
51.430016
51.430023
51.430031
51.430031
51.430038
51.430050
51.430058
51.430058
51.430080
51.430092
51.430107
51.430122
51.430138
51.430157
51.430176
51.430202
51.430233
51.430264
51.430264
51.430305
51.430321
51.430336
51.430351
51.430351
51.430347
51.430344
51.430336
51.430325
51.430321
51.430321
51.430325
51.430332
51.430347
51.430367
51.430393
51.430412
51.430431
51.430443
51.430443
51.430431
51.430416
51.430401
51.430389
51.430370
51.430359
51.430351
0.000017
51.430328
51.430313
51.430302
0.051430
51.430275
51.430264
51.430256
51.430244
51.430233
51.430222
51.430202
51.430183
51.430176
51.430172
51.430176
51.430183
51.430199
51.430206
51.430202
51.430191
51.430180
51.430172
51.430172
51.430176
51.430191
51.430202
51.430199
51.430187
51.430183
51.430164
51.430168
51.430180
51.430199
51.430229
51.430256
51.430267
51.430271
51.430260
51.430244
51.430225
51.430210
51.430218
51.430233
51.430233
51.430271
51.430279
0.051430
51.430264
51.430233
51.430218
51.430202
51.430195
51.430191
51.430191
51.430187
51.430180
51.430168
51.430157
51.430141
51.430126
51.430111
51.430103
51.430088
51.430080
51.430069
51.430058
51.430038
51.430019
51.430004
51.429989
51.429970
51.429947
51.429928
51.429905
51.429890
51.429863
51.429840
51.429817
51.429783
51.429737
51.429710
51.429695
51.429676
51.429665
51.429649
111.064186
51.429626
51.429615
51.429607
51.429600
51.429600
51.429600
51.429600
51.429600
51.429600
51.429600
51.429600
5.142960
51.429600
51.429600
51.429600
51.429600
51.429615
51.429615
51.429615
51.429615
51.429615
51.429615
0.000000
51.429604
51.429592
51.429588
51.429585
51.429581
51.429581
51.429573
51.429569
51.429565
51.429565
51.429562
51.429562
51.429550
51.429546
51.429539
51.429527
51.429512
51.429497
51.429482
51.429462
51.429447
51.429440
51.429436
51.429432
0.000017
51.429432
51.429432
51.429432
51.429432
51.429432
51.429432
51.429432
51.429432
51.429432
51.429455
51.429459
51.429462
51.429462
51.429462
51.429459
51.429459
51.429455
51.429451
51.429451
51.429462
51.429482
51.429501
51.429520
51.429539
51.429569
51.429592
51.429611
51.429634
51.429649
51.429665
51.429672
51.429680
51.429688
51.429699
51.429707
51.429710
51.429714
51.429722
51.429722
51.429729
51.429729
51.429729
51.429729
51.429729
51.429729
51.429729
51.429729
51.429729
51.429729
51.429729
51.429729
51.429729
51.429729
0.000017
51.429722
51.429722
51.429714
51.429714
51.429714
51.429714
51.429714
51.429714
51.429710
51.429703
51.429695
51.429691
0.000168
51.429691
51.429703
51.429707
51.429710
51.429722
51.429722
51.429722
51.429722
51.429722
51.429722
0.000000
4.063709
51.429710
51.429703
0.000032
51.429680
0.000017
51.429668
51.429668
51.429668
51.429665
51.429661
51.429661
51.429657
51.429657
51.429653
51.429649
51.429649
51.429657
51.429668
51.429668
51.429665
51.429649
51.429634
51.429630
51.429615
51.429615
51.429619
51.429619
51.429619
51.429607
51.429600
51.429585
51.429573
51.429550
51.429539
51.429531
51.429527
51.429527
51.429527
51.429543
51.429543
51.429527
51.429512
51.429493
51.429482
51.429474
51.429466
51.429455
51.429447
51.429436
51.429424
51.429417
51.429409
51.429398
0.000000
514.293091
51.429359
51.429344
51.429329
51.429310
51.429287
142.138779
51.429253
51.429245
51.429245
51.429241
51.429237
51.429241
0.051767
51.429245
51.429264
51.429276
51.429287
0.000000
0.000095
51.429314
51.429321
51.429337
51.429333
0.000030
51.429325
51.429279
51.429249
51.429230
51.429207
51.429192
51.429176
51.429161
51.429161
51.429127
51.429115
51.429104
51.429092
51.429073
51.429054
51.429043
51.429035
51.429024
51.429008
51.429001
51.428989
51.428974
51.428963
51.428951
51.428936
51.428925
51.428925
51.428902
51.428886
51.428879
51.428871
51.428864
1998.872070
51.428837
51.428825
51.428810
51.428799
51.428783
51.428776
51.428768
51.428761
51.428745
51.428738
51.428726
51.428722
51.428719
51.428703
51.428680
51.428658
51.428638
51.428635
3139.956055
0.000529
51.428616
51.428604
51.428589
51.428574
51.428562
51.428551
51.428543
51.428532
51.428524
51.428516
51.428505
51.428497
51.428486
51.428471
51.428452
51.428440
51.428425
51.428413
51.428398
51.428383
51.428371
51.428364
51.428360
51.428352
0.010817
51.428329
51.428329
51.428307
51.428299
51.428295
51.428288
51.428276
51.428265
0.000000
51.428249
0.000502
51.428219
0.000036
0.000903
334.921783
51.428200
51.428185
51.428177
51.428162
51.428150
0.000000
51.428143
51.428143
51.428101
0.514280
51.428036
0.000017
51.427967
0.000017
51.427929
51.427895
51.427872
51.427856
0.000021
51.427814
51.427792
51.427761
51.427734
51.427715
51.427696
51.427681
51.427662
51.427647
51.427631
51.427620
51.427616
51.427616
73.448708
51.427570
51.427567
51.427559
51.427547
0.000000
0.012443
51.427521
51.427513
51.427509
4279.425293
51.427505
51.427486
51.427475
51.427467
51.427460
51.427452
51.427441
51.427429
51.427418
51.427406
0.000000
51.427391
3338.589600
51.427383
51.427380
51.427376
51.427376
51.427376
51.427376
51.427376
51.427376
51.427376
