26419786.000000
29099240.000000
31783176.000000
23679490.000000
26298600.000000
28886084.000000
31487288.000000
34086428.000000
36678616.000000
39284404.000000
41895828.000000
44486464.000000
47080376.000000
49677672.000000
52282544.000000
54882236.000000
57487544.000000
60077660.000000
62694808.000000
65223236.000000
67815880.000000
70310496.000000
72799272.000000
75321184.000000
77860480.000000
80369912.000000
82847352.000000
85327984.000000
87842232.000000
90359176.000000
92887296.000000
95417792.000000
98006944.000000
100527744.000000
103135712.000000
105765584.000000
108378176.000000
110978000.000000
113576760.000000
116183064.000000
118783288.000000
121387744.000000
123976400.000000
127694536.000000
133088048.000000
135712800.000000
138273696.000000
140872896.000000
143467456.000000
146067008.000000
148644048.000000
151208816.000000
153725456.000000
156302816.000000
158824272.000000
161408528.000000
163906992.000000
166409968.000000
168920912.000000
171529712.000000
174154464.000000
176712592.000000
179204896.000000
181697616.000000
184197408.000000
186679648.000000
189186160.000000
191673584.000000
194193008.000000
196671632.000000
199199200.000000
201721776.000000
204318848.000000
206920928.000000
209530240.000000
212153104.000000
214762880.000000
217381168.000000
219970288.000000
222574176.000000
225176816.000000
227771040.000000
230311152.000000
232808720.000000
235306848.000000
237830832.000000
240429024.000000
243035360.000000
245642928.000000
248230000.000000
250908368.000000
253445280.000000
256038640.000000
258662032.000000
261233424.000000
263847968.000000
266441488.000000
269036448.000000
271644832.000000
274225600.000000
276819808.000000
279413312.000000
281941024.000000
284518912.000000
287091168.000000
289580256.000000
292073984.000000
294579328.000000
297096512.000000
299615008.000000
302150176.000000
304717920.000000
307316416.000000
309825056.000000
312392096.000000
314910944.000000
317409312.000000
319923648.000000
322532736.000000
325143200.000000
327738048.000000
330355488.000000
332975936.000000
335566848.000000
338145472.000000
340744544.000000
343345184.000000
347427968.000000
352528512.000000
355141152.000000
357750624.000000
360341728.000000
362951712.000000
365634112.000000
368259936.000000
370883968.000000
373417760.000000
375937152.000000
378527200.000000
381116704.000000
383648832.000000
386245120.000000
388846720.000000
391421024.000000
393990848.000000
396455968.000000
398950816.000000
401448128.000000
403960064.000000
406498208.000000
409001472.000000
411495264.000000
414025152.000000
416618688.000000
419170432.000000
421769056.000000
424370976.000000
426973440.000000
429547488.000000
432150240.000000
434745792.000000
437360800.000000
439953088.000000
442561664.000000
445158784.000000
447756032.000000
450357344.000000
452967520.000000
455568288.000000
458181600.000000
460756960.000000
463362688.000000
465969024.000000
468547008.000000
471138688.000000
473732128.000000
476303328.000000
478806912.000000
481273856.000000
483781792.000000
486302880.000000
488814496.000000
491303520.000000
493789440.000000
496291072.000000
498812864.000000
501320608.000000
503899552.000000
506499808.000000
509031392.000000
511626176.000000
514219712.000000
516724768.000000
519315392.000000
521861216.000000
524436544.000000
527035936.000000
529648256.000000
532251328.000000
534849632.000000
537457984.000000
540065920.000000
542884864.000000
548269568.000000
551811456.000000
554376000.000000
556976384.000000
559575424.000000
562137024.000000
564721728.000000
567289344.000000
569818176.000000
572316608.000000
574810304.000000
577315776.000000
579823872.000000
582422272.000000
585022336.000000
587623680.000000
590244800.000000
592840960.000000
595443072.000000
598022848.000000
600590848.000000
603108160.000000
605609472.000000
608092864.000000
610604224.000000
613121472.000000
615606400.000000
618114816.000000
620698688.000000
623232512.000000
625831616.000000
628436736.000000
631057920.000000
633682560.000000
636259328.000000
638880384.000000
641448000.000000
644022144.000000
646523136.000000
649091712.000000
651618944.000000
654149056.000000
656719616.000000
659232256.000000
661832512.000000
664434688.000000
667036800.000000
669642624.000000
672239872.000000
674851392.000000
677464576.000000
680042240.000000
682639040.000000
685233600.000000
687848768.000000
690457600.000000
693057600.000000
695630336.000000
698205888.000000
700670464.000000
703177664.000000
705682560.000000
708193984.000000
710704064.000000
713208448.000000
715703040.000000
718247616.000000
720814400.000000
723308096.000000
725811904.000000
728310336.000000
730809600.000000
733328384.000000
735916288.000000
738433792.000000
742804160.000000
747504384.000000
750057344.000000
752663680.000000
755267008.000000
757861632.000000
760460352.000000
763039424.000000
765655296.000000
768227712.000000
770826048.000000
773433472.000000
776039808.000000
778644352.000000
781250048.000000
783834432.000000
786427584.000000
789015360.000000
791522944.000000
794016448.000000
796508672.000000
798994560.000000
801488192.000000
803990144.000000
806472064.000000
808980736.000000
811458368.000000
813971648.000000
816477184.000000
818984256.000000
821497728.000000
824013888.000000
826528256.000000
829159488.000000
831737152.000000
834351424.000000
836960576.000000
839558400.000000
842163264.000000
844760960.000000
847362880.000000
849958848.000000
852574016.000000
855158912.000000
857738688.000000
860337984.000000
862940352.000000
865539328.000000
868141696.000000
870744320.000000
873421056.000000
875912064.000000
878406272.000000
880914304.000000
883416000.000000
885912960.000000
888380096.000000
890880576.000000
893367936.000000
895886592.000000
898376832.000000
900863616.000000
903360320.000000
905877248.000000
908400384.000000
910907008.000000
913417152.000000
915938048.000000
918518656.000000
921026688.000000
923632128.000000
926241536.000000
928849472.000000
931452928.000000
934053184.000000
937140160.000000
942464832.000000
945752000.000000
948358400.000000
950956160.000000
953558528.000000
956146560.000000
958735488.000000
961336000.000000
963938816.000000
966503488.000000
969008256.000000
971489280.000000
973967680.000000
976476160.000000
978979904.000000
981487232.000000
984004608.000000
986491648.000000
989085632.000000
991630784.000000
994225472.000000
996736704.000000
999325696.000000
1001821312.000000
1004338432.000000
1006883520.000000
1009407040.000000
1011908736.000000
1014414656.000000
1016923136.000000
1019431808.000000
1022023232.000000
1024540544.000000
1027151936.000000
1029739072.000000
1032350080.000000
1034953152.000000
1037552192.000000
1040160640.000000
1042758784.000000
1045364096.000000
1047983488.000000
1050527424.000000
1052974016.000000
1055468160.000000
1057958848.000000
1060458304.000000
1062987456.000000
1065484992.000000
1067991872.000000
1070505984.000000
1073021248.000000
1075547136.000000
1078141696.000000
1080740608.000000
1083335936.000000
1085935232.000000
1088542464.000000
1091169920.000000
1093745280.000000
1096334464.000000
1098928384.000000
1101508608.000000
1104011392.000000
1106510720.000000
1109012480.000000
1111539200.000000
1114090240.000000
1116620672.000000
1119132800.000000
1121721088.000000
1124238080.000000
1126832256.000000
1129506432.000000
1132024832.000000
1136470144.000000
1140991232.000000
1143475456.000000
1145990016.000000
1148494336.000000
1150968704.000000
1153489024.000000
1156002048.000000
1158539392.000000
1161107968.000000
1163630720.000000
1166231680.000000
1168832384.000000
1171436672.000000
1174044672.000000
1176647424.000000
1179243008.000000
1181849472.000000
1184434816.000000
1187035008.000000
1189641472.000000
1192244224.000000
1194851712.000000
1197435648.000000
1200024576.000000
1202550528.000000
1205107712.000000
1207610752.000000
1210123264.000000
1212614912.000000
1215103744.000000
1217576192.000000
1220077568.000000
1222604672.000000
1225075968.000000
1227601408.000000
1230082688.000000
1232580352.000000
1235099264.000000
1237623424.000000
1240214400.000000
1242739328.000000
1245327872.000000
1247825280.000000
1250339456.000000
1252938752.000000
1255543936.000000
1258144384.000000
1260746752.000000
1263350016.000000
1265967488.000000
1268545024.000000
1271155072.000000
1273750016.000000
1276355072.000000
1278940544.000000
1281536256.000000
1284134912.000000
1286762368.000000
1289333504.000000
1291931008.000000
1294512896.000000
1297003648.000000
1299480704.000000
1301982336.000000
1304469760.000000
1306980096.000000
1309493376.000000
1311971840.000000
1314486272.000000
1316984448.000000
1319499008.000000
1322008448.000000
1324507776.000000
1327017984.000000
1330303360.000000
1335704320.000000
1338612480.000000
1341148672.000000
1343737472.000000
1346331648.000000
1348925184.000000
1351512960.000000
1354044160.000000
1356655104.000000
1359245824.000000
1361849344.000000
1364452992.000000
1367055232.000000
1369667328.000000
1372261120.000000
1374857344.000000
1377466880.000000
1380022528.000000
1382508544.000000
1384999680.000000
1387502208.000000
1390004096.000000
1392526848.000000
1395013888.000000
1397516800.000000
1399980288.000000
1402511616.000000
1405012864.000000
1407494912.000000
1409985280.000000
1412484096.000000
1414984576.000000
1417495296.000000
1420032256.000000
1422608128.000000
1425129088.000000
1427716864.000000
1430249728.000000
1432853760.000000
1435464064.000000
1438044800.000000
1440665600.000000
1443229312.000000
1445823616.000000
1448349184.000000
1450943872.000000
1453542528.000000
1456137728.000000
1458728192.000000
1461303936.000000
1463821568.000000
1466319104.000000
1468813184.000000
1471324160.000000
1473830784.000000
1476413184.000000
1478929024.000000
1481517312.000000
1484047872.000000
1486713600.000000
1489501568.000000
1492233344.000000
1494917504.000000
1497593344.000000
1500189568.000000
1502798208.000000
1505407104.000000
1508073344.000000
1510681600.000000
1513300736.000000
1515984128.000000
1518605440.000000
1521316736.000000
1524028032.000000
1526729856.000000
1531737984.000000
1536125568.000000
1538842880.000000
1541525376.000000
1544215424.000000
1546910464.000000
1549586816.000000
1552185088.000000
1554807808.000000
1557478400.000000
1560102528.000000
1562806528.000000
1565519488.000000
1568221184.000000
1570936832.000000
1573546496.000000
1576169728.000000
1578725504.000000
1581249664.000000
1583841664.000000
1586440576.000000
1589032064.000000
1591602816.000000
1594117376.000000
1596624512.000000
1599143808.000000
1601727872.000000
1604389760.000000
1606923264.000000
1609431424.000000
1612012416.000000
1614529152.000000
1617024256.000000
1619548032.000000
1622102528.000000
1624611200.000000
1627110528.000000
1629606016.000000
1632088576.000000
1634591104.000000
1637086464.000000
1639594368.000000
1642118400.000000
1644602240.000000
1647113472.000000
1649621632.000000
1652138496.000000
1654731520.000000
1657349760.000000
1659950848.000000
1662576640.000000
1665153664.000000
1667751552.000000
1670345984.000000
1672946944.000000
1675538432.000000
1678121216.000000
1680621312.000000
1683147904.000000
1685700608.000000
1688222976.000000
1690730880.000000
1693324288.000000
1695842432.000000
1698447104.000000
1701055104.000000
1703650944.000000
1706257280.000000
1708820992.000000
1711302912.000000
1713776384.000000
1716276992.000000
1718786688.000000
1721292032.000000
1723788800.000000
1727369600.000000
1732776704.000000
1735435008.000000
1738011776.000000
1740518144.000000
1743025536.000000
1745543552.000000
1748135936.000000
1750732032.000000
1753342080.000000
1755942016.000000
1758547968.000000
1761153792.000000
1763760384.000000
1766348672.000000
1768921600.000000
1771417216.000000
1773935104.000000
1776510464.000000
1779029376.000000
1781620224.000000
1784134400.000000
1786722432.000000
1789240448.000000
1791832064.000000
1794434176.000000
1796986112.000000
1799515776.000000
1802010368.000000
1804514304.000000
1807012736.000000
1809512832.000000
1812007680.000000
1814512384.000000
1817034240.000000
1819608576.000000
1822120960.000000
1824622848.000000
1827122816.000000
1829697536.000000
1832227584.000000
1834804352.000000
1837346560.000000
1839921408.000000
1842447744.000000
1845039872.000000
1847638400.000000
1850234496.000000
1852827648.000000
1855483008.000000
1858043008.000000
1860614272.000000
1863119360.000000
1865708544.000000
1868229888.000000
1870814848.000000
1873321984.000000
1875806080.000000
1878312704.000000
1880833920.000000
1883394432.000000
1885919360.000000
1888423424.000000
1890931456.000000
1893524096.000000
1896128512.000000
1898739840.000000
1901375104.000000
1903939456.000000
1906533504.000000
1909126912.000000
1911644800.000000
1914233600.000000
1916830208.000000
1919422720.000000
1921928576.000000
1927131904.000000
1931043584.000000
1933604864.000000
1936121216.000000
1938641536.000000
1941229952.000000
1943817472.000000
1946309632.000000
1948824320.000000
1951313408.000000
1953812992.000000
1956319488.000000
1958826752.000000
1961296768.000000
1963790080.000000
1966361984.000000
1968934912.000000
1971495808.000000
1974024576.000000
1976536448.000000
1979134208.000000
1981734784.000000
1984337408.000000
1986938880.000000
1989548032.000000
1992164096.000000
1994748032.000000
1997357952.000000
1999955968.000000
2002558592.000000
2005153280.000000
2007763840.000000
2010353792.000000
2012963072.000000
2015531520.000000
2018122496.000000
2020634624.000000
2023224064.000000
2025720064.000000
2028203520.000000
2030701824.000000
2033179904.000000
2035685376.000000
2038170240.000000
2040654976.000000
2043160576.000000
2045675520.000000
2048181632.000000
2050706432.000000
2053215232.000000
2055758592.000000
2058331264.000000
2060928640.000000
2063534720.000000
2066142976.000000
2068747392.000000
2071343232.000000
2073947776.000000
2076568320.000000
2079139456.000000
2081742592.000000
2084351744.000000
2086954624.000000
2089556480.000000
2092164608.000000
2094761344.000000
2097369728.000000
2099967744.000000
2102552064.000000
2105158528.000000
2107829504.000000
2110428672.000000
2113025920.000000
2115542784.000000
2118123264.000000
2121767424.000000
2126916992.000000
2129325440.000000
2131722880.000000
2134127872.000000
2136551040.000000
2139065600.000000
2141571840.000000
2144108928.000000
2146603776.000000
2149130496.000000
2151726080.000000
2154259456.000000
2156863488.000000
2159460352.000000
2162061312.000000
2164657152.000000
2167257856.000000
2169841664.000000
2172440832.000000
2175045376.000000
2177648896.000000
2180249344.000000
2182852864.000000
2185444096.000000
2188060928.000000
2190630656.000000
2193234944.000000
2195843328.000000
2198443008.000000
2201034240.000000
2203616256.000000
2206106112.000000
2208607488.000000
2211099392.000000
2213575168.000000
2216072448.000000
2218646016.000000
2221158912.000000
2223670272.000000
2226186240.000000
2228678656.000000
2231195136.000000
2233690112.000000
2236196608.000000
2238706432.000000
2241216000.000000
2243730432.000000
2246240256.000000
2248838400.000000
2251455232.000000
2254037504.000000
2256655616.000000
2259254272.000000
2261860608.000000
2264457984.000000
2267054080.000000
2269649664.000000
2272248576.000000
2274864384.000000
2277449472.000000
2280032256.000000
2282621440.000000
2285125888.000000
2287609088.000000
2290109184.000000
2292608256.000000
2295129344.000000
2297670400.000000
2300178432.000000
