1.916031
4.488550
3.603053
0.083969
-1.450382
0.549618
1.419847
0.496183
-2.725191
1.549618
-0.786260
2.320611
1.442748
-3.335878
1.343511
2.335878
-0.160305
0.396947
1.312977
-1.061069
-0.290076
0.038168
-2.534351
2.045802
-2.206107
0.045802
-1.816794
3.175573
-1.328244
-1.381679
1.038168
-0.526718
3.374046
2.061069
0.694656
-1.000000
2.412214
1.297710
2.061069
-0.847328
2.847328
3.656489
5.351145
1.854962
0.511450
0.290076
2.984733
-0.641221
2.435115
3.419847
0.236641
0.549618
0.793893
0.717557
4.641222
-1.022901
-1.862595
-4.198473
0.114504
0.251908
0.587786
1.221374
2.083969
-1.053435
-5.183206
-0.992366
0.992366
-1.786260
0.984733
0.725191
2.755725
1.603053
-2.076336
-1.366412
-0.351145
-2.083969
-4.328244
-3.267176
-0.015267
0.091603
-2.396947
-2.465649
0.465649
2.717557
0.282443
-4.511450
0.412214
-2.038168
-0.641221
-0.122137
-4.290076
-1.580153
0.374046
-0.992366
-0.564885
-0.679389
3.099237
2.396947
-1.160305
1.229008
-0.129771
-2.183206
1.045802
-0.641221
-3.587786
-2.160305
0.175573
-1.435115
-0.076336
0.213740
-1.335878
0.961832
2.549618
0.885496
-2.030534
0.946565
-1.503817
-1.015267
-0.038168
-4.167939
-0.129771
-0.580153
1.801527
0.381679
1.862595
3.175573
-0.687023
-0.480916
-2.877863
-2.419847
-1.816794
2.839695
-0.839695
-1.381679
-0.145038
4.877862
-2.580153
1.480916
4.213740
-1.656489
-3.816794
-0.068702
-0.267176
-1.816794
0.755725
0.427481
4.045802
-3.809160
1.664122
-1.732824
-0.106870
0.984733
-0.679389
-2.000000
0.290076
-0.954198
0.000000
-0.732824
-2.854962
0.824427
-0.564885
0.114504
1.900763
0.351145
1.748092
0.496183
1.190840
1.267176
-1.961832
-1.458015
-2.290076
-0.320611
0.526718
-2.061069
-0.007634
-1.465649
0.740458
4.244275
1.580153
0.206107
2.015267
-0.977099
2.229008
3.038168
5.076336
0.656489
0.816794
-0.236641
-0.412214
-0.450382
1.442748
1.015267
0.832061
-0.374046
-1.007634
0.122137
-1.679389
-0.511450
-0.671756
0.992366
1.129771
1.114504
1.480916
1.725191
-1.320611
-2.229008
2.587786
1.351145
-0.755725
-0.167939
-1.977099
-0.900763
-1.312977
2.137405
-1.244275
1.740458
-0.977099
3.236641
-0.068702
1.381679
1.511450
-2.091603
-0.916031
0.923664
1.183206
0.938931
-3.221374
-0.572519
-0.106870
-0.320611
-1.305344
-0.633588
0.511450
1.145038
2.007634
-1.900763
2.183206
2.343511
-0.343511
-2.183206
1.312977
-0.549618
3.938931
1.519084
-2.267176
0.885496
-1.763359
-2.694656
1.274809
-0.229008
4.015267
2.244275
4.007634
3.687023
0.587786
3.938931
1.305344
2.229008
0.534351
-2.061069
-1.099237
2.465649
0.053435
0.793893
0.458015
-0.496183
0.564885
0.931298
3.221374
-2.068702
-2.213740
0.977099
1.511450
0.000000
1.152672
-0.870229
2.641221
1.694656
-1.190840
3.206107
1.198473
-0.450382
-0.099237
-0.312977
0.832061
-0.725191
1.725191
-3.267176
-1.358779
-0.633588
2.610687
1.328244
-2.610687
1.091603
-0.015267
-0.343511
2.335878
5.534351
-0.229008
-0.030534
-1.954198
0.251908
3.519084
0.061069
0.450382
-0.587786
1.534351
2.427481
1.610687
5.900764
-2.282443
2.969466
1.137405
1.053435
-0.610687
-1.748092
3.633588
2.274809
-5.015267
0.824427
0.053435
-0.236641
0.549618
-0.511450
0.106870
2.557252
-1.206107
2.045802
-2.198473
2.427481
1.374046
3.251908
-0.557252
-0.480916
0.022901
4.038168
0.099237
0.709924
2.923664
2.045802
1.496183
3.618321
-2.450382
-2.038168
1.190840
-2.954198
-4.587786
-0.435115
1.702290
3.450382
-1.519084
-3.557252
1.206107
2.755725
-1.007634
0.137405
1.282443
2.839695
2.572519
3.961832
0.175573
3.679389
-4.503817
1.038168
-0.381679
1.480916
1.679389
4.717557
1.358779
4.099236
0.160305
0.496183
-1.396947
2.450382
1.160305
-1.511450
0.274809
-3.152672
1.526718
1.480916
0.404580
1.175573
-5.152672
3.068702
0.687023
1.312977
-1.824427
-5.030534
2.954198
-1.442748
0.717557
-2.473282
-3.702290
-1.129771
-0.122137
-2.580153
-3.236641
-1.312977
0.419847
-1.816794
3.312977
-2.648855
3.427481
1.786260
-0.687023
1.938931
-1.908397
0.984733
-0.282443
-2.351145
-0.312977
1.419847
-2.870229
1.328244
-2.603053
3.267176
-0.366412
0.122137
0.083969
-1.015267
-0.458015
0.938931
0.748092
0.038168
3.427481
3.992366
2.061069
-2.870229
-1.633588
-2.633588
3.152672
0.305344
0.236641
1.587786
-0.419847
2.595420
0.015267
2.503817
4.259542
-1.961832
1.236641
4.198473
3.564885
-2.687023
0.099237
-0.503817
-0.625954
-0.076336
0.732824
-0.702290
-1.664122
-4.213740
1.396947
2.114504
0.946565
0.358779
-0.534351
-1.908397
0.106870
2.763359
2.458015
2.839695
1.335878
0.580153
0.076336
-4.152672
0.519084
-2.458015
-0.679389
0.122137
0.931298
-0.931298
0.801527
-0.961832
0.114504
4.099236
7.587786
2.870229
0.229008
-1.259542
2.053435
-1.709924
0.610687
-0.122137
0.229008
0.519084
-2.221374
-3.022901
2.106870
2.458015
3.770992
5.045802
2.587786
-0.099237
-1.984733
1.832061
2.877863
1.442748
2.358779
0.488550
1.961832
-3.061069
3.022901
-3.496183
3.007634
2.412214
1.068702
-3.755725
0.549618
-0.282443
-0.061069
2.374046
-1.870229
-0.366412
-2.618321
-7.694656
-1.801527
1.694656
1.832061
0.641221
-1.221374
-1.854962
-2.229008
2.572519
-0.633588
-2.458015
-1.297710
-2.984733
0.885496
2.824427
-6.603054
-0.007634
-0.114504
1.129771
-0.534351
-1.786260
-0.053435
1.564885
0.931298
-2.969466
3.923664
0.519084
-1.480916
1.038168
0.351145
0.786260
-0.366412
-0.984733
-1.824427
1.702290
-2.511450
-1.022901
1.106870
-1.290076
0.595420
2.045802
0.496183
1.183206
-0.435115
-6.534351
-2.732824
-1.251908
1.893130
4.167939
-0.221374
3.183206
-3.786260
-1.305344
-1.221374
0.213740
1.213740
-1.496183
-2.595420
-1.022901
-5.068702
-0.145038
1.442748
-1.687023
-5.755725
1.564885
-4.328244
-5.732824
-3.351145
-2.145038
-3.885496
-5.587786
-5.648855
-2.480916
-4.656488
-1.595420
-7.435114
-7.320611
-4.633588
-2.954198
-6.824428
-7.244275
-1.870229
-7.877862
-8.076336
-6.099236
-4.839694
-6.664122
-4.229008
-5.694656
-0.816794
-3.740458
-0.633588
0.725191
-2.038168
0.511450
-3.687023
-3.694656
-0.885496
-2.167939
-5.007634
-0.687023
0.961832
-0.038168
-1.977099
-0.664122
-1.572519
0.893130
-3.603053
-1.213740
1.335878
-1.267176
-4.236641
1.030534
-2.969466
-2.641221
-1.885496
-1.229008
-5.045802
-0.175573
-1.374046
-4.061069
0.076336
-3.610687
1.992366
-3.793893
1.015267
-1.992366
-0.511450
1.038168
-0.916031
-0.053435
-1.923664
-2.206107
-3.091603
0.503817
0.435115
-1.129771
-1.854962
0.694656
-0.648855
0.053435
-1.099237
0.580153
-3.152672
1.832061
1.435115
-1.206107
-0.519084
0.160305
-4.786260
-0.618321
-2.770992
-4.145038
-2.152672
-5.160306
-2.664122
-0.503817
-4.465649
-4.259542
-6.732824
-3.145038
-5.679389
-3.022901
-5.702290
-1.770992
-6.053435
-1.053435
-7.053435
-1.679389
-3.274809
-9.412213
-4.984733
-6.427481
-2.526718
-5.419847
-4.190840
-0.870229
-4.900764
-3.106870
-3.167939
-4.633588
-5.145038
-2.335878
1.984733
1.335878
-0.458015
1.954198
-3.946565
2.198473
-2.564885
-1.099237
-2.366412
-1.106870
-2.335878
-5.160306
3.603053
1.366412
-1.137405
4.320611
0.656489
-1.221374
0.274809
2.328244
-1.885496
0.450382
1.175573
-1.595420
1.473282
2.503817
-0.045802
0.702290
4.419847
0.816794
1.824427
-0.740458
-1.839695
0.748092
1.923664
1.458015
2.030534
1.030534
1.061069
2.702290
-3.335878
-2.106870
2.687023
-1.832061
2.564885
3.160305
1.328244
0.519084
-3.053435
4.725191
0.206107
-0.854962
1.083969
2.053435
-2.557252
4.374046
3.091603
0.656489
1.641221
-1.122137
-2.106870
-2.519084
-5.366412
0.450382
-1.717557
2.977099
-4.129771
-0.083969
-3.007634
0.503817
3.320611
0.419847
4.427481
-1.900763
-0.633588
0.122137
2.305344
3.854962
2.770992
1.297710
4.511450
-1.877863
-1.893130
3.007634
1.473282
5.374046
1.396947
2.404580
-0.427481
0.000000
4.328244
1.557252
1.809160
2.603053
1.633588
2.824427
4.931298
5.503817
2.213740
0.015267
0.106870
-2.175573
6.267176
3.732824
8.603053
1.938931
7.809160
5.534351
5.603054
3.267176
1.282443
-0.282443
-0.106870
6.839694
6.778626
6.083970
1.664122
3.633588
1.129771
4.793893
-2.183206
3.106870
4.862596
0.824427
4.603054
0.045802
3.503817
4.671756
4.511450
0.908397
-3.572519
5.404580
1.083969
4.274809
2.083969
-2.564885
4.541985
2.190840
0.732824
0.648855
3.732824
5.564886
1.961832
-0.206107
6.045802
0.396947
6.366412
1.404580
-1.274809
0.908397
5.007634
6.946565
4.221374
1.435115
-0.587786
-0.893130
5.854962
6.977099
3.832061
4.595420
2.259542
-0.458015
-2.175573
5.847328
2.549618
7.320611
1.335878
4.328244
1.458015
5.404580
6.748092
2.442748
1.274809
1.183206
3.694656
-3.076336
-1.061069
-3.618321
-2.274809
-2.435115
2.175573
-1.213740
1.625954
2.022901
5.679389
4.755725
-0.755725
3.221374
0.396947
-1.053435
-2.709924
-1.519084
2.358779
0.755725
3.496183
3.229008
4.702290
-0.893130
-1.870229
-5.183206
-3.702290
0.305344
-0.916031
0.503817
2.465649
4.541985
5.740458
-0.526718
-2.106870
5.832061
-1.923664
0.183206
-1.938931
-2.984733
2.488550
-4.091603
0.641221
2.229008
-2.648855
4.106870
0.000000
-1.923664
-0.167939
-1.885496
2.038168
-0.717557
-2.068702
5.221374
-4.526718
3.122137
-0.916031
-3.564885
3.061069
-3.809160
6.900764
-3.534351
-3.251908
4.335878
-3.305344
0.740458
2.687023
-1.366412
4.488550
-2.244275
2.816794
-0.801527
0.122137
0.541985
-1.656489
1.358779
2.625954
-0.740458
0.893130
0.908397
-3.404580
2.351145
2.916031
4.389313
-3.251908
0.343511
3.374046
0.969466
-2.931298
2.954198
4.427481
3.633588
0.839695
3.687023
6.900764
-0.580153
1.832061
0.000000
2.984733
-0.450382
-3.557252
-0.946565
0.519084
4.396946
-4.656488
-1.992366
2.022901
4.564886
-2.816794
-3.961832
0.534351
-2.106870
6.442748
-3.328244
0.503817
3.435115
-1.519084
-4.007634
-4.801527
1.748092
-0.709924
-3.885496
-5.007634
-1.519084
-0.244275
-5.717557
-3.534351
4.778626
-5.786260
3.839695
-3.725191
0.870229
-4.229008
-0.167939
-0.351145
-3.496183
-1.610687
-1.458015
2.992366
-3.824427
0.900763
-4.396946
-3.129771
-1.083969
-1.992366
-3.908397
-2.442748
-2.312977
-2.267176
2.709924
-5.992366
0.022901
-1.145038
-2.549618
-1.541985
-5.923664
-0.137405
-5.954198
0.442748
-6.648855
2.519084
-8.458015
-7.274809
1.770992
-5.916030
1.145038
-4.770992
-4.458015
-0.740458
-7.480916
0.687023
-7.969466
-0.687023
0.259542
-5.022901
-3.419847
3.534351
0.732824
0.114504
-4.725191
0.007634
-2.694656
2.335878
-4.862596
3.664122
-5.007634
2.541985
-4.251908
3.511450
-1.984733
-2.351145
-1.648855
1.450382
-2.160305
5.015267
-3.488550
-1.564885
0.396947
-2.404580
3.190840
-2.145038
2.832061
0.541985
-2.458015
-3.167939
0.709924
0.267176
3.923664
-0.893130
4.091603
-2.557252
-0.587786
1.816794
0.000000
-3.778626
-0.893130
-4.603054
-0.190840
-3.534351
1.519084
-3.091603
0.549618
1.458015
-0.984733
5.610687
0.885496
3.221374
-4.503817
2.625954
0.885496
1.702290
1.694656
-2.076336
0.068702
-0.587786
-2.908397
-2.923664
4.297710
-1.801527
2.236641
0.435115
-2.496183
0.427481
-1.938931
3.290076
-3.786260
1.893130
5.106870
-0.374046
3.099237
-2.572519
6.045802
-2.190840
0.305344
0.709924
-1.671756
1.900763
-2.893130
2.816794
-2.923664
-1.549618
4.748092
3.938931
-3.076336
-7.816794
3.160305
1.427481
-3.786260
3.656489
3.557252
-6.106870
0.053435
-1.068702
-4.748092
0.786260
5.770992
1.862595
-3.068702
0.419847
3.992366
3.206107
-2.870229
-2.053435
-4.893130
4.297710
3.702290
-2.946565
-1.343511
4.206107
1.580153
-0.671756
1.694656
-3.549618
-4.717557
0.954198
-4.526718
5.587786
-3.404580
-3.145038
4.648855
-4.671756
1.656489
3.366412
-5.175572
2.366412
2.832061
-1.091603
2.679389
-1.603053
5.045802
-1.778626
2.030534
-4.839694
1.893130
2.183206
3.297710
-4.007634
1.412214
0.213740
-4.244275
-0.053435
2.099237
-3.687023
2.717557
-4.671756
5.847328
1.305344
5.435114
-2.541985
1.099237
-3.664122
3.404580
-0.137405
3.480916
-1.183206
3.389313
-2.687023
0.419847
-2.137405
0.206107
2.572519
-5.564886
2.045802
-2.954198
3.641221
2.412214
-3.618321
2.931298
-3.526718
4.152672
2.977099
-2.580153
3.938931
-0.396947
-1.282443
1.183206
2.664122
5.709924
-0.595420
1.862595
3.496183
-2.633588
5.335878
-4.114504
7.213740
0.251908
5.404580
1.496183
-3.885496
-0.343511
-2.465649
6.259542
3.557252
-4.152672
1.236641
-5.549618
2.549618
-4.244275
5.381680
-1.450382
-2.641221
-2.664122
-1.320611
3.488550
-6.312977
1.488550
0.351145
3.282443
-5.961832
1.748092
-0.038168
-5.335878
5.603054
-4.778626
-0.366412
3.656489
-2.595420
4.648855
-0.648855
-4.557252
6.977099
1.038168
5.320611
4.244275
-6.702290
2.984733
-5.015267
3.656489
-3.427481
-0.175573
-0.541985
1.198473
3.557252
-1.099237
-0.786260
2.503817
-3.358779
2.458015
0.984733
0.061069
5.931298
1.396947
4.969466
-2.244275
1.213740
4.862596
-2.938931
-4.160306
1.320611
2.854962
-1.297710
-5.954198
4.229008
4.206107
0.358779
-1.839695
1.549618
3.221374
1.801527
-1.160305
-0.465649
2.091603
2.312977
-1.580153
-4.557252
3.496183
5.183206
-1.595420
-1.007634
0.068702
1.305344
4.167939
-3.198473
0.351145
4.473282
-6.015267
1.374046
3.992366
-2.229008
0.427481
0.473282
-0.129771
-0.198473
6.664122
1.954198
-0.885496
4.442748
-1.030534
-0.832061
6.900764
0.816794
-2.717557
-2.419847
1.496183
0.045802
-1.175573
3.801527
2.679389
2.587786
6.259542
-3.053435
2.549618
0.259542
1.137405
0.221374
-0.305344
2.541985
-4.206107
-2.076336
1.488550
3.877863
4.221374
-1.862595
-3.022901
-2.923664
3.694656
0.778626
4.916030
-1.351145
0.099237
0.412214
4.053435
0.969466
-2.923664
7.007634
-0.244275
-2.618321
2.786260
3.839695
-0.870229
-0.480916
0.961832
-1.282443
4.687023
-2.328244
0.450382
7.137404
-2.496183
-1.061069
2.786260
-3.450382
1.793893
2.366412
-0.969466
-1.099237
3.763359
-3.167939
-2.900763
3.969466
2.129771
-0.190840
0.297710
2.305344
0.229008
2.854962
4.526718
-2.809160
-0.519084
5.625954
0.419847
-3.442748
5.587786
1.213740
0.717557
-0.984733
-2.587786
3.259542
1.885496
-5.519084
-1.496183
5.587786
-2.068702
-0.312977
4.916030
3.114504
-4.816794
-0.954198
4.137404
1.305344
-4.847328
-3.099237
3.801527
-5.534351
-1.900763
0.000000
1.839695
-0.305344
-4.709924
0.969466
1.580153
-1.000000
0.419847
-0.923664
3.045802
3.961832
2.519084
0.381679
-0.061069
-5.778626
-1.305344
0.290076
-1.305344
-0.679389
-5.015267
2.969466
-3.763359
5.259542
4.480916
0.618321
4.183206
-7.328244
4.183206
-1.328244
3.717557
-0.885496
-1.923664
3.229008
0.916031
5.984733
-4.190840
-4.320611
5.183206
2.679389
0.664122
1.763359
3.908397
-3.847328
5.175572
-3.603053
1.496183
0.175573
-3.740458
3.900763
1.832061
1.541985
5.885496
-2.519084
2.984733
5.824428
0.870229
1.748092
3.748092
3.305344
1.748092
-0.068702
4.557252
-1.496183
-2.129771
4.274809
-1.534351
-5.564886
-1.862595
-1.358779
3.870229
3.114504
0.175573
0.290076
3.725191
-0.961832
-0.885496
5.687023
-1.099237
-0.549618
-4.419847
6.290076
-2.496183
0.954198
2.458015
-1.244275
0.076336
-3.793893
2.648855
1.259542
-1.610687
4.320611
5.175572
2.893130
-1.442748
5.473282
3.145038
-4.503817
-0.656489
2.572519
3.427481
1.030534
-2.129771
-5.099236
-0.412214
1.091603
0.221374
-7.870229
-2.839695
6.977099
0.091603
-3.763359
-5.251908
-2.709924
0.809160
4.122138
4.511450
2.030534
-0.992366
0.595420
-0.977099
-1.366412
4.305344
1.458015
-0.984733
-2.229008
-2.473282
0.870229
4.083970
-1.854962
0.374046
-0.160305
3.503817
5.076336
3.030534
-2.274809
-0.748092
4.519084
4.435114
0.183206
0.442748
3.480916
-1.534351
3.847328
-4.725191
0.267176
0.389313
-1.862595
1.366412
-1.816794
0.137405
1.419847
-4.961832
3.824427
-2.236641
-1.129771
0.412214
-3.870229
4.137404
2.183206
-3.633588
5.129771
-2.916031
1.122137
2.343511
-3.206107
6.679389
0.022901
1.061069
-2.503817
3.068702
1.839695
-0.297710
4.129771
-0.702290
5.900764
-0.770992
5.564886
3.083969
1.000000
5.335878
-1.251908
1.213740
-0.129771
-1.152672
4.442748
-1.893130
2.251908
1.977099
-0.503817
-5.122138
7.450382
3.015267
-0.213740
-1.832061
3.717557
-0.458015
-0.381679
0.297710
-0.320611
-0.198473
6.068702
3.687023
-4.312977
-2.458015
0.488550
2.740458
-1.984733
-1.190840
-2.648855
-3.198473
0.893130
5.763359
4.480916
3.404580
-6.259542
0.358779
2.473282
2.618321
-0.458015
0.854962
-1.290076
-3.328244
4.503817
4.587786
2.145038
0.648855
-2.664122
-1.625954
-0.603053
3.312977
-0.274809
-1.511450
3.488550
-1.893130
-2.305344
4.305344
-0.618321
-0.679389
1.259542
-5.114504
2.114504
-3.427481
-1.229008
2.419847
-2.435115
-4.587786
6.145038
-4.122138
-3.297710
-0.099237
2.076336
1.114504
0.022901
3.748092
-3.671756
0.488550
5.351145
-0.351145
-5.244275
3.534351
-4.740458
2.694656
4.160306
-0.152672
4.427481
-3.404580
3.580153
1.580153
4.297710
-5.793893
-1.114504
4.015267
-0.091603
-4.068702
0.038168
4.343512
-0.282443
-1.946565
-2.435115
0.458015
3.664122
1.908397
0.145038
-1.351145
2.419847
6.328244
0.343511
-1.847328
6.000000
-0.320611
-2.793893
1.541985
7.129771
-2.534351
-2.809160
0.190840
2.618321
0.610687
-2.824427
-1.488550
2.519084
-3.335878
-1.297710
2.374046
1.435115
-2.526718
0.435115
0.145038
-5.381680
-0.244275
4.381680
-3.290076
-4.557252
4.770992
3.404580
-3.938931
-4.015267
-2.328244
0.977099
4.885496
-3.832061
-3.206107
3.946565
3.007634
1.862595
-0.251908
-3.274809
2.267176
-0.709924
-0.038168
-0.015267
0.213740
-5.687023
-4.603054
3.679389
3.664122
-2.610687
-1.557252
1.801527
-1.862595
-2.412214
0.786260
-0.709924
4.748092
1.167939
-1.786260
3.732824
1.916031
3.862595
-3.076336
2.038168
6.534351
-1.595420
-2.244275
-2.793893
0.534351
0.152672
1.145038
-3.809160
-1.519084
2.725191
5.564886
-2.282443
-5.610687
2.297710
5.412214
-2.893130
-3.824427
4.969466
-2.763359
-1.198473
0.076336
3.389313
4.198473
1.083969
-5.862596
-2.061069
0.946565
1.595420
-2.106870
-1.587786
5.778626
-6.297710
0.267176
3.847328
-3.389313
2.648855
-0.251908
5.221374
0.541985
-2.694656
0.480916
-3.847328
1.946565
1.839695
-6.541985
2.709924
3.015267
-5.381680
1.114504
1.893130
-3.778626
6.068702
-5.076336
-2.877863
7.236641
-3.641221
-0.389313
3.847328
-1.053435
-2.809160
1.557252
-5.083970
4.847328
-2.312977
-0.328244
1.519084
-4.305344
0.977099
-5.839694
4.435114
-1.740458
-1.442748
2.732824
-3.374046
1.442748
-3.923664
0.183206
-1.870229
3.580153
-0.267176
-7.167939
0.580153
4.396946
-1.274809
-4.137404
-1.145038
1.076336
0.603053
5.045802
-0.412214
2.015267
1.419847
0.206107
6.633588
2.801527
-1.893130
4.465649
1.648855
-1.687023
3.000000
1.091603
-6.793893
4.312977
-2.007634
6.572519
0.091603
5.984733
-1.038168
2.061069
3.572519
0.396947
0.984733
-3.900763
1.076336
3.488550
2.519084
2.206107
-1.786260
0.312977
-1.770992
0.099237
3.068702
-2.458015
5.709924
-1.786260
4.160306
-3.007634
-4.290076
2.198473
3.221374
-2.740458
4.221374
-3.923664
0.664122
2.961832
-1.992366
1.312977
-2.793893
2.366412
2.267176
-2.076336
3.129771
0.618321
1.496183
6.206107
-3.458015
6.519084
0.900763
-2.000000
-0.687023
4.687023
-4.106870
1.198473
-3.114504
-5.801527
1.358779
-0.206107
0.335878
1.236641
4.816794
-1.900763
4.679389
2.458015
1.793893
1.572519
-3.213740
5.152672
-1.641221
0.213740
-3.625954
6.648855
-1.671756
1.221374
-1.839695
5.129771
-3.404580
0.122137
-3.816794
3.503817
-0.282443
2.816794
0.847328
1.580153
1.687023
-0.320611
2.282443
3.015267
-0.312977
4.282443
-6.206107
1.267176
-0.633588
1.106870
5.435114
-4.000000
3.687023
2.503817
-2.740458
6.221374
-4.282443
0.389313
4.404580
-2.389313
-0.083969
-0.358779
-1.923664
7.022901
0.900763
-2.534351
5.206107
-3.007634
5.671756
-2.954198
-4.793893
3.381679
0.885496
-2.816794
3.152672
-1.832061
3.572519
-4.450382
5.404580
-2.458015
3.335878
-0.946565
-1.641221
3.114504
0.435115
5.496183
2.000000
-0.679389
1.312977
-1.320611
0.572519
-4.190840
-1.396947
3.442748
2.206107
-2.885496
4.167939
-1.015267
-2.961832
1.656489
3.366412
-0.152672
-0.175573
4.954198
-3.900763
4.839694
0.671756
-2.664122
3.786260
-4.725191
3.160305
3.083969
-0.778626
3.572519
5.175572
-3.519084
-0.038168
5.015267
-1.671756
5.366412
-2.748092
-2.404580
0.526718
2.175573
-4.625954
1.129771
2.572519
-3.175573
-1.839695
-1.519084
-1.786260
-2.236641
-0.587786
2.419847
-4.587786
-0.839695
2.961832
0.694656
-2.503817
2.694656
-1.671756
-4.740458
-0.877863
4.870229
3.396947
4.267176
-3.450382
-1.992366
3.038168
-1.366412
-4.442748
3.419847
2.961832
-5.045802
3.404580
3.137405
-3.259542
2.923664
5.396946
-1.702290
-0.312977
1.381679
5.305344
-1.526718
-2.435115
-2.122137
1.351145
2.938931
3.572519
1.145038
-4.198473
1.145038
6.160306
3.160305
-3.557252
0.740458
-0.717557
4.862596
0.854962
-3.167939
-3.778626
1.679389
2.083969
5.091603
-1.122137
1.206107
0.473282
-2.694656
1.007634
-1.076336
-2.190840
0.160305
2.709924
1.847328
-0.274809
3.412214
-2.282443
-2.389313
3.114504
5.396946
1.167939
0.305344
-2.488550
-5.183206
-0.717557
2.412214
3.076336
2.404580
3.061069
1.152672
-3.732824
-1.587786
-0.709924
2.656489
3.725191
5.809160
3.893130
0.725191
-2.007634
-4.473282
1.381679
0.763359
5.183206
-0.862595
2.274809
-0.732824
-1.030534
-4.389313
2.984733
2.908397
5.198473
0.694656
-2.259542
-1.381679
-4.083970
1.763359
2.259542
-1.885496
3.618321
1.389313
-4.770992
1.297710
-1.213740
5.732824
3.305344
-0.916031
0.732824
-3.595420
6.312977
1.412214
-6.259542
6.427481
-3.755725
6.534351
6.030534
-2.580153
4.870229
-5.908397
6.648855
-1.534351
4.450382
-0.183206
0.534351
2.068702
-0.732824
-4.519084
3.717557
-2.984733
-3.610687
-1.694656
3.381679
-1.427481
-2.954198
6.282443
-4.793893
4.099236
-4.458015
3.603053
-5.656488
2.809160
-5.770992
0.435115
-3.755725
4.740458
-0.717557
5.465649
-3.412214
-1.122137
-1.167939
-1.969466
0.473282
-2.877863
3.022901
-2.274809
-4.152672
3.969466
-3.442748
3.076336
-4.679389
0.404580
-2.648855
5.083970
-4.305344
5.473282
-4.572519
1.145038
3.839695
-5.503817
2.229008
-4.030534
3.404580
-1.045802
-1.534351
2.519084
-0.809160
-0.458015
4.480916
-7.320611
2.290076
1.244275
-0.938931
5.320611
-5.053435
-0.755725
3.809160
-1.694656
-0.175573
5.816794
-0.389313
-0.832061
0.832061
-4.488550
5.954198
0.282443
-0.816794
3.030534
-1.893130
1.633588
5.106870
-2.870229
1.687023
7.580153
1.229008
-1.633588
-4.244275
0.038168
2.374046
-1.282443
1.259542
-1.923664
-2.167939
-5.671756
1.893130
-1.419847
1.160305
0.450382
-5.519084
3.916031
-3.854962
-0.961832
6.389313
0.496183
2.740458
3.389313
-4.580153
1.374046
3.320611
-4.000000
1.015267
5.618320
-0.900763
-3.442748
4.229008
-2.053435
4.206107
-0.702290
2.961832
-2.938931
4.267176
-0.900763
2.358779
-1.297710
2.061069
-3.862595
1.534351
-2.717557
2.396947
-4.389313
6.091603
-4.862596
5.167939
-7.641222
4.564886
-2.183206
1.259542
-4.633588
2.977099
-5.145038
1.412214
1.435115
4.221374
2.480916
4.335878
3.923664
5.656488
-2.137405
1.839695
-2.221374
5.534351
-1.427481
1.091603
-0.435115
-2.366412
-1.557252
2.381679
-1.290076
5.603054
0.709924
-2.297710
6.206107
-0.618321
-2.381679
5.854962
-4.312977
1.847328
-4.213740
-1.938931
3.923664
-2.259542
3.671756
-1.366412
-1.664122
2.198473
-5.656488
-3.068702
-3.343511
3.450382
1.931298
-2.862595
3.862595
-5.603054
1.923664
1.129771
-3.526718
3.664122
-0.129771
-2.832061
2.595420
-1.038168
1.435115
2.320611
0.442748
3.045802
-2.221374
-0.763359
0.076336
1.595420
-7.541985
3.061069
-2.862595
4.587786
1.931298
5.282443
-2.236641
-2.122137
-0.412214
0.465649
1.122137
3.931298
3.595420
4.427481
-8.503817
3.526718
-1.122137
0.145038
-0.786260
6.419847
-3.160305
5.625954
0.061069
-1.305344
3.213740
-2.641221
5.732824
-1.366412
0.793893
0.442748
-0.312977
6.038168
-2.335878
3.396947
0.534351
-3.503817
-0.427481
1.511450
5.061069
-3.412214
1.877863
1.480916
-5.801527
1.320611
0.763359
-0.435115
3.496183
0.152672
-3.641221
-1.015267
4.007634
3.603053
0.145038
2.152672
4.374046
8.931297
-1.748092
-5.351145
-0.236641
4.870229
2.786260
-2.564885
-3.938931
-0.954198
2.900763
0.007634
-0.175573
0.473282
-4.053435
3.946565
1.862595
-2.290076
1.160305
5.442748
0.992366
-7.045802
1.267176
5.000000
0.290076
-2.106870
4.801527
0.755725
-3.587786
-1.221374
7.122138
-0.885496
-1.351145
3.519084
3.801527
4.251908
-2.885496
1.404580
8.022901
0.328244
-1.068702
0.564885
-4.053435
-4.549618
2.167939
-2.297710
1.923664
-1.396947
2.847328
0.893130
0.992366
2.511450
-1.000000
2.290076
-3.992366
3.557252
-4.038168
4.175572
-1.992366
6.015267
-1.335878
3.816794
-7.442748
3.755725
-4.076336
5.885496
-4.664122
6.984733
0.694656
7.183206
-4.114504
-1.969466
-2.389313
0.671756
-4.351145
1.778626
-2.809160
4.381680
0.198473
3.465649
-3.534351
-0.343511
1.908397
7.022901
1.694656
-0.129771
1.595420
-6.190840
6.534351
-1.343511
4.458015
1.114504
-4.954198
1.839695
-3.427481
3.160305
-2.328244
3.717557
-4.053435
7.786260
-0.885496
3.175573
-3.664122
1.633588
2.312977
-2.534351
2.793893
-4.229008
2.877863
-3.022901
1.679389
2.229008
-0.809160
3.732824
-4.297710
-0.816794
3.694656
-2.717557
-1.450382
7.625954
-2.961832
2.938931
-1.503817
-2.893130
3.412214
-1.816794
-2.824427
5.809160
-0.648855
0.992366
3.877863
-0.633588
6.221374
0.832061
-3.480916
4.259542
-1.282443
2.603053
-3.312977
0.320611
-1.526718
3.526718
-2.572519
3.236641
0.282443
3.587786
-1.854962
4.557252
1.335878
3.961832
-2.694656
4.366412
0.091603
-0.190840
1.725191
5.664122
-1.709924
2.664122
-0.687023
1.557252
-0.076336
0.832061
-0.900763
0.961832
-1.694656
-1.335878
0.679389
-3.435115
-1.450382
-4.282443
1.885496
-7.564886
-2.908397
-4.946565
-7.053435
-4.854962
-4.931298
-9.251908
-11.038168
-3.030534
-12.198473
-9.687023
-9.923664
-13.763359
-4.633588
-9.251908
-10.244275
-6.564886
-6.923664
-12.541985
-7.641222
-9.595420
-8.557252
-1.679389
-11.923664
-8.900764
-5.702290
-3.267176
-2.213740
-10.900764
-0.954198
-3.442748
-5.778626
-3.862595
0.503817
-6.221374
2.442748
-1.503817
-2.343511
2.656489
-0.175573
1.076336
0.480916
6.816794
6.458015
11.007633
11.267176
4.175572
12.244275
10.832061
7.267176
7.038168
14.541985
14.641221
7.824428
7.442748
12.099236
9.519084
12.435115
11.923664
10.732824
11.763359
13.770992
6.946565
10.900764
13.274809
9.656488
8.847328
12.068703
8.847328
9.587787
14.977099
11.122137
9.793893
13.625955
12.274809
12.503817
11.885496
14.923664
12.198473
14.007633
13.549619
11.053435
13.213740
8.740458
3.320611
1.709924
5.412214
6.236641
2.145038
4.969466
1.290076
5.290076
3.183206
2.809160
2.175573
4.961832
5.954198
-0.366412
3.175573
2.656489
-2.122137
-2.458015
-7.763359
-4.488550
-7.419847
-8.320611
-2.603053
-4.412214
-6.465649
-6.114504
-6.061069
-1.618321
-10.656488
-6.358778
-12.045801
-7.022901
-10.748092
-7.977099
-9.267176
-8.977099
-10.625955
-11.770992
-7.274809
-8.648855
-12.213740
-7.893130
-8.244275
-11.244275
-7.732824
-9.015267
-11.351145
-9.450381
-11.572519
-10.396947
-7.702290
-8.480916
-4.099236
-9.244275
-10.381680
-11.618320
-14.366412
-9.458015
-10.809160
-8.129771
-9.625955
-10.503817
-12.839695
-8.633588
-13.030535
-10.618320
-12.122137
-7.526718
-7.679389
-9.000000
-3.732824
-9.618320
-10.839695
-13.725191
-12.938931
-12.877863
-9.274809
-13.709924
-10.320611
-4.992366
-14.587787
-11.274809
-13.900764
-12.053435
-11.572519
-8.832061
-5.923664
-7.068702
-11.526717
-11.480916
-7.648855
-5.969466
-3.625954
-9.251908
-10.755725
-6.030534
-3.427481
-4.809160
-2.725191
-6.122138
-5.679389
-4.503817
-1.267176
-2.458015
-4.000000
-1.885496
1.709924
-1.167939
-0.145038
1.022901
0.702290
0.755725
5.083970
-1.030534
0.603053
1.564885
3.786260
2.725191
2.465649
0.145038
4.740458
6.809160
2.259542
7.595420
6.908397
11.442748
3.343511
7.259542
11.038168
12.862596
9.694656
9.473283
9.473283
15.389313
15.839695
14.450381
7.358778
13.595420
13.977099
14.610687
11.358779
17.213741
8.213740
16.519083
9.717557
16.580153
7.534351
13.267176
10.000000
12.656488
11.206107
12.465649
14.809160
14.587787
12.045801
10.381680
13.839695
14.068703
9.992367
15.213740
11.610687
14.091603
10.106871
15.801527
15.167939
13.519084
14.786260
13.259542
13.206107
14.297709
10.580153
13.961832
16.557251
12.167939
16.320610
9.679389
16.213741
8.946565
15.312977
15.664123
16.465649
14.717557
13.671756
15.534351
16.106871
13.732824
10.305344
10.603053
9.969465
17.694656
12.732824
10.221375
10.580153
14.557252
7.519084
16.541985
13.198473
13.755725
15.664123
18.183207
15.755725
8.900764
14.396947
11.549619
12.877863
18.366413
16.427481
12.732824
11.893129
18.236641
15.916031
13.206107
17.923664
14.320611
16.549618
20.725191
16.389313
12.870229
14.213740
11.099236
14.099236
10.366412
15.137404
11.702291
12.015267
13.427481
10.633588
10.984733
12.038168
12.175572
15.282443
12.183207
11.419847
10.152672
9.702291
9.480916
10.992367
4.259542
2.053435
2.572519
-0.702290
-4.664122
-5.725191
-6.992366
-9.244275
-6.381680
-7.312977
-4.770992
-11.435115
-13.732824
-13.129771
-14.480916
-13.114504
-14.175572
-11.603053
-11.763359
-13.862596
-10.061069
-12.908397
-8.824428
-10.343512
-13.702291
-11.473283
-9.458015
-10.442748
-10.297709
-10.755725
-10.541985
-14.259542
-5.893130
-12.458015
-12.465649
-10.984733
-10.198473
-11.137404
-12.099236
-9.160305
-9.480916
-10.954199
-7.793893
-10.282443
-10.244275
-11.259542
-9.824428
-14.145039
-13.229008
-9.175572
-6.641222
-9.450381
-12.022901
-7.419847
-11.030535
-7.167939
-7.297710
-11.793893
-11.778625
-13.213740
-12.473283
-12.824428
-10.969465
-10.511451
-10.458015
-11.274809
-13.343512
-11.977099
-9.648855
-11.213740
-12.519084
-10.519084
-12.534351
-11.152672
-14.091603
-13.389313
-4.282443
-8.580153
-10.396947
-14.641221
-11.641221
-8.725191
-9.603053
-12.091603
-10.931297
-8.832061
-8.541985
-10.015267
-11.572519
-16.206106
-13.015267
-7.595420
-15.076336
-13.076336
-11.625955
-10.366412
-7.030534
-9.137404
-12.305344
-14.152672
-6.549618
-8.725191
-13.366412
-14.160305
-10.832061
-8.618320
-9.030535
-13.366412
-7.809160
-7.312977
-10.511451
-3.175573
-2.648855
2.404580
2.984733
0.839695
0.488550
-1.595420
2.442748
1.244275
1.519084
4.824428
9.526717
5.328244
5.358778
2.480916
3.366412
3.778626
5.389313
4.221374
1.748092
3.427481
4.748092
5.061069
3.190840
2.977099
4.954198
0.977099
4.488550
4.442748
8.641221
4.061069
8.000000
4.061069
5.694656
7.496183
3.610687
5.885496
1.519084
6.068702
2.000000
-1.297710
5.664122
3.526718
-0.335878
5.572519
3.442748
1.984733
0.748092
2.076336
4.748092
0.122137
0.297710
0.770992
0.137405
1.206107
1.641221
1.961832
1.282443
3.419847
5.259542
-1.145038
2.977099
4.297710
2.061069
3.007634
1.374046
1.259542
4.366412
3.473282
2.755725
2.358779
2.221374
4.328244
0.992366
2.229008
-0.885496
1.053435
0.190840
1.496183
2.824427
0.244275
0.938931
-0.503817
0.160305
3.725191
0.114504
0.511450
-0.740458
-1.251908
1.656489
-2.000000
0.458015
-2.641221
-1.679389
-0.312977
-2.419847
-1.305344
-2.251908
-0.137405
-0.267176
-2.389313
-0.893130
2.152672
1.358779
1.916031
-0.519084
1.320611
-1.335878
-0.893130
-0.221374
-1.885496
-3.374046
4.511450
0.725191
0.580153
1.534351
-0.488550
-1.854962
-0.328244
0.541985
-0.358779
1.625954
0.969466
1.870229
0.832061
2.282443
2.000000
0.694656
0.236641
-2.709924
-1.725191
-3.374046
-2.740458
-2.511450
-0.549618
1.229008
2.938931
-1.587786
-5.984733
-4.893130
-0.068702
-2.206107
-4.129771
-2.526718
1.969466
-0.083969
-1.862595
-0.625954
1.419847
0.870229
-1.229008
1.526718
0.954198
-1.458015
2.290076
0.015267
3.618321
-0.801527
1.343511
4.221374
-3.366412
-0.763359
0.419847
3.984733
2.801527
-3.427481
2.038168
-3.564885
-1.206107
-1.603053
-0.877863
1.229008
-2.106870
4.938931
1.396947
4.816794
-1.030534
2.870229
6.351145
-1.580153
-0.648855
3.251908
8.068703
5.488550
3.687023
8.580153
5.625954
3.167939
-1.732824
0.175573
1.328244
6.045802
2.832061
3.549618
2.160305
4.030534
2.496183
3.175573
-0.587786
8.137404
-1.679389
1.419847
-0.442748
1.427481
-3.839695
0.969466
-1.870229
-1.740458
-3.091603
-3.152672
-1.503817
-0.541985
-0.351145
-0.251908
0.648855
1.038168
-1.213740
-2.549618
-1.717557
-0.091603
1.709924
0.664122
0.435115
1.427481
4.992366
0.893130
-0.793893
-0.442748
1.534351
-3.053435
-2.854962
-2.496183
-3.679389
-2.847328
-4.946565
-0.038168
-0.183206
-3.984733
-0.595420
0.152672
-0.106870
-0.091603
5.000000
-4.664122
-1.167939
3.030534
2.038168
2.793893
-2.297710
3.618321
6.267176
0.908397
1.221374
-2.038168
2.740458
-1.213740
3.610687
-2.015267
-0.251908
-0.007634
-6.961832
-5.923664
-10.664123
-1.679389
-5.282443
-0.870229
-2.595420
-7.267176
-6.381680
-9.717557
-7.000000
0.488550
-2.541985
-3.221374
-3.770992
-1.061069
-5.076336
-2.022901
-4.236641
-4.671756
-3.389313
-6.633588
-8.007633
-7.427481
-3.473282
-5.793893
-4.854962
-6.603054
-3.389313
-6.480916
-4.610687
-2.435115
-2.984733
-10.610687
-5.671756
-8.465649
-2.885496
-4.160306
-7.671756
-4.312977
-6.251908
-6.671756
-6.618320
-6.931298
-2.992366
-7.129771
-5.832061
-3.641221
-5.259542
-6.175572
-5.977099
0.519084
-4.396946
-1.381679
-6.427481
-4.946565
-2.404580
0.175573
-2.847328
-1.488550
-5.786260
-3.312977
-3.137405
3.007634
-2.480916
-1.549618
-1.572519
3.022901
-5.374046
-3.938931
-1.755725
-7.221374
-2.595420
-3.190840
-1.847328
-2.290076
-5.290076
-2.801527
-6.198473
-0.610687
-2.824427
1.648855
-3.145038
-3.763359
-1.206107
-4.404580
-2.068702
-4.847328
1.419847
-6.045802
-1.580153
-5.572519
-3.557252
-4.740458
-2.618321
0.167939
-4.725191
-3.473282
-5.923664
-0.534351
-2.328244
0.519084
0.931298
-2.717557
2.618321
-2.229008
0.206107
-0.328244
1.366412
1.099237
-0.160305
-0.114504
1.061069
-6.748092
0.847328
-2.687023
0.732824
3.259542
0.992366
1.923664
-1.465649
-0.374046
-6.916030
-2.870229
-2.198473
2.244275
-1.320611
-4.511450
-1.167939
-3.297710
-4.213740
-0.633588
-1.610687
0.114504
-0.687023
2.755725
-2.519084
2.167939
-0.770992
4.923664
-0.977099
0.625954
-1.877863
0.862595
-3.893130
2.129771
4.122138
-1.221374
3.687023
-1.564885
3.633588
3.946565
-0.969466
2.022901
-2.442748
-1.862595
5.916030
-0.877863
-2.618321
-0.236641
4.427481
2.267176
-1.091603
5.152672
0.290076
0.183206
-0.854962
1.145038
2.389313
4.442748
4.534351
3.229008
1.984733
0.832061
2.335878
2.427481
6.801527
2.572519
2.534351
7.106870
4.832061
6.129771
-0.488550
-0.160305
4.847328
2.267176
1.076336
1.694656
1.427481
0.282443
-0.152672
2.274809
4.496183
0.160305
3.099237
3.748092
1.862595
1.305344
-3.083969
0.557252
-1.870229
2.755725
2.534351
-5.679389
5.458015
-2.106870
0.045802
-1.198473
1.458015
2.572519
-3.068702
2.778626
-3.099237
-0.564885
-1.076336
2.366412
-1.114504
1.328244
-2.290076
0.129771
-3.312977
-1.458015
1.015267
-5.587786
-2.374046
-1.839695
-2.992366
1.053435
2.083969
1.786260
-3.045802
0.427481
0.374046
-2.610687
-2.160305
-0.625954
1.038168
-2.732824
-3.183206
-1.564885
-2.961832
-2.687023
-1.564885
-4.160306
1.290076
-2.335878
-0.328244
-3.374046
-2.091603
-0.763359
-3.320611
-3.396947
-0.541985
3.893130
-4.503817
1.931298
-9.557252
-1.488550
-6.595420
2.251908
-6.511450
-1.015267
-7.847328
-4.984733
-7.725191
-6.770992
2.122137
-13.022901
0.114504
-9.839695
-12.404580
-0.877863
-10.358779
-1.351145
-10.480916
-0.770992
-14.091603
-1.595420
-12.877863
-5.305344
-9.381680
-5.961832
-9.763359
-12.679389
-5.343512
-7.198473
-7.717557
-7.480916
-7.908397
-11.381680
-9.473283
-9.366412
-0.305344
-8.076336
-5.786260
-7.320611
-10.839695
-4.412214
-13.381680
-4.488550
-11.274809
-5.427481
-11.175572
-9.709924
-8.015267
-9.328244
-4.580153
-10.122137
-5.061069
-8.206107
-5.114504
-9.160305
-4.618320
-6.801527
-10.938931
-1.480916
-5.358778
-2.282443
-6.877862
0.175573
-3.954198
0.328244
3.450382
-2.389313
-2.503817
0.267176
-1.045802
0.167939
-3.648855
-0.862595
-5.221374
2.022901
1.770992
-0.267176
-1.427481
4.496183
-0.755725
-4.175572
2.656489
-4.427481
-1.427481
-2.702290
1.969466
-3.099237
-1.145038
1.954198
-2.251908
-3.511450
0.893130
1.312977
-3.297710
5.160306
-2.274809
-4.236641
3.419847
4.595420
-4.656488
-0.450382
1.854962
-2.366412
1.267176
5.343512
0.702290
-2.656489
2.946565
5.511450
-7.061069
0.748092
2.267176
-5.755725
-1.916031
2.916031
1.770992
-3.496183
2.412214
-6.015267
4.335878
-2.328244
-0.923664
1.541985
1.343511
-1.801527
5.007634
-3.175573
6.992366
0.068702
0.687023
0.091603
-1.946565
4.938931
2.908397
2.297710
-2.778626
1.053435
3.282443
1.091603
4.274809
-0.458015
-0.297710
4.580153
3.687023
-2.694656
2.114504
-4.786260
1.030534
-1.465649
6.412214
2.374046
0.213740
2.603053
2.755725
-4.595420
0.251908
2.595420
-3.877863
6.946565
-3.442748
7.580153
0.564885
-0.526718
-1.206107
2.213740
-1.290076
4.778626
-0.312977
5.450382
5.671756
3.206107
6.458015
3.625954
-1.839695
-0.977099
0.335878
-0.984733
3.435115
0.969466
3.923664
1.541985
-6.183206
1.938931
4.083970
-3.053435
0.648855
6.404580
-2.022901
-0.244275
4.595420
1.587786
-2.000000
2.091603
6.564886
3.580153
-4.206107
-0.419847
5.778626
4.183206
5.106870
-0.946565
-2.076336
3.984733
3.778626
0.885496
-0.725191
-2.801527
6.244275
6.053435
-3.221374
-3.259542
-0.687023
1.015267
1.480916
0.633588
-1.931298
1.717557
-0.923664
1.877863
1.251908
-0.778626
-1.412214
-5.251908
-0.557252
5.221374
1.000000
-5.801527
-1.374046
-4.213740
-0.496183
5.465649
1.778626
0.129771
0.076336
2.076336
4.923664
-1.725191
-2.908397
0.328244
1.648855
5.404580
-0.374046
6.694656
0.274809
-0.343511
4.045802
2.503817
-0.526718
-0.450382
4.091603
-3.015267
-0.412214
0.923664
3.091603
4.000000
4.190840
1.328244
1.656489
-1.938931
1.603053
-0.702290
1.992366
4.580153
5.534351
4.694656
-1.564885
1.816794
4.297710
10.022901
5.633588
7.908397
6.564886
4.458015
7.221374
10.366412
10.473283
8.664123
6.824428
5.450382
6.832061
4.213740
5.534351
7.091603
-0.419847
1.625954
5.801527
4.206107
6.305344
6.190840
4.809160
4.824428
-0.877863
-1.519084
-2.603053
-4.160306
-6.770992
-6.793893
-4.488550
-1.770992
-3.984733
-5.160306
-9.175572
-8.832061
-9.213740
-5.389313
-4.496183
-5.183206
-3.022901
-8.740458
-7.992366
-10.801527
-8.404580
-7.664122
-12.778625
-7.465649
-2.580153
-7.595420
-12.160305
-13.206107
-8.198473
-1.412214
-6.954198
-8.564885
-3.557252
1.671756
-5.969466
0.015267
1.343511
0.152672
-1.000000
-0.793893
-3.396947
-2.984733
2.175573
0.702290
4.618320
2.763359
4.435114
5.396946
5.564886
7.725191
2.687023
3.687023
-2.190840
-3.824427
1.900763
-1.435115
-1.198473
0.305344
1.427481
2.007634
3.473282
3.366412
1.862595
2.900763
0.290076
4.274809
-3.480916
-1.465649
1.473282
2.160305
5.396946
5.740458
5.824428
6.106870
3.664122
0.893130
4.557252
4.221374
6.244275
10.625955
6.419847
3.572519
-1.480916
-4.671756
0.786260
5.648855
5.358778
-1.190840
-3.053435
-5.557252
-0.717557
1.549618
3.877863
-0.916031
-3.106870
-5.175572
0.870229
4.106870
4.091603
3.419847
-1.083969
-1.770992
-1.587786
-0.381679
3.694656
3.984733
-4.480916
-3.770992
-0.267176
5.282443
3.656489
3.419847
2.068702
4.679389
4.274809
0.206107
-1.916031
-1.519084
3.694656
5.374046
1.824427
-5.732824
3.030534
7.053435
-3.801527
0.900763
3.389313
3.473282
-2.480916
-2.335878
4.083970
3.793893
0.000000
-0.954198
-0.305344
6.374046
2.480916
-0.381679
5.076336
5.656488
4.610687
1.396947
10.244275
6.404580
5.893130
9.526717
11.557252
4.343512
6.183206
7.045802
10.900764
12.183207
1.297710
11.824428
7.229008
5.274809
4.984733
7.282443
11.969465
6.022901
2.282443
2.801527
2.580153
8.267176
4.832061
1.366412
0.977099
8.129771
2.923664
-2.832061
0.664122
0.198473
-3.419847
-2.160305
4.366412
0.145038
-6.648855
-0.763359
1.656489
-5.175572
-2.389313
-0.381679
-5.557252
-0.267176
-4.786260
-5.854962
-0.145038
-0.335878
-1.839695
-4.572519
-3.198473
-0.961832
-3.259542
-5.587786
-3.175573
-2.557252
-1.152672
0.893130
0.603053
-0.931298
-1.534351
-2.625954
2.786260
-0.427481
-0.259542
-6.007634
-4.465649
0.580153
1.381679
-3.824427
-1.557252
-2.610687
-1.267176
0.633588
-3.267176
-3.961832
-2.007634
-2.412214
-3.847328
-7.969466
-3.664122
4.114504
-7.900764
-2.816794
-8.366412
-7.717557
-2.412214
-4.870229
-6.000000
-3.893130
-1.305344
-8.908397
-7.694656
-1.954198
-2.824427
-5.091603
-1.931298
-2.022901
-6.015267
-4.099236
-2.511450
-7.755725
-4.671756
-0.152672
-5.770992
-2.290076
-3.610687
0.152672
1.816794
-3.656489
-4.793893
-1.694656
2.702290
-3.648855
-6.175572
-2.824427
-4.648855
-4.709924
-2.755725
0.717557
-0.984733
-1.709924
-0.908397
1.923664
-1.526718
-5.122138
-0.946565
-7.053435
-6.854962
-4.885496
-3.702290
-2.221374
-6.717557
-1.251908
-2.427481
-1.282443
-0.343511
1.679389
0.297710
-1.488550
-5.122138
-1.351145
-5.870229
-5.312977
-1.099237
-2.198473
-5.641222
-3.389313
-0.977099
4.419847
3.656489
4.213740
3.114504
3.129771
6.122138
6.412214
10.595420
4.374046
2.419847
-0.213740
10.328244
7.389313
5.473282
7.946565
8.160305
8.473283
13.267176
13.236641
8.389313
6.816794
6.381680
6.190840
8.618320
7.198473
2.816794
7.381680
10.427481
9.251908
3.633588
4.725191
8.961832
12.450381
1.832061
8.213740
15.335877
11.488549
10.083969
6.068702
14.198473
6.519084
6.648855
5.083970
8.145039
9.290076
10.244275
8.770992
8.610687
5.656488
3.167939
7.900764
8.167939
1.427481
-2.908397
0.854962
1.007634
-4.160306
0.725191
5.206107
3.770992
-2.854962
3.534351
2.534351
-0.465649
-5.381680
-0.091603
1.519084
-7.648855
-3.114504
-2.122137
-5.778626
-1.221374
-2.450382
-4.267176
-4.717557
-6.725191
-7.900764
-9.526717
-0.343511
-4.076336
-8.786260
-8.908397
-6.587786
-6.656488
-9.290076
-8.419847
-1.717557
-6.053435
-8.458015
-7.793893
-6.748092
-5.770992
-4.480916
-13.015267
-10.557252
-5.022901
-6.320611
-10.251908
-9.534351
-6.946565
-8.229008
-9.656488
-10.603053
-11.435115
-15.396947
-10.816793
-12.244275
-9.022901
-9.702291
-9.488549
-7.351145
-12.603053
-6.709924
-8.786260
-16.030535
-3.274809
-16.167938
-5.198473
-8.061069
-6.015267
-7.175572
-8.755725
-11.603053
-7.763359
-6.519084
-5.603054
-2.519084
-5.793893
-6.931298
-8.114504
-10.358779
-9.229008
-10.618320
-5.427481
-7.816794
-7.580153
-7.954198
-8.114504
-5.076336
-6.656488
-7.251908
-2.702290
-11.809160
-4.671756
-6.877862
-3.595420
-7.786260
0.900763
-9.511451
-4.687023
-5.480916
-7.099236
-3.847328
-3.435115
-3.465649
0.106870
-2.832061
-5.290076
-5.458015
-3.312977
1.656489
-1.213740
-1.221374
-6.389313
-0.343511
-0.702290
-5.503817
-1.038168
0.206107
-0.557252
-2.106870
-3.251908
-3.061069
-1.908397
-2.236641
0.496183
2.877863
-0.763359
0.419847
-0.748092
-5.053435
-0.900763
-0.167939
5.832061
-0.351145
2.343511
1.435115
-6.381680
2.931298
2.022901
-0.412214
2.793893
0.770992
-1.740458
-0.335878
-2.938931
1.687023
2.404580
-2.290076
0.519084
2.083969
0.030534
1.671756
0.465649
-0.595420
0.229008
-2.381679
2.534351
0.572519
2.229008
-0.259542
-2.015267
1.022901
-1.938931
3.389313
-3.709924
2.496183
0.129771
-5.480916
2.221374
5.076336
-0.206107
1.526718
-6.320611
1.259542
-4.984733
-1.969466
1.389313
-1.145038
0.778626
1.290076
-0.282443
-2.213740
1.206107
-2.175573
2.290076
-2.763359
-1.198473
1.801527
4.053435
-0.587786
0.290076
0.022901
3.076336
1.282443
-2.603053
-4.030534
3.145038
2.053435
-1.900763
3.961832
0.862595
2.129771
-0.572519
-0.740458
1.870229
-3.290076
-1.580153
-2.435115
1.824427
0.671756
-3.030534
-2.083969
3.549618
1.839695
-4.435114
0.748092
3.442748
-0.076336
-1.435115
0.122137
4.633588
0.007634
-0.633588
-3.954198
3.870229
-2.229008
4.007634
-2.496183
1.213740
0.778626
-3.557252
-4.557252
-4.068702
-1.137405
-5.221374
6.938931
-0.641221
-1.877863
1.435115
2.229008
2.221374
2.557252
6.618320
8.809160
6.427481
4.946565
8.328244
6.610687
5.229008
1.801527
4.374046
4.267176
11.198473
7.862596
8.740458
7.312977
9.816793
7.824428
11.328244
10.679389
10.839695
9.679389
10.229008
14.099236
11.122137
8.679389
9.251908
13.198473
9.389313
11.229008
8.351145
11.083969
12.267176
12.442748
12.335877
11.137404
13.633588
9.648855
11.190840
7.778626
12.297709
6.954198
7.763359
10.335877
10.221375
12.152672
13.320611
9.877863
10.236641
13.312977
10.206107
12.610687
9.442748
12.465649
16.748091
9.068703
15.480916
14.106871
10.717557
10.480916
12.877863
7.847328
13.839695
14.549619
15.404580
12.496183
6.343512
15.946565
8.801527
10.412213
8.267176
18.511450
15.702291
7.229008
13.839695
15.145039
13.358779
7.473282
19.580153
9.862596
13.038168
10.916031
11.641221
12.351145
6.160306
16.793894
4.641222
15.595420
14.404580
8.847328
15.938931
11.595420
16.099237
9.496183
15.091603
12.992367
11.458015
10.030535
10.129771
15.000000
4.557252
14.000000
10.343512
18.549618
6.022901
17.564886
16.282442
6.916030
14.404580
9.022901
14.832061
18.129770
8.900764
12.122137
16.076336
8.145039
10.603053
12.083969
15.290076
14.091603
10.221375
13.633588
6.503817
16.221375
11.320611
14.641221
11.114504
10.145039
16.854961
10.526717
15.885496
9.534351
14.595420
13.458015
11.977099
9.053435
7.893130
16.015266
13.625955
13.068703
12.656488
12.793893
12.687023
13.381680
9.541985
15.450381
8.984733
11.175572
13.732824
8.916031
9.954199
10.824428
14.351145
15.541985
13.671756
13.183207
18.282442
11.236641
16.221375
11.893129
13.977099
12.740458
12.725191
14.618320
15.419847
6.610687
16.961832
12.770992
15.320611
13.335877
14.396947
11.572519
14.725191
12.732824
12.740458
11.404580
13.259542
12.015267
14.381680
10.030535
13.381680
13.862596
16.396946
15.267176
14.694656
16.206106
6.038168
12.427481
12.320611
12.435115
13.183207
15.312977
9.145039
13.061069
6.954198
10.709924
16.534351
10.458015
14.412213
17.068703
15.648855
9.519084
11.335877
12.389313
15.877863
15.404580
10.511451
13.786260
18.145039
13.160305
12.083969
12.091603
14.030535
13.603053
15.496183
16.496183
16.229008
12.465649
17.076336
14.305344
12.175572
10.946565
10.870229
14.396947
14.053435
16.725191
10.152672
13.427481
14.274809
9.610687
9.389313
13.061069
2.534351
1.083969
9.946565
6.099236
2.625954
5.702290
7.854962
2.045802
1.595420
1.335878
-0.625954
-0.511450
-3.595420
-5.404580
-6.969466
-7.083970
-6.465649
-12.091603
-7.221374
-7.862596
-5.900764
-8.633588
-11.580153
-10.412213
-13.740458
-14.183207
-9.946565
-6.763359
-10.282443
-8.717557
-10.603053
-12.778625
-13.717557
-10.702291
-6.007634
-10.351145
-12.786260
-11.473283
-15.167939
-10.877863
-12.175572
-10.366412
-5.198473
-10.259542
-10.717557
-12.190840
-13.267176
-9.435115
-7.366412
-13.480916
-6.832061
-11.877863
-9.992367
-7.717557
-12.267176
-7.854962
-12.580153
-9.725191
-11.221375
-12.389313
-11.419847
-11.320611
-11.435115
-4.396946
-13.160305
-12.175572
-10.328244
-8.549619
-8.595420
-11.496183
-6.198473
-10.152672
-7.435114
-9.007633
-8.358779
-7.160306
-9.137404
-9.656488
-10.511451
-13.328244
-7.297710
-8.694656
-13.015267
-14.129771
-12.206107
-11.969465
-8.160305
-11.458015
-10.916031
-8.519084
-10.366412
-8.068703
-9.122137
-12.282443
-8.709924
-10.496183
-6.564886
-7.305344
-9.015267
-12.793893
-8.465649
-9.114504
-9.893129
-10.625955
-8.282443
-8.183207
-10.908397
-10.045801
-10.465649
-11.351145
-10.175572
-7.656488
-10.732824
-9.091603
-9.541985
-11.473283
-8.007633
-6.229008
-8.152672
-12.931297
-10.374045
-9.297709
-9.977099
-11.450381
-7.351145
-13.709924
-12.938931
-7.763359
-7.320611
-8.229008
-8.503817
-10.770992
-10.702291
-13.816793
-7.015267
-11.083969
-9.213740
-10.076336
-10.595420
-14.458015
-10.404580
-12.244275
-7.526718
-11.000000
-13.519084
-14.404580
-10.404580
-9.946565
-8.442748
-11.229008
-11.381680
-14.167939
-9.381680
-13.213740
-8.099236
-11.312977
-11.847328
-10.068703
-5.824428
-12.938931
-8.167939
-9.503817
-6.427481
-6.748092
-3.641221
-5.694656
-13.908397
-2.877863
-6.167939
-5.068702
-4.984733
-7.992366
-4.977099
-1.763359
-10.847328
-3.290076
-3.595420
1.687023
-2.931298
2.496183
-6.198473
-3.534351
-0.687023
-4.557252
-1.129771
-5.435114
1.381679
-3.633588
-5.236641
-2.328244
-4.511450
-4.450382
-0.045802
-4.114504
-1.419847
0.625954
-2.801527
0.496183
-3.885496
1.358779
-3.511450
4.580153
-5.061069
-0.740458
0.458015
-2.587786
3.190840
-2.229008
-0.526718
-3.160305
-6.343512
-1.893130
3.007634
0.053435
-2.511450
0.229008
-0.931298
-4.618320
-3.335878
-3.381679
2.030534
3.770992
7.480916
-1.312977
4.465649
6.259542
3.702290
-0.190840
0.679389
0.030534
1.038168
4.076336
4.671756
0.885496
-0.656489
-1.351145
2.885496
4.877862
2.580153
-0.206107
-1.946565
0.839695
0.893130
3.282443
1.702290
-1.572519
1.038168
6.114504
0.992366
-3.374046
-0.458015
-3.076336
-0.900763
0.465649
0.473282
-3.824427
2.015267
1.885496
2.725191
2.496183
2.412214
-3.335878
3.297710
3.381679
-2.625954
-2.381679
-2.511450
1.145038
3.183206
4.030534
1.938931
4.259542
1.000000
-0.320611
-2.679389
-2.732824
7.000000
2.213740
-2.877863
-1.480916
-0.763359
-2.389313
0.351145
-3.839695
0.083969
-0.801527
2.641221
1.366412
2.587786
-1.083969
3.183206
4.198473
3.145038
0.664122
-1.770992
-1.328244
3.114504
-2.068702
0.893130
-0.557252
-4.297710
0.320611
-3.213740
0.083969
0.816794
0.053435
3.045802
-0.908397
0.038168
1.877863
-1.816794
3.709924
1.458015
1.969466
1.748092
2.374046
2.053435
-0.801527
1.908397
-2.694656
3.862595
-1.496183
0.725191
-2.854962
-0.755725
-1.519084
-2.977099
1.030534
0.427481
1.725191
-3.664122
2.763359
-5.519084
-1.099237
6.419847
-0.923664
-1.725191
1.190840
-3.641221
-1.641221
-1.351145
2.977099
0.099237
2.450382
2.595420
2.519084
0.030534
-5.251908
3.900763
1.083969
3.419847
4.267176
0.412214
0.954198
1.519084
2.152672
-0.465649
2.083969
1.282443
-0.954198
-1.297710
0.717557
1.900763
-0.755725
3.419847
1.007634
-1.847328
1.732824
-0.755725
-5.809160
4.244275
2.282443
1.396947
0.190840
-0.114504
-2.595420
0.137405
-5.541985
4.763359
2.465649
1.709924
3.183206
1.404580
4.580153
2.129771
-0.587786
1.664122
-2.335878
1.190840
2.480916
-0.587786
-2.610687
-0.595420
-0.763359
-1.549618
3.671756
3.778626
0.687023
4.000000
3.664122
2.297710
7.396946
0.557252
3.221374
1.412214
-0.526718
0.595420
-2.908397
-0.679389
-0.549618
1.641221
2.732824
0.763359
2.770992
4.610687
-0.862595
1.564885
1.793893
-1.465649
-1.763359
3.488550
4.122138
7.061069
3.198473
-1.793893
-2.076336
-1.000000
-0.328244
1.885496
-2.664122
4.129771
3.770992
-1.190840
-0.625954
-2.183206
-2.213740
2.091603
-1.832061
2.358779
-2.442748
0.374046
2.541985
0.870229
-1.083969
0.061069
-1.519084
2.984733
0.809160
0.167939
-1.137405
-1.106870
7.175572
1.099237
0.206107
-3.129771
5.694656
0.885496
-0.961832
-1.824427
-1.969466
6.076336
2.374046
-1.946565
-1.496183
2.679389
-0.274809
1.557252
-0.885496
-3.404580
-1.343511
0.122137
0.183206
5.335878
-0.137405
0.244275
0.473282
3.870229
-0.450382
-1.496183
-5.274809
-3.893130
2.770992
-1.610687
0.160305
0.641221
-2.954198
2.702290
-2.893130
2.404580
-2.969466
-1.564885
3.900763
-4.702290
-0.145038
-3.442748
1.221374
-3.992366
0.702290
1.496183
5.442748
2.877863
0.641221
0.091603
1.870229
4.496183
-1.335878
2.473282
0.419847
-2.221374
2.702290
2.320611
4.893130
-2.259542
0.862595
0.106870
-3.282443
0.977099
-3.312977
4.732824
0.656489
1.129771
-1.221374
-1.076336
2.221374
-3.366412
-1.290076
0.763359
-2.198473
2.709924
1.908397
-0.145038
-1.129771
-0.236641
1.412214
1.267176
6.000000
-4.694656
2.435115
0.748092
1.267176
-4.893130
3.473282
2.244275
-0.656489
3.007634
-1.625954
4.038168
-2.694656
0.946565
-3.335878
-4.229008
0.358779
-0.984733
-1.748092
0.190840
-3.664122
0.549618
-2.175573
1.229008
-3.175573
-4.564886
1.358779
1.374046
-3.809160
-0.190840
3.236641
2.656489
-1.435115
-0.442748
-6.274809
4.297710
-3.099237
3.038168
-1.152672
-4.610687
-1.221374
-4.290076
1.801527
0.610687
4.618320
-2.267176
2.442748
0.748092
0.343511
4.053435
-0.427481
-4.137404
2.679389
-3.091603
4.633588
3.297710
-1.786260
2.366412
-3.152672
-0.595420
2.587786
1.862595
-3.450382
1.809160
0.473282
-1.351145
-2.389313
-0.885496
2.282443
1.511450
-4.893130
2.992366
2.167939
-1.603053
-2.839695
-1.725191
3.259542
1.282443
1.274809
6.030534
5.198473
-1.282443
-2.793893
0.717557
1.847328
1.129771
5.473282
0.282443
-1.030534
-0.480916
-0.702290
2.480916
4.175572
-0.038168
4.755725
0.229008
4.938931
2.954198
2.000000
0.648855
2.366412
2.145038
1.770992
3.244275
2.114504
6.534351
0.664122
3.931298
4.061069
4.664122
1.664122
2.763359
2.335878
0.465649
4.122138
6.267176
1.297710
-1.007634
4.511450
-0.328244
-2.786260
3.458015
2.145038
2.068702
2.282443
-0.083969
2.809160
-1.801527
2.290076
2.786260
-2.969466
-0.748092
-2.755725
-1.923664
0.587786
-0.900763
-2.099237
-2.114504
2.526718
2.198473
3.984733
2.389313
-2.114504
2.335878
0.442748
-1.801527
-1.870229
-0.053435
-3.801527
-6.877862
-1.801527
-0.656489
-6.816794
-1.366412
0.229008
-3.740458
-1.816794
-2.679389
-3.106870
2.015267
-1.114504
-3.839695
2.847328
-2.053435
-1.603053
-2.251908
-5.297710
2.076336
-1.877863
-0.236641
-1.091603
-3.992366
3.030534
-2.473282
2.549618
-2.000000
-0.832061
-0.366412
-0.114504
-3.587786
0.030534
-3.435115
-3.770992
-2.106870
-0.450382
4.938931
-4.984733
-6.839694
3.702290
-2.419847
-6.938931
4.137404
-1.984733
-3.763359
2.549618
-0.778626
-1.007634
-4.908397
-0.847328
1.152672
1.877863
-2.519084
-5.587786
2.610687
2.870229
-0.854962
0.267176
3.045802
2.885496
-2.648855
-4.755725
0.694656
0.022901
-1.290076
-0.862595
-2.946565
-0.076336
1.541985
-0.007634
-4.076336
2.145038
1.656489
3.770992
-0.221374
-2.687023
1.465649
-3.312977
2.801527
2.328244
0.114504
-3.816794
-0.030534
4.427481
-2.076336
-2.404580
1.725191
2.114504
2.709924
-3.496183
-4.862596
3.801527
3.618321
-1.404580
1.213740
3.015267
3.000000
0.977099
5.366412
0.549618
-1.259542
-2.824427
4.007634
-2.015267
1.839695
2.541985
2.259542
5.083970
-7.229008
-3.068702
3.160305
-1.160305
1.022901
-0.335878
-3.763359
1.366412
-0.213740
-4.916030
-2.946565
-3.816794
-4.503817
-3.045802
0.633588
-3.145038
-1.603053
-3.534351
-2.931298
0.801527
-2.709924
-3.725191
0.938931
2.946565
5.022901
2.305344
8.229008
5.419847
-3.251908
2.343511
1.312977
7.251908
-4.328244
-2.122137
3.000000
-1.725191
-0.267176
-2.961832
4.519084
-5.427481
3.320611
-4.908397
0.717557
0.076336
-0.137405
-2.900763
-6.923664
2.221374
-0.022901
-4.274809
-1.137405
2.778626
-2.015267
-0.091603
5.396946
-1.748092
0.694656
0.068702
5.687023
1.190840
0.000000
0.007634
4.076336
0.175573
-0.244275
3.312977
1.389313
1.458015
-0.137405
1.541985
-2.755725
-2.458015
1.687023
2.709924
-2.114504
-4.022901
1.083969
4.351145
-1.931298
-0.687023
1.137405
2.396947
-0.160305
-2.091603
0.465649
-2.175573
-2.251908
4.938931
0.870229
4.045802
0.145038
2.580153
2.564885
4.450382
3.236641
6.167939
2.671756
6.458015
4.358778
6.091603
5.213740
6.076336
3.679389
5.702290
-1.679389
6.122138
3.816794
1.854962
4.793893
3.427481
8.061069
3.480916
11.137404
2.580153
7.893130
5.900764
3.526718
5.190840
6.297710
3.557252
3.648855
5.015267
-0.137405
8.427481
0.786260
1.083969
6.748092
-0.625954
-3.137405
0.763359
1.954198
-2.152672
0.862595
2.274809
1.977099
9.763359
0.366412
2.938931
-4.236641
1.938931
0.763359
3.404580
2.557252
0.557252
1.931298
-2.000000
5.091603
-3.167939
1.114504
4.328244
2.160305
-2.045802
-2.664122
2.419847
3.145038
3.145038
1.427481
2.595420
-0.702290
1.534351
5.320611
3.664122
0.702290
0.129771
3.687023
1.946565
0.206107
-0.603053
4.778626
-3.557252
-1.480916
-3.152672
-0.709924
-2.931298
-2.847328
-1.793893
1.755725
-4.137404
-1.122137
-5.160306
1.351145
1.000000
-3.137405
0.175573
-4.389313
2.427481
-0.717557
-3.938931
-3.473282
-0.572519
0.580153
-6.099236
-0.931298
-4.732824
-3.244275
-3.229008
-4.290076
6.419847
-3.541985
-0.893130
-4.160306
-3.717557
-7.984733
-2.061069
-5.526718
-2.251908
2.946565
-2.854962
-2.137405
1.290076
-0.282443
-1.961832
0.778626
-3.022901
-0.045802
-1.519084
-4.801527
1.083969
-9.442748
-4.038168
-4.167939
2.259542
-3.816794
2.297710
-3.213740
0.435115
-5.557252
-3.244275
1.442748
-0.633588
1.053435
2.732824
-4.725191
3.877863
0.419847
-2.740458
3.007634
0.099237
0.259542
-2.740458
3.595420
1.839695
-0.206107
3.595420
0.160305
0.946565
1.167939
-0.938931
6.251908
1.603053
7.198473
0.412214
3.091603
-0.328244
4.389313
2.961832
6.435114
2.496183
3.618321
-1.511450
1.641221
4.244275
5.106870
4.793893
3.847328
5.633588
0.969466
2.030534
1.870229
1.770992
1.343511
4.145038
6.893130
3.198473
4.465649
4.610687
2.221374
2.175573
3.045802
0.549618
-0.038168
3.351145
2.641221
5.274809
-1.038168
3.908397
4.290076
-0.206107
-1.198473
-0.198473
2.328244
2.740458
1.129771
-3.893130
1.954198
-0.251908
2.290076
3.396947
3.145038
2.389313
3.694656
-0.603053
0.290076
4.358778
1.824427
2.801527
-2.015267
-1.267176
-0.824427
-0.961832
2.923664
3.335878
-0.961832
-2.435115
-0.267176
0.473282
-1.763359
1.145038
-4.572519
4.473282
1.587786
-3.267176
-5.152672
1.267176
-1.053435
-5.488550
1.305344
-1.618321
-1.160305
-0.740458
-3.877863
-2.862595
-1.221374
-1.641221
-0.297710
-2.175573
1.427481
-2.496183
-5.022901
-1.236641
-2.900763
2.351145
-0.366412
-1.549618
-0.412214
0.145038
2.442748
-3.381679
1.755725
0.213740
1.022901
1.717557
-0.893130
-5.290076
-0.366412
1.595420
-3.465649
1.312977
-0.427481
-0.908397
0.916031
-0.931298
-2.938931
-2.702290
1.114504
-5.961832
2.839695
1.091603
-2.900763
3.412214
-3.343511
4.404580
-7.740458
1.312977
-5.564886
1.297710
3.740458
-6.862596
0.748092
1.465649
-5.519084
0.022901
5.274809
-6.198473
3.709924
-0.687023
-1.603053
-1.839695
3.488550
-2.251908
0.343511
-1.679389
1.755725
-5.458015
2.465649
-2.557252
2.000000
-4.465649
-0.404580
0.053435
-0.992366
-1.351145
-1.961832
1.190840
-5.396946
1.977099
0.618321
-5.786260
1.404580
-3.908397
2.618321
1.427481
-4.435114
-0.106870
2.259542
-6.083970
1.106870
1.885496
-3.190840
-1.839695
3.419847
-4.748092
-0.664122
4.015267
-1.740458
-5.656488
2.564885
0.664122
0.007634
-5.984733
-1.106870
-0.938931
1.625954
-4.267176
-0.656489
-0.450382
2.312977
-1.870229
-4.961832
0.732824
-3.167939
-5.328244
-0.832061
-0.557252
-3.618321
-0.091603
-3.870229
0.259542
1.839695
-2.122137
-1.458015
-4.114504
-0.862595
-4.954198
-1.900763
-1.770992
-0.610687
-3.969466
-1.801527
4.320611
-2.671756
-5.435114
-1.816794
-2.290076
-3.755725
-1.274809
-1.404580
2.198473
0.465649
-2.725191
-2.106870
-1.900763
-4.755725
0.465649
-2.007634
-2.198473
-0.496183
3.404580
4.122138
1.587786
-0.832061
4.923664
-0.061069
6.862596
0.587786
0.358779
-2.221374
0.335878
-3.183206
1.877863
-4.526718
5.045802
-0.946565
-0.122137
2.702290
-0.603053
3.320611
3.793893
3.610687
2.717557
-0.809160
4.190840
-1.274809
-2.358779
-3.351145
0.053435
-2.328244
-0.442748
3.580153
-1.305344
1.022901
-0.236641
0.618321
2.603053
2.824427
-0.045802
-2.137405
2.923664
1.198473
-1.083969
4.984733
3.610687
-1.740458
2.564885
-1.381679
3.648855
-1.389313
3.137405
3.412214
0.099237
-2.366412
4.488550
-3.526718
6.992366
-2.977099
1.580153
4.992366
-1.244275
-0.030534
4.458015
0.076336
0.045802
0.954198
4.167939
3.549618
0.122137
0.152672
-3.679389
2.061069
-0.923664
-0.267176
1.961832
4.427481
-3.900763
-1.755725
2.183206
1.717557
0.755725
1.923664
1.732824
-0.656489
-1.091603
0.488550
0.854962
-1.946565
5.152672
4.351145
1.068702
5.870229
1.061069
-4.954198
-1.221374
-0.809160
-0.557252
-1.145038
1.297710
1.427481
-0.786260
-2.007634
-0.603053
2.916031
0.320611
0.221374
3.320611
1.496183
-1.290076
2.061069
2.847328
-3.442748
3.977099
-1.847328
0.328244
0.954198
3.564885
1.656489
-0.740458
2.236641
2.854962
4.755725
-1.557252
3.007634
0.816794
1.259542
4.366412
0.931298
2.526718
-1.625954
1.770992
-1.412214
1.625954
5.267176
1.809160
0.679389
-3.885496
3.358779
2.374046
1.229008
3.977099
-0.129771
7.511450
-0.221374
7.671756
0.801527
6.824428
3.595420
3.175573
3.122137
5.267176
2.916031
3.007634
3.312977
3.419847
8.038168
7.206107
4.137404
3.541985
5.122138
9.717557
5.366412
3.160305
1.610687
5.786260
7.893130
-1.145038
4.610687
1.137405
1.587786
3.427481
1.259542
-0.923664
3.564885
6.312977
2.687023
3.106870
-1.267176
0.358779
4.374046
1.755725
4.244275
4.671756
3.541985
4.045802
4.290076
2.290076
2.862595
0.893130
-4.870229
1.465649
1.809160
-2.564885
1.801527
3.549618
-0.312977
-2.374046
1.000000
-0.427481
1.190840
-1.503817
0.847328
2.526718
-1.137405
3.213740
-2.328244
-0.312977
-2.358779
-2.564885
1.862595
-0.618321
1.465649
1.496183
0.809160
-1.503817
-5.213740
-0.122137
-3.740458
-4.519084
-2.000000
-0.061069
-1.969466
-2.458015
0.870229
-2.725191
0.778626
-1.748092
-5.847328
-2.145038
0.290076
-0.740458
-3.282443
1.549618
-3.603053
1.465649
-5.587786
3.541985
-5.656488
4.267176
-4.534351
-3.648855
0.229008
-2.839695
1.053435
-3.900763
0.877863
2.282443
-0.877863
1.847328
1.427481
0.374046
-0.503817
-3.022901
0.190840
2.465649
0.282443
1.198473
3.603053
-0.465649
-3.175573
1.076336
-2.183206
0.282443
-1.480916
-0.832061
0.656489
2.076336
1.969466
1.221374
0.916031
-1.053435
0.007634
3.000000
1.022901
4.603054
5.358778
4.679389
1.374046
2.435115
1.931298
3.679389
-2.000000
1.412214
-3.748092
-5.053435
-1.312977
3.099237
1.038168
2.106870
4.534351
-0.717557
-0.572519
-1.297710
2.267176
0.534351
-1.732824
2.480916
2.763359
2.572519
-0.916031
0.259542
-1.206107
2.633588
0.312977
-0.129771
-2.061069
0.282443
2.167939
1.832061
0.290076
-0.900763
3.312977
-2.832061
1.389313
1.282443
1.152672
2.251908
4.938931
2.854962
-1.572519
-1.977099
1.931298
0.442748
-0.694656
1.435115
-1.946565
-0.335878
-1.511450
-0.007634
-0.534351
1.778626
-1.992366
0.190840
-3.961832
2.717557
-3.908397
-1.206107
2.183206
1.442748
-0.908397
-1.167939
1.549618
-0.870229
1.870229
-2.229008
1.038168
2.625954
0.961832
2.053435
0.603053
3.000000
6.274809
1.068702
0.664122
6.801527
2.900763
7.618320
6.290076
10.038168
3.778626
4.595420
-0.885496
3.984733
2.824427
6.305344
7.954198
8.984733
5.618320
7.854962
5.458015
1.465649
1.221374
9.839695
4.282443
6.656488
6.045802
8.244275
13.824428
11.305344
5.190840
8.549619
8.076336
9.732824
6.282443
10.603053
9.557252
5.381680
7.259542
5.610687
5.984733
7.694656
4.412214
9.038168
2.862595
12.549619
2.954198
5.404580
1.770992
5.343512
4.641222
7.587786
2.129771
7.885496
6.412214
0.534351
4.137404
4.137404
6.290076
0.091603
2.083969
2.251908
3.916031
1.969466
2.816794
-0.732824
2.229008
-0.442748
7.671756
0.961832
1.778626
4.244275
1.648855
0.679389
2.053435
2.442748
-1.496183
0.450382
0.732824
4.282443
3.480916
2.755725
-2.763359
2.862595
2.877863
3.267176
-0.381679
3.167939
6.297710
0.809160
-2.969466
0.099237
4.366412
-2.908397
2.709924
-2.664122
3.824427
1.503817
-3.946565
-1.320611
-4.625954
-0.511450
-1.053435
-2.946565
-1.099237
3.717557
0.076336
2.526718
-2.114504
-2.786260
1.809160
-3.259542
-2.160305
-1.687023
0.488550
-2.763359
-2.908397
-0.793893
-0.465649
-2.045802
4.343512
-0.213740
-0.519084
0.832061
-3.671756
-0.702290
2.801527
0.389313
-0.442748
-1.732824
1.816794
3.793893
2.290076
-0.297710
1.038168
2.320611
4.488550
2.312977
1.053435
-0.572519
0.259542
3.320611
-0.297710
1.580153
1.778626
0.183206
-1.213740
0.076336
2.503817
-1.442748
-2.412214
-1.465649
1.480916
-0.473282
-2.900763
1.519084
-4.839694
1.175573
-0.366412
-1.465649
1.610687
-0.633588
-1.251908
0.526718
0.236641
4.198473
-1.832061
-0.984733
-2.213740
2.160305
2.450382
1.908397
3.389313
1.465649
-0.068702
1.465649
2.465649
-1.557252
2.022901
4.572519
0.877863
1.687023
0.061069
2.206107
-1.847328
-1.335878
-1.427481
-0.091603
3.519084
-2.557252
2.114504
0.641221
1.061069
1.282443
-0.595420
-0.938931
3.458015
-0.862595
1.664122
1.763359
-2.122137
1.206107
-0.969466
2.580153
-0.984733
3.106870
-1.320611
2.664122
-0.984733
3.450382
3.053435
0.709924
5.877862
4.282443
4.083970
6.572519
2.473282
7.068702
2.603053
5.351145
6.435114
0.229008
3.549618
6.816794
2.992366
7.152672
7.000000
4.045802
5.603054
2.580153
9.725191
-0.732824
1.045802
5.709924
0.549618
10.091603
2.610687
1.671756
4.740458
4.297710
6.832061
1.213740
-0.755725
5.977099
-0.717557
1.664122
0.099237
6.343512
2.618321
2.206107
7.259542
5.442748
4.160306
4.145038
-1.114504
3.748092
2.274809
2.305344
-4.068702
2.473282
3.221374
-1.885496
-0.290076
3.709924
3.862595
2.732824
3.091603
1.633588
0.061069
3.053435
-0.488550
1.770992
0.870229
5.061069
3.847328
-1.870229
3.282443
2.694656
4.503817
-1.923664
-1.938931
0.603053
-3.137405
-4.335878
-3.496183
2.305344
1.412214
6.709924
-0.885496
-2.740458
0.694656
1.603053
1.511450
4.748092
1.358779
-1.625954
0.809160
1.656489
2.748092
-0.419847
-3.435115
7.167939
-2.671756
2.290076
0.183206
1.496183
0.328244
4.183206
1.015267
0.534351
-3.244275
-4.335878
0.229008
-0.717557
0.458015
-0.206107
-3.320611
-5.992366
-8.458015
1.458015
-0.694656
0.160305
1.900763
2.290076
-5.526718
1.641221
2.816794
-2.061069
-5.923664
-3.931298
-2.839695
-0.099237
-3.770992
-0.190840
1.007634
-3.862595
-2.763359
-1.000000
2.320611
-4.870229
-6.580153
-1.328244
-1.343511
2.694656
-1.328244
0.648855
4.366412
5.984733
-1.847328
-3.870229
1.618321
1.000000
-0.503817
4.557252
0.908397
-3.129771
-2.381679
2.068702
2.877863
-0.458015
0.129771
-4.740458
-2.015267
0.564885
3.488550
-0.312977
-1.534351
0.511450
1.427481
1.832061
-3.083969
1.198473
-2.335878
-0.908397
1.221374
-2.862595
-3.488550
3.106870
-3.145038
-5.946565
-7.396946
1.580153
-0.641221
-10.106871
-6.961832
-5.312977
-6.328244
-2.954198
-6.916030
-11.931297
-8.648855
-5.740458
-2.503817
-4.671756
-9.847328
-6.053435
-10.809160
-6.435114
-1.381679
-2.885496
-8.923664
-12.190840
-12.938931
-9.137404
-11.435115
-7.778626
-4.603054
-3.152672
-2.145038
-5.488550
-9.175572
-10.534351
-3.839695
-4.099236
-3.717557
-5.496183
-4.900764
-3.954198
-9.099236
-8.244275
-12.083969
-14.259542
0.442748
-11.694656
-10.671756
-3.000000
-7.618320
-6.793893
-5.770992
-12.610687
-3.534351
-3.587786
-10.221375
-4.175572
-6.236641
-6.572519
-7.282443
-3.702290
-6.488550
-6.519084
-5.427481
-2.068702
-2.770992
-7.038168
-5.709924
-3.603053
-2.938931
-3.740458
-3.770992
-4.290076
-0.732824
1.885496
-5.267176
-5.480916
-5.328244
-5.954198
-2.832061
-3.030534
-0.633588
-1.931298
0.198473
-2.503817
-2.709924
-2.977099
-1.251908
0.931298
-4.091603
-2.580153
-0.106870
-6.343512
-0.099237
-1.992366
-1.496183
-5.328244
0.564885
-3.450382
-2.335878
0.519084
-0.725191
-0.961832
4.488550
-3.595420
1.175573
-1.267176
0.687023
-1.389313
1.763359
5.267176
0.748092
-6.206107
0.534351
1.916031
0.160305
-0.893130
3.961832
2.305344
-2.099237
2.694656
1.358779
-2.946565
-0.015267
3.412214
-1.641221
-0.351145
-2.740458
3.381679
-2.480916
2.633588
1.534351
3.183206
-3.763359
-2.885496
2.320611
-4.053435
5.427481
-5.099236
4.190840
-4.129771
-3.183206
-3.343511
2.595420
-6.290076
0.969466
1.335878
-4.923664
0.786260
-0.862595
-1.564885
-0.778626
-1.366412
-1.862595
-4.916030
-1.473282
0.053435
-3.358779
2.977099
-0.977099
-2.656489
2.221374
-3.198473
3.030534
0.679389
-4.442748
-0.610687
-2.358779
-2.938931
-7.259542
-2.702290
5.625954
-5.183206
-7.786260
-0.671756
-3.778626
-8.740458
0.900763
-9.488549
-2.748092
-5.175572
-10.580153
-0.236641
-8.809160
-5.610687
-4.557252
-13.786260
-8.328244
-7.229008
-1.671756
-6.366412
-3.641221
-8.480916
-5.427481
-10.717557
-0.618321
-5.129771
-9.312977
-13.641221
-1.977099
-4.854962
-9.267176
-12.183207
-3.916031
-5.946565
-9.656488
-4.793893
-3.885496
-4.702290
-14.068703
-4.473282
-4.580153
-2.297710
-8.129771
-12.465649
-6.679389
-10.786260
-11.938931
-3.870229
-2.839695
-9.450381
-8.992367
-4.557252
-0.664122
-8.740458
-2.564885
-7.679389
-10.633588
-7.000000
-1.427481
-3.938931
-4.137404
-10.152672
-13.000000
-13.366412
-7.709924
-11.755725
-9.961832
-5.938931
-10.511451
-5.671756
-7.702290
-11.305344
-9.419847
-8.580153
-6.778626
-13.442748
-3.328244
-6.954198
-11.786260
-8.206107
-5.396946
-6.030534
-6.480916
-4.312977
-3.641221
-9.351145
-4.229008
-5.549618
-0.015267
-2.061069
-3.893130
2.274809
1.847328
5.167939
1.206107
0.557252
6.534351
0.770992
5.977099
3.389313
5.541985
2.450382
3.816794
1.564885
-1.992366
3.816794
0.618321
1.083969
0.282443
3.847328
0.198473
-0.160305
-0.687023
-1.274809
-3.213740
0.106870
-0.488550
0.778626
-2.435115
0.832061
-2.236641
0.351145
-2.396947
1.656489
-5.473282
-0.931298
-0.778626
-0.946565
-0.175573
1.541985
-4.091603
1.160305
2.351145
-0.847328
-6.145038
-4.610687
2.664122
5.328244
1.160305
-0.076336
3.312977
0.992366
-1.259542
5.709924
7.618320
-2.328244
2.633588
-2.587786
3.534351
-2.748092
4.213740
-4.137404
2.167939
1.862595
7.114504
-3.160305
1.167939
0.770992
-1.992366
2.122137
0.656489
1.625954
-2.045802
0.053435
-1.824427
4.564886
1.984733
6.778626
1.503817
1.480916
-3.038168
-4.297710
-5.595420
-3.969466
-0.351145
-0.022901
1.519084
-3.343511
3.251908
1.473282
-1.541985
4.618320
-1.305344
3.389313
6.694656
-5.519084
2.862595
-1.389313
-3.022901
8.068703
-5.160306
6.175572
-0.061069
2.969466
-0.465649
6.656488
6.992366
-3.442748
7.870229
-4.908397
4.763359
-3.175573
1.503817
3.366412
2.755725
8.916031
-4.679389
7.580153
1.091603
2.213740
12.083969
-0.694656
3.381679
0.000000
6.099236
-3.282443
3.381679
1.687023
-0.015267
6.282443
-1.427481
2.694656
0.793893
0.366412
0.045802
0.877863
4.030534
1.519084
2.358779
1.465649
1.206107
1.335878
0.633588
4.305344
5.221374
-1.343511
-1.442748
0.717557
0.022901
3.389313
-0.290076
0.763359
-0.274809
-0.954198
1.244275
-3.160305
0.450382
0.717557
-0.175573
0.251908
-0.946565
-0.625954
-5.351145
-3.458015
-7.312977
-5.381680
-6.404580
-5.351145
-7.022901
-3.511450
-4.610687
-9.122137
-4.274809
-4.175572
-3.068702
-5.900764
-6.022901
-6.793893
-7.312977
-2.541985
-7.320611
-8.122137
-7.145038
-3.687023
-4.709924
-4.480916
-6.412214
-7.580153
-5.740458
-4.633588
-3.816794
-4.251908
-9.473283
-4.908397
-8.251908
-6.381680
-7.442748
-5.679389
-0.618321
-9.625955
-7.610687
-7.160306
-4.229008
-1.664122
-1.908397
-0.748092
-3.671756
-4.290076
-4.809160
-5.786260
-3.175573
-0.847328
-1.809160
-3.366412
-4.106870
-1.213740
-1.389313
0.961832
3.274809
-0.175573
-0.809160
-2.282443
-2.045802
-4.641222
-0.664122
3.916031
2.908397
0.290076
4.343512
0.160305
0.938931
1.488550
2.038168
2.145038
0.679389
0.419847
1.221374
0.183206
0.603053
-0.862595
3.381679
4.320611
3.809160
-0.824427
0.129771
3.038168
4.702290
0.099237
1.977099
2.946565
3.335878
3.564885
0.351145
1.732824
1.763359
2.519084
1.709924
-0.992366
0.816794
4.625954
2.549618
-1.022901
2.091603
5.671756
1.534351
-0.412214
0.404580
2.595420
-3.167939
0.259542
4.236641
-0.412214
-1.251908
0.206107
1.664122
1.755725
4.610687
5.725191
3.251908
3.648855
4.267176
5.267176
9.366412
8.442748
6.236641
6.549618
4.984733
9.671756
6.396946
5.442748
10.099236
5.877862
4.656488
11.099236
7.854962
10.175572
9.824428
2.458015
5.290076
6.320611
9.503817
10.274809
11.259542
13.198473
12.572519
14.267176
7.503817
9.809160
2.030534
3.839695
5.183206
3.450382
3.160305
2.671756
8.396947
-2.610687
1.625954
4.625954
1.748092
-0.335878
7.404580
3.297710
-2.656489
-0.114504
-2.496183
0.389313
-4.045802
0.725191
-2.671756
-4.480916
5.824428
-2.916031
3.389313
4.343512
-7.175572
-0.725191
1.335878
-5.358778
7.709924
-1.534351
3.977099
3.572519
-5.351145
0.946565
-1.755725
-5.923664
8.190840
-3.671756
6.038168
-7.900764
4.251908
-3.396947
1.816794
5.038168
3.099237
-1.022901
-6.267176
0.694656
-1.274809
4.580153
-2.251908
-0.236641
-4.664122
7.236641
0.083969
4.335878
-5.167939
2.603053
-0.809160
4.221374
-4.068702
-0.351145
-1.748092
3.000000
4.541985
-5.938931
5.145038
-3.297710
3.145038
-4.137404
3.900763
-2.603053
2.717557
-5.648855
2.076336
2.572519
-4.297710
2.091603
-0.374046
4.778626
-4.335878
5.358778
-0.603053
0.358779
-3.465649
7.480916
-1.244275
0.374046
-1.496183
-1.160305
2.992366
-4.557252
-1.916031
-1.732824
-1.854962
2.404580
-3.183206
0.007634
-4.251908
1.221374
1.786260
-3.954198
-0.709924
-1.824427
2.328244
-4.358778
3.129771
-6.198473
0.610687
-4.183206
6.007634
-5.114504
3.679389
-2.450382
4.496183
0.381679
-0.786260
0.190840
-1.664122
-0.152672
-0.229008
-1.114504
3.541985
-0.061069
-0.450382
-1.885496
-2.908397
0.206107
0.290076
-1.083969
1.885496
-1.137405
-1.893130
-2.473282
-2.076336
2.473282
-0.328244
-0.335878
1.984733
0.748092
-0.671756
0.816794
-0.496183
-1.633588
-0.778626
-2.893130
1.893130
-1.770992
-3.007634
-0.412214
-1.870229
-0.832061
-0.503817
-1.000000
-1.900763
-2.770992
0.396947
1.030534
-0.534351
-4.923664
3.099237
-1.167939
-1.022901
0.610687
-1.496183
3.984733
-3.053435
-1.244275
-1.961832
-0.618321
4.809160
-4.106870
2.198473
4.404580
-0.213740
0.786260
-0.328244
-3.839695
1.832061
-0.419847
4.679389
5.190840
-0.160305
4.106870
-3.755725
1.770992
3.732824
0.229008
-2.099237
1.595420
0.259542
2.893130
-6.175572
-1.664122
-2.633588
-1.610687
7.290076
1.885496
1.694656
1.656489
0.900763
-1.389313
3.450382
2.778626
3.847328
-0.145038
-0.549618
3.244275
5.259542
-0.885496
-0.045802
-0.236641
-3.267176
2.007634
1.931298
1.221374
1.229008
2.465649
0.160305
2.916031
4.732824
-2.511450
-0.725191
2.412214
7.618320
0.595420
-0.282443
-0.442748
3.633588
3.793893
1.618321
0.549618
2.526718
0.488550
-3.152672
-4.083970
4.480916
3.374046
-1.404580
2.671756
0.877863
-2.664122
-1.290076
-0.328244
1.404580
-2.854962
3.916031
-5.099236
0.251908
-1.091603
1.511450
3.007634
0.992366
-0.007634
0.862595
1.946565
-0.877863
-2.045802
3.648855
4.786260
4.290076
-4.496183
1.045802
1.992366
5.053435
-1.625954
-2.045802
-0.175573
5.526718
0.732824
-0.687023
-2.786260
2.160305
-2.564885
1.419847
-1.534351
-1.137405
-1.633588
5.786260
-1.740458
0.106870
2.427481
-1.282443
5.259542
4.839694
-3.763359
1.045802
-4.328244
-1.694656
-1.045802
1.450382
-0.045802
-0.969466
-2.145038
3.664122
2.488550
-0.587786
0.564885
-2.198473
2.145038
-3.106870
-2.198473
2.290076
-4.152672
-3.167939
1.954198
3.793893
5.267176
-2.465649
-5.061069
1.923664
-0.480916
1.099237
1.900763
7.488550
7.961832
2.404580
-2.755725
2.893130
2.511450
-0.503817
2.183206
0.175573
2.847328
-3.290076
-2.488550
4.748092
-1.610687
-1.007634
1.969466
1.832061
3.267176
1.244275
-1.625954
0.694656
4.351145
1.977099
1.656489
2.114504
2.022901
5.190840
-1.564885
-1.389313
1.961832
-0.946565
0.572519
-1.022901
1.656489
-1.442748
2.190840
0.175573
-3.549618
-1.320611
-4.992366
4.267176
-4.198473
-3.725191
1.801527
4.610687
-1.083969
-2.832061
0.748092
1.167939
3.526718
4.862596
-1.442748
0.122137
1.053435
3.938931
3.030534
1.633588
-0.488550
0.320611
-1.236641
-4.091603
-2.381679
0.549618
-0.335878
0.053435
4.297710
-0.053435
1.045802
1.778626
4.320611
0.603053
-1.748092
1.251908
2.366412
0.885496
-2.335878
-1.656489
-2.977099
-2.160305
2.847328
0.824427
2.427481
-0.152672
2.030534
1.519084
-0.946565
3.839695
0.213740
1.984733
2.229008
0.778626
0.816794
-0.229008
1.709924
-2.900763
-1.946565
-3.595420
4.213740
2.633588
0.045802
2.465649
-1.374046
2.091603
-0.595420
1.038168
-0.404580
2.381679
-1.000000
-2.496183
2.946565
-0.099237
-3.213740
0.725191
0.908397
3.648855
5.419847
0.183206
1.083969
-2.671756
-1.305344
-2.503817
-1.015267
-0.190840
2.564885
3.679389
1.717557
0.541985
4.496183
1.519084
0.541985
3.396947
2.297710
3.160305
-1.045802
3.022901
1.519084
-1.175573
1.251908
-2.129771
-1.900763
2.328244
0.687023
-3.473282
-1.687023
-1.328244
-2.068702
0.465649
-1.961832
-3.832061
-1.946565
-5.534351
-6.053435
-3.633588
-4.320611
-3.816794
-3.687023
-1.938931
-5.374046
-7.755725
-9.564885
-2.030534
-0.473282
-2.305344
-2.519084
1.549618
0.801527
1.122137
1.091603
4.335878
2.732824
8.351145
3.511450
4.450382
6.564886
12.335877
9.312977
12.320611
14.061069
6.000000
8.900764
9.427481
8.992367
8.320611
1.854962
4.618320
6.923664
4.664122
2.030534
0.564885
4.946565
-2.160305
3.282443
-0.488550
0.458015
-2.122137
2.198473
-2.335878
0.740458
5.839694
-0.862595
-3.221374
-5.190840
-3.870229
-0.251908
-0.877863
-4.297710
-4.053435
-5.076336
-6.595420
1.007634
-1.473282
-4.687023
-7.328244
-0.778626
-1.015267
-2.938931
-7.358778
-7.427481
-6.679389
-3.900763
-5.793893
-3.030534
-1.198473
0.526718
-2.702290
-2.122137
-3.488550
1.007634
0.900763
-1.030534
3.038168
-2.709924
0.778626
4.366412
2.381679
-4.244275
-3.450382
1.358779
4.404580
-3.809160
1.549618
-1.114504
3.870229
2.022901
-0.343511
5.213740
6.519084
1.351145
0.496183
5.282443
-1.076336
3.389313
6.839694
-0.190840
3.854962
0.381679
-1.465649
-0.854962
0.564885
1.740458
-1.076336
-0.702290
1.732824
-1.946565
1.328244
0.473282
-1.381679
1.763359
-1.702290
3.564885
-0.435115
0.656489
-3.694656
-0.312977
-6.557252
-0.648855
-6.335878
0.610687
0.015267
-2.687023
-4.763359
-2.076336
-2.748092
-3.053435
1.000000
-0.038168
1.786260
-4.229008
0.106870
2.916031
-5.450382
-0.419847
0.343511
1.320611
0.809160
0.465649
-0.740458
0.320611
2.137405
2.068702
-4.175572
1.229008
-3.335878
2.885496
-3.030534
3.488550
4.068702
0.633588
2.580153
-1.664122
-2.618321
-0.244275
-0.610687
4.351145
2.068702
-0.618321
3.106870
2.152672
1.404580
1.717557
-0.740458
2.618321
-0.641221
-0.618321
1.091603
0.068702
4.633588
8.221375
1.244275
4.534351
-2.061069
-1.938931
3.175573
3.297710
-4.129771
2.618321
6.297710
0.801527
-2.854962
0.183206
-0.015267
-0.595420
1.801527
0.534351
0.496183
-4.877862
2.465649
0.496183
0.236641
-4.908397
-2.000000
-1.106870
-7.236641
-3.038168
-0.541985
2.832061
-1.938931
-1.809160
1.854962
3.236641
-4.664122
-0.221374
1.068702
-0.847328
3.977099
-6.656488
-0.236641
1.030534
1.755725
-2.557252
4.290076
-1.419847
-0.931298
-1.389313
3.152672
-0.541985
2.709924
5.587786
0.610687
1.977099
1.053435
3.511450
0.374046
0.885496
-1.748092
1.091603
4.122138
1.213740
1.396947
3.015267
2.427481
1.007634
1.610687
4.259542
0.854962
7.496183
0.083969
-3.534351
-5.496183
0.580153
-6.389313
-0.862595
1.389313
3.305344
0.954198
1.854962
0.847328
-2.152672
0.992366
-4.694656
-3.931298
1.946565
3.664122
2.312977
0.564885
3.351145
0.351145
-1.152672
-3.770992
1.068702
-4.572519
-3.229008
-0.007634
-0.961832
1.595420
0.480916
2.106870
-1.893130
1.625954
-5.770992
0.061069
-1.961832
-0.328244
-0.801527
-1.045802
2.114504
-0.633588
5.717557
-0.610687
-0.610687
-3.114504
-0.610687
4.351145
2.977099
4.534351
4.503817
-1.870229
-0.053435
1.763359
2.190840
-1.190840
3.549618
2.877863
6.824428
-0.786260
3.244275
0.824427
-4.045802
-0.274809
-3.725191
-0.190840
-0.931298
-1.106870
0.519084
1.778626
0.145038
3.061069
0.877863
-0.198473
-5.877862
-1.465649
-1.679389
-3.541985
0.236641
0.503817
4.175572
0.038168
3.984733
-0.534351
2.312977
2.511450
-3.870229
-2.709924
-1.106870
4.122138
3.671756
1.740458
2.114504
1.732824
1.916031
3.190840
0.068702
-0.251908
-2.625954
-1.656489
-0.099237
-0.274809
-2.877863
4.229008
1.587786
0.580153
-2.946565
-2.335878
-5.763359
1.015267
0.335878
0.343511
-2.229008
1.320611
2.687023
2.076336
-0.122137
2.282443
-1.954198
2.267176
-1.358779
-2.221374
-0.893130
-4.358778
-2.145038
-2.893130
-2.954198
-1.732824
-0.496183
3.000000
1.022901
4.885496
-0.458015
-3.977099
-4.450382
-1.030534
0.648855
-3.809160
0.526718
-2.145038
1.992366
-1.206107
3.664122
1.419847
-1.687023
2.595420
-2.549618
-2.106870
-3.580153
-0.099237
3.137405
1.083969
2.595420
2.801527
2.709924
-2.099237
1.625954
-4.175572
-2.419847
-1.625954
1.015267
1.534351
2.877863
4.167939
-2.793893
0.793893
3.038168
2.091603
-1.557252
-2.244275
-1.175573
-1.587786
3.160305
5.251908
2.732824
3.068702
6.954198
1.893130
-1.900763
-2.671756
-0.404580
0.770992
0.519084
1.610687
2.206107
0.061069
1.396947
2.694656
-2.244275
-1.442748
0.473282
0.083969
4.015267
-1.610687
-1.862595
-1.969466
-2.068702
3.175573
4.358778
-0.992366
-0.442748
-2.770992
-0.335878
4.671756
0.404580
2.969466
4.145038
-2.229008
-0.763359
-0.374046
0.465649
-0.351145
-1.679389
1.274809
-2.541985
0.076336
-1.969466
0.297710
-0.083969
0.526718
0.221374
1.610687
-4.137404
-0.549618
-6.358778
-0.984733
-1.297710
2.152672
1.305344
-3.389313
-0.145038
2.007634
-3.580153
1.702290
0.404580
3.954198
-4.099236
4.229008
-3.793893
-3.106870
2.183206
0.816794
2.587786
-2.053435
-0.770992
-0.625954
-0.526718
-1.984733
2.664122
0.099237
-5.580153
4.358778
-0.801527
0.503817
-1.152672
-1.847328
-2.770992
1.740458
-1.595420
0.503817
1.938931
0.877863
-3.427481
2.450382
2.755725
-0.603053
-1.396947
-0.221374
1.366412
-1.732824
0.732824
-5.328244
1.381679
-3.778626
1.541985
1.923664
-0.290076
-3.274809
1.366412
2.099237
3.198473
1.099237
-1.641221
1.419847
-2.625954
0.045802
2.938931
-0.351145
0.282443
1.358779
-5.770992
1.282443
0.167939
-3.832061
0.938931
2.129771
-6.274809
2.534351
-0.442748
-3.137405
-0.198473
0.381679
4.068702
-1.595420
1.381679
3.633588
4.099236
3.969466
0.793893
-0.022901
3.366412
5.320611
2.389313
-1.862595
0.564885
-3.015267
1.305344
4.381680
6.366412
3.290076
4.679389
2.854962
1.053435
-1.305344
-1.175573
2.946565
2.137405
2.282443
2.152672
-0.320611
3.335878
-1.740458
3.259542
1.595420
2.343511
4.366412
4.496183
7.946565
5.030534
4.480916
2.587786
3.328244
4.083970
-0.061069
3.763359
3.091603
1.557252
2.770992
4.305344
4.053435
4.022901
2.671756
2.854962
0.114504
1.083969
0.664122
4.000000
1.916031
-0.068702
7.519084
3.893130
1.053435
4.198473
-0.175573
0.854962
1.152672
4.664122
2.961832
1.770992
3.732824
3.083969
5.229008
2.679389
4.450382
-1.824427
7.099236
0.389313
0.633588
0.549618
6.603054
1.145038
3.908397
6.480916
4.595420
0.129771
4.435114
-1.877863
-0.534351
-1.427481
4.664122
4.183206
-1.557252
-3.022901
1.816794
5.885496
2.099237
-1.656489
0.038168
6.702290
-3.007634
-3.870229
3.877863
5.778626
-3.328244
-3.221374
1.450382
5.923664
-5.053435
-8.259542
2.007634
4.732824
-2.053435
-0.931298
1.580153
5.083970
-4.862596
1.679389
5.458015
-3.465649
-3.580153
1.137405
5.740458
0.603053
-6.778626
1.068702
-2.946565
3.938931
2.435115
-4.664122
-5.992366
2.389313
2.702290
-6.068702
-3.167939
3.938931
-5.282443
0.923664
5.832061
1.282443
-6.717557
-3.312977
5.679389
-0.732824
-5.694656
4.015267
0.358779
3.129771
-3.312977
-3.847328
0.740458
1.435115
-3.007634
1.625954
-0.419847
-4.694656
-1.526718
-5.343512
6.129771
-0.183206
-1.908397
4.603054
2.954198
-5.145038
3.931298
-4.816794
5.938931
-2.488550
4.618320
4.381680
-1.091603
3.320611
-2.351145
5.229008
-3.839695
-3.824427
0.938931
-3.152672
3.809160
-2.984733
-1.427481
7.160306
-5.251908
2.030534
4.282443
-2.435115
4.778626
-1.312977
-4.503817
2.320611
6.396946
-3.839695
-2.091603
2.824427
0.358779
-6.893130
-2.351145
-1.045802
7.068702
-1.709924
-3.160305
2.496183
3.297710
-2.099237
5.129771
3.206107
6.137404
3.809160
-5.763359
4.206107
-4.312977
2.526718
1.000000
-4.618320
3.145038
-4.954198
3.152672
-0.496183
1.374046
5.259542
-3.893130
8.343512
1.839695
0.862595
0.847328
-2.198473
3.175573
-3.335878
-0.122137
2.946565
4.694656
-1.725191
2.679389
-5.709924
5.740458
-2.068702
-3.908397
4.969466
-5.572519
5.358778
-2.526718
0.206107
-4.541985
3.648855
-0.587786
-4.885496
1.534351
1.213740
0.206107
-2.251908
0.450382
-1.977099
-3.442748
0.854962
-0.167939
-0.618321
1.465649
-3.404580
1.992366
-0.625954
-2.381679
-4.992366
0.603053
-2.068702
1.343511
2.114504
-1.793893
2.587786
2.274809
-1.648855
0.404580
-2.412214
1.572519
0.526718
0.557252
0.938931
-3.206107
1.045802
1.335878
-4.519084
1.671756
1.473282
0.068702
1.885496
1.229008
0.190840
-4.633588
-0.740458
-4.633588
2.954198
4.908397
2.450382
-2.740458
2.717557
-0.595420
-0.068702
1.679389
-0.977099
3.114504
-1.030534
-2.687023
5.358778
-1.366412
3.916031
3.473282
-5.824428
-0.709924
5.801527
-2.274809
-0.832061
3.778626
-1.122137
0.534351
5.496183
1.053435
0.824427
-2.900763
2.862595
0.732824
-0.106870
4.137404
-0.335878
-1.045802
3.129771
-3.030534
1.053435
2.480916
-3.839695
-1.625954
2.877863
-1.435115
-1.900763
2.122137
2.427481
-5.274809
2.152672
1.671756
-4.267176
1.923664
0.740458
1.503817
3.213740
-2.992366
5.839694
-3.053435
-1.083969
1.251908
-1.290076
2.656489
-1.030534
5.305344
1.526718
0.198473
6.671756
0.351145
4.099236
6.763359
-0.038168
4.809160
1.900763
5.641222
0.900763
6.343512
-0.068702
3.694656
8.145039
1.366412
6.389313
5.076336
3.977099
10.343512
3.167939
7.129771
0.267176
7.526718
1.022901
9.435115
1.328244
11.305344
4.259542
7.977099
3.755725
5.709924
2.648855
5.961832
1.297710
6.679389
6.671756
-2.122137
4.129771
6.625954
6.358778
4.496183
2.671756
1.129771
2.076336
3.763359
0.137405
3.175573
2.534351
4.809160
2.083969
1.992366
5.511450
-0.374046
1.824427
5.076336
-4.198473
1.213740
-0.778626
1.969466
-0.343511
5.900764
-3.755725
2.908397
-2.160305
4.282443
0.480916
3.847328
-1.236641
0.801527
-4.809160
1.374046
0.129771
6.389313
-7.129771
-2.053435
3.824427
-4.496183
0.648855
-0.396947
-0.305344
3.320611
-8.167939
-1.916031
-2.419847
0.419847
-1.618321
-4.916030
2.106870
-3.198473
3.725191
-6.061069
-1.862595
-3.106870
-3.038168
-1.045802
-5.106870
2.717557
-2.732824
3.709924
-6.679389
-0.068702
-4.404580
-3.580153
1.931298
1.122137
-6.282443
-2.893130
-1.603053
-3.816794
1.389313
-7.801527
1.305344
-4.656488
-2.687023
-4.977099
-1.557252
-5.190840
-6.045802
-1.687023
-5.007634
-0.557252
-5.778626
-0.984733
-7.167939
-2.679389
-7.748092
0.992366
-3.778626
-1.809160
-4.534351
-3.908397
-0.816794
-9.106871
-0.610687
-6.694656
2.854962
-6.740458
-2.671756
-7.885496
0.564885
-5.190840
1.129771
-1.312977
-2.946565
-8.290076
0.030534
-3.068702
-0.282443
-7.335878
1.694656
-4.290076
-0.564885
-1.549618
-4.290076
-2.725191
-0.931298
-1.679389
-1.244275
-2.358779
-1.923664
-2.793893
-3.106870
0.954198
-1.061069
2.916031
-2.244275
1.045802
-5.519084
-1.007634
-4.748092
3.259542
-1.969466
-0.839695
2.503817
1.167939
2.557252
-1.458015
0.603053
1.488550
-1.114504
-5.595420
1.190840
-3.916031
5.534351
-3.129771
0.343511
-0.290076
-0.732824
-0.160305
2.366412
-3.717557
0.083969
-4.908397
1.641221
2.755725
-2.549618
-2.641221
5.122138
0.412214
-4.061069
1.992366
1.641221
-1.358779
2.679389
3.770992
0.839695
0.198473
-0.725191
0.145038
-1.290076
0.610687
2.175573
-2.824427
6.244275
0.908397
0.190840
-3.282443
2.145038
-0.259542
5.114504
-1.648855
4.145038
-1.175573
-0.335878
1.679389
-2.396947
0.671756
-2.816794
1.709924
1.229008
1.450382
2.419847
-0.091603
2.954198
-0.106870
-0.366412
2.236641
-1.740458
0.755725
2.641221
0.824427
3.251908
-3.458015
1.908397
-0.328244
-0.435115
-0.450382
0.625954
1.977099
-1.923664
-0.854962
1.045802
2.938931
3.000000
2.946565
1.877863
0.076336
-2.106870
1.274809
2.267176
-4.000000
1.847328
-0.007634
